"","stake","date","name","buy","sell","total"
"1","1309台達化","110/09/09","美林",154,26,128
"2","1309台達化","110/09/09","兆豐證券",0,169,-169
"3","1309台達化","110/09/09","元大-東港",33,0,33
"4","1309台達化","110/09/09","元大證券",4,110,-106
"5","1309台達化","110/09/09","元大-竹山",30,2,28
"6","1309台達化","110/09/09","台灣摩根士丹利",0,63,-63
"7","1309台達化","110/09/09","元富-緯城",21,0,21
"8","1309台達化","110/09/09","凱基-松山",0,42,-42
"9","1309台達化","110/09/09","兆豐-台南",20,1,19
"10","1309台達化","110/09/09","新光",4,29,-25
"11","1309台達化","110/09/09","台新-左楠",17,0,17
"12","1309台達化","110/09/09","台灣企銀",0,23,-23
"13","1309台達化","110/09/09","瑞士信貸",22,7,15
"14","1309台達化","110/09/09","康和-台北",0,20,-20
"15","1309台達化","110/09/09","凱基-台北",87,73,14
"16","1309台達化","110/09/09","凱基-南崁",0,20,-20
"17","1309台達化","110/09/09","群益金鼎-天母",12,0,12
"18","1309台達化","110/09/09","元富-大昌",0,15,-15
"19","1309台達化","110/09/09","元大-沙鹿",12,0,12
"20","1309台達化","110/09/09","國票-中港",1,15,-14
"21","1309台達化","110/09/09","合庫證券",11,0,11
"22","1309台達化","110/09/09","中國信託-高雄",0,13,-13
"23","1309台達化","110/09/09","元富-台南",10,0,10
"24","1309台達化","110/09/09","兆豐-岡山",0,12,-12
"25","1309台達化","110/09/09","康和-石牌",10,0,10
"26","1309台達化","110/09/09","富邦-仁愛",9,21,-12
"27","1309台達化","110/09/09","群益金鼎-民權",10,0,10
"28","1309台達化","110/09/09","元大-新盛",2,12,-10
"29","1309台達化","110/09/09","元大-彰化民生",10,0,10
"30","1309台達化","110/09/09","日盛證券",1,10,-9
"31","1312國喬","110/09/09","土銀-南港",240,0,240
"32","1312國喬","110/09/09","香港上海匯豐",0,554,-554
"33","1312國喬","110/09/09","台新-中壢",200,0,200
"34","1312國喬","110/09/09","永豐金證券",112,594,-482
"35","1312國喬","110/09/09","凱基-台北",328,146,182
"36","1312國喬","110/09/09","元大-豐原",0,360,-360
"37","1312國喬","110/09/09","華南永昌-鳳山",170,0,170
"38","1312國喬","110/09/09","元富-大裕",3,170,-167
"39","1312國喬","110/09/09","元大-新莊",103,0,103
"40","1312國喬","110/09/09","美林",13,138,-125
"41","1312國喬","110/09/09","港商野村",138,62,76
"42","1312國喬","110/09/09","台灣摩根士丹利",25,135,-110
"43","1312國喬","110/09/09","台灣匯立證券",62,0,62
"44","1312國喬","110/09/09","台新-松江",0,50,-50
"45","1312國喬","110/09/09","摩根大通",149,96,53
"46","1312國喬","110/09/09","永豐金-復興",0,50,-50
"47","1312國喬","110/09/09","元富-緯城",50,0,50
"48","1312國喬","110/09/09","瑞士信貸",0,44,-44
"49","1312國喬","110/09/09","凱基-三重",52,4,48
"50","1312國喬","110/09/09","富邦-桃園",2,40,-38
"51","1312國喬","110/09/09","群益金鼎-民權",52,7,45
"52","1312國喬","110/09/09","美商高盛",4,36,-32
"53","1312國喬","110/09/09","日盛證券",40,0,40
"54","1312國喬","110/09/09","元大-鳳中",0,24,-24
"55","1312國喬","110/09/09","元大證券",92,53,39
"56","1312國喬","110/09/09","元大-小港",6,30,-24
"57","1312國喬","110/09/09","統一",38,0,38
"58","1312國喬","110/09/09","台新證券",9,31,-22
"59","1312國喬","110/09/09","凱基-宜蘭",38,0,38
"60","1312國喬","110/09/09","元大-大安",0,22,-22
"61","3702大聯大","110/09/09","美林",486,40,446
"62","3702大聯大","110/09/09","富邦證券",0,500,-500
"63","3702大聯大","110/09/09","台灣摩根士丹利",288,18,270
"64","3702大聯大","110/09/09","美商高盛",96,385,-289
"65","3702大聯大","110/09/09","摩根大通",386,147,239
"66","3702大聯大","110/09/09","瑞士信貸",38,309,-271
"67","3702大聯大","110/09/09","中國信託",129,0,129
"68","3702大聯大","110/09/09","元大-向上",1,175,-174
"69","3702大聯大","110/09/09","凱基-台南",100,0,100
"70","3702大聯大","110/09/09","元富",27,200,-173
"71","3702大聯大","110/09/09","凱基-台北",174,102,72
"72","3702大聯大","110/09/09","新加坡商瑞銀",24,61,-37
"73","3702大聯大","110/09/09","港商野村",39,7,32
"74","3702大聯大","110/09/09","法銀巴黎",0,35,-35
"75","3702大聯大","110/09/09","元大證券",43,12,31
"76","3702大聯大","110/09/09","香港上海匯豐",16,47,-31
"77","3702大聯大","110/09/09","兆豐-小港",25,0,25
"78","3702大聯大","110/09/09","花旗環球",0,21,-21
"79","3702大聯大","110/09/09","元大-西門",24,0,24
"80","3702大聯大","110/09/09","元大-文心興安",0,17,-17
"81","3702大聯大","110/09/09","元大-新莊",20,0,20
"82","3702大聯大","110/09/09","日盛-和美",0,10,-10
"83","3702大聯大","110/09/09","日盛-樹林",15,0,15
"84","3702大聯大","110/09/09","凱基-和平",0,10,-10
"85","3702大聯大","110/09/09","玉山-城中",13,0,13
"86","3702大聯大","110/09/09","永豐金-板新",0,10,-10
"87","3702大聯大","110/09/09","新光-高雄",14,3,11
"88","3702大聯大","110/09/09","群益金鼎-土城",0,9,-9
"89","3702大聯大","110/09/09","統一-內湖",10,0,10
"90","3702大聯大","110/09/09","國泰-忠孝",0,8,-8
"91","2417圓剛","110/09/09","新加坡商瑞銀",163,1,162
"92","2417圓剛","110/09/09","凱基-台北",385,766,-381
"93","2417圓剛","110/09/09","群益金鼎-新竹",153,24,129
"94","2417圓剛","110/09/09","元大-中壢",212,561,-349
"95","2417圓剛","110/09/09","花旗環球",122,2,120
"96","2417圓剛","110/09/09","元富",3,344,-341
"97","2417圓剛","110/09/09","華南永昌-林口",83,18,65
"98","2417圓剛","110/09/09","元富-永和",2,244,-242
"99","2417圓剛","110/09/09","元富-潮州",69,8,61
"100","2417圓剛","110/09/09","台灣摩根士丹利",0,157,-157
"101","2417圓剛","110/09/09","日盛-木柵",90,36,54
"102","2417圓剛","110/09/09","美林",52,154,-102
"103","2417圓剛","110/09/09","元大-花蓮",168,115,53
"104","2417圓剛","110/09/09","美商高盛",46,141,-95
"105","2417圓剛","110/09/09","台灣企銀",53,1,52
"106","2417圓剛","110/09/09","永豐金證券",11,102,-91
"107","2417圓剛","110/09/09","永豐金-豐原",54,2,52
"108","2417圓剛","110/09/09","群益金鼎-台北",6,61,-55
"109","2417圓剛","110/09/09","聯邦商銀",51,1,50
"110","2417圓剛","110/09/09","統一-金門",1,50,-49
"111","2417圓剛","110/09/09","元大-屏東民生",65,20,45
"112","2417圓剛","110/09/09","凱基-內湖",3,50,-47
"113","2417圓剛","110/09/09","群益金鼎-高雄",75,31,44
"114","2417圓剛","110/09/09","日盛-士林",17,58,-41
"115","2417圓剛","110/09/09","永豐金-嘉義",48,4,44
"116","2417圓剛","110/09/09","台新-松江",45,83,-38
"117","2417圓剛","110/09/09","華南永昌-台中",61,18,43
"118","2417圓剛","110/09/09","統一-平鎮",2,39,-37
"119","2417圓剛","110/09/09","合庫-彰化",46,4,42
"120","2417圓剛","110/09/09","合庫-台中",2,38,-36
"121","9919康那香","110/09/09","台新-台中",559,243,316
"122","9919康那香","110/09/09","統一",201,890,-689
"123","9919康那香","110/09/09","玉山證券",271,116,155
"124","9919康那香","110/09/09","康和",265,811,-546
"125","9919康那香","110/09/09","華南永昌-彰化",252,139,113
"126","9919康那香","110/09/09","華南永昌-高雄",176,665,-489
"127","9919康那香","110/09/09","元大-大甲",114,36,78
"128","9919康那香","110/09/09","元大證券",188,542,-354
"129","9919康那香","110/09/09","中國信託-松江",135,58,77
"130","9919康那香","110/09/09","元富",18,356,-338
"131","9919康那香","110/09/09","台新證券",721,647,74
"132","9919康那香","110/09/09","日盛-三重",4,204,-200
"133","9919康那香","110/09/09","凱基-中山",140,68,72
"134","9919康那香","110/09/09","凱基-內湖",15,208,-193
"135","9919康那香","110/09/09","富邦-竹北",137,66,71
"136","9919康那香","110/09/09","永豐金證券",30,205,-175
"137","9919康那香","110/09/09","國泰-板橋",243,177,66
"138","9919康那香","110/09/09","國票-博愛",6,152,-146
"139","9919康那香","110/09/09","永豐金-板盛",248,182,66
"140","9919康那香","110/09/09","統一-三重",23,165,-142
"141","9919康那香","110/09/09","臺銀-鳳山",110,45,65
"142","9919康那香","110/09/09","華南永昌-南京",19,145,-126
"143","9919康那香","110/09/09","凱基-台北",1979,1914,65
"144","9919康那香","110/09/09","富邦-仁愛",173,299,-126
"145","9919康那香","110/09/09","第一金-嘉義",68,4,64
"146","9919康那香","110/09/09","富邦-高雄",146,261,-115
"147","9919康那香","110/09/09","玉山-高雄",78,19,59
"148","9919康那香","110/09/09","元大-新竹經國",27,120,-93
"149","9919康那香","110/09/09","台新-高雄",239,181,58
"150","9919康那香","110/09/09","凱基-信義",0,88,-88
"151","2834臺企銀","110/09/09","聯邦-富強",1001,0,1001
"152","2834臺企銀","110/09/09","國票-長城",8,5000,-4992
"153","2834臺企銀","110/09/09","華南永昌",955,0,955
"154","2834臺企銀","110/09/09","摩根大通",413,4338,-3925
"155","2834臺企銀","110/09/09","凱基-台北",1237,441,796
"156","2834臺企銀","110/09/09","新加坡商瑞銀",0,3657,-3657
"157","2834臺企銀","110/09/09","玉山-台南",550,5,545
"158","2834臺企銀","110/09/09","美商高盛",212,2967,-2755
"159","2834臺企銀","110/09/09","玉山-新莊",538,4,534
"160","2834臺企銀","110/09/09","瑞士信貸",310,2161,-1851
"161","2834臺企銀","110/09/09","台新證券",467,14,453
"162","2834臺企銀","110/09/09","台灣摩根士丹利",40,1367,-1327
"163","2834臺企銀","110/09/09","元大-桃園",432,10,422
"164","2834臺企銀","110/09/09","法銀巴黎",0,1028,-1028
"165","2834臺企銀","110/09/09","元大-北投",421,0,421
"166","2834臺企銀","110/09/09","美林",1145,1911,-766
"167","2834臺企銀","110/09/09","元大-彰化",417,0,417
"168","2834臺企銀","110/09/09","台灣企銀-豐原",32,702,-670
"169","2834臺企銀","110/09/09","凱基-松山",415,0,415
"170","2834臺企銀","110/09/09","花旗環球",80,546,-466
"171","2834臺企銀","110/09/09","國泰-敦南",437,23,414
"172","2834臺企銀","110/09/09","元富-板橋",36,300,-264
"173","2834臺企銀","110/09/09","新光",406,33,373
"174","2834臺企銀","110/09/09","永豐金-板盛",8,200,-192
"175","2834臺企銀","110/09/09","光和",310,0,310
"176","2834臺企銀","110/09/09","元大-花蓮",22,200,-178
"177","2834臺企銀","110/09/09","永豐金-敦南",232,0,232
"178","2834臺企銀","110/09/09","元大-左營",17,180,-163
"179","2834臺企銀","110/09/09","中國信託-永康",227,0,227
"180","2834臺企銀","110/09/09","群益金鼎-延平",19,172,-153
"181","5511德昌","110/09/09","第一金-台中",5,0,5
"182","5511德昌","110/09/09","凱基-員林",0,2,-2
"183","5511德昌","110/09/09","永豐金-彰化",2,0,2
"184","5511德昌","110/09/09","凱基-台北",0,2,-2
"185","5511德昌","110/09/09","華南永昌-大安",0,0,0
"186","5511德昌","110/09/09","元大-西螺",0,1,-1
"187","5511德昌","110/09/09","元大-西門",0,0,0
"188","5511德昌","110/09/09","元大-楊梅",0,1,-1
"189","5511德昌","110/09/09","元大-斗信",0,0,0
"190","5511德昌","110/09/09","永豐金-三重",0,1,-1
"191","5511德昌","110/09/09","",NA,NA,NA
"192","5511德昌","110/09/09","華南永昌-大安",0,0,0
"193","5511德昌","110/09/09","",NA,NA,NA
"194","5511德昌","110/09/09","元大-西門",0,0,0
"195","5511德昌","110/09/09","",NA,NA,NA
"196","5511德昌","110/09/09","元大-斗信",0,0,0
"197","5511德昌","110/09/09","",NA,NA,NA
"198","5511德昌","110/09/09","",NA,NA,NA
"199","5511德昌","110/09/09","",NA,NA,NA
"200","5511德昌","110/09/09","",NA,NA,NA
"201","5511德昌","110/09/09","",NA,NA,NA
"202","5511德昌","110/09/09","",NA,NA,NA
"203","5511德昌","110/09/09","",NA,NA,NA
"204","5511德昌","110/09/09","",NA,NA,NA
"205","5511德昌","110/09/09","",NA,NA,NA
"206","5511德昌","110/09/09","",NA,NA,NA
"207","5511德昌","110/09/09","",NA,NA,NA
"208","5511德昌","110/09/09","",NA,NA,NA
"209","5511德昌","110/09/09","",NA,NA,NA
"210","5511德昌","110/09/09","",NA,NA,NA
"211","2489瑞軒","110/09/09","豐農",100,0,100
"212","2489瑞軒","110/09/09","國泰-新莊",0,50,-50
"213","2489瑞軒","110/09/09","港商野村",104,23,81
"214","2489瑞軒","110/09/09","瑞士信貸",11,56,-45
"215","2489瑞軒","110/09/09","美林",64,6,58
"216","2489瑞軒","110/09/09","凱基-台北",99,130,-31
"217","2489瑞軒","110/09/09","兆豐-西螺",50,0,50
"218","2489瑞軒","110/09/09","合庫-台中",5,35,-30
"219","2489瑞軒","110/09/09","元大-西螺",50,0,50
"220","2489瑞軒","110/09/09","康和-台中",0,30,-30
"221","2489瑞軒","110/09/09","摩根大通",52,19,33
"222","2489瑞軒","110/09/09","光和-田中",0,27,-27
"223","2489瑞軒","110/09/09","新加坡商瑞銀",57,27,30
"224","2489瑞軒","110/09/09","合庫-台南",0,25,-25
"225","2489瑞軒","110/09/09","康和-澎湖",22,0,22
"226","2489瑞軒","110/09/09","富邦-竹東",1,26,-25
"227","2489瑞軒","110/09/09","凱基-板橋",22,1,21
"228","2489瑞軒","110/09/09","國泰-敦南",0,23,-23
"229","2489瑞軒","110/09/09","元富-西松",20,0,20
"230","2489瑞軒","110/09/09","玉山-台南",0,22,-22
"231","2489瑞軒","110/09/09","兆豐-虎尾",20,0,20
"232","2489瑞軒","110/09/09","元大-南京",0,21,-21
"233","2489瑞軒","110/09/09","台灣摩根士丹利",26,7,19
"234","2489瑞軒","110/09/09","土銀-南港",0,20,-20
"235","2489瑞軒","110/09/09","統一-新竹",18,0,18
"236","2489瑞軒","110/09/09","第一金-新興",0,20,-20
"237","2489瑞軒","110/09/09","美商高盛",28,11,17
"238","2489瑞軒","110/09/09","國票-北高雄",0,20,-20
"239","2489瑞軒","110/09/09","國票-南港",20,5,15
"240","2489瑞軒","110/09/09","元大-屏東",0,20,-20
"241","2428興勤","110/09/09","摩根大通",51,7,44
"242","2428興勤","110/09/09","國票-安和",1,38,-37
"243","2428興勤","110/09/09","美商高盛",37,0,37
"244","2428興勤","110/09/09","康和-石牌",0,10,-10
"245","2428興勤","110/09/09","宏遠證券",21,1,20
"246","2428興勤","110/09/09","永豐金證券",0,9,-9
"247","2428興勤","110/09/09","台灣摩根士丹利",17,0,17
"248","2428興勤","110/09/09","永豐金-信義",3,12,-9
"249","2428興勤","110/09/09","美林",15,0,15
"250","2428興勤","110/09/09","日盛-竹北",0,8,-8
"251","2428興勤","110/09/09","元大-新竹",10,0,10
"252","2428興勤","110/09/09","日盛-景美",0,7,-7
"253","2428興勤","110/09/09","瑞士信貸",9,0,9
"254","2428興勤","110/09/09","凱基-三重",0,7,-7
"255","2428興勤","110/09/09","新加坡商瑞銀",20,13,7
"256","2428興勤","110/09/09","新光",2,8,-6
"257","2428興勤","110/09/09","港商野村",6,0,6
"258","2428興勤","110/09/09","康和",0,5,-5
"259","2428興勤","110/09/09","日盛-頭份",5,0,5
"260","2428興勤","110/09/09","群益金鼎-古亭",0,5,-5
"261","2428興勤","110/09/09","日盛-新竹",3,0,3
"262","2428興勤","110/09/09","凱基-松山",0,5,-5
"263","2428興勤","110/09/09","元大-鳳中",3,0,3
"264","2428興勤","110/09/09","華南永昌",0,5,-5
"265","2428興勤","110/09/09","合庫-鳳山",2,0,2
"266","2428興勤","110/09/09","富邦-基隆",0,5,-5
"267","2428興勤","110/09/09","日盛-忠孝",2,0,2
"268","2428興勤","110/09/09","元大-旗山",0,5,-5
"269","2428興勤","110/09/09","國泰-敦南",2,0,2
"270","2428興勤","110/09/09","玉山-高雄",0,4,-4
"271","3176基亞","110/09/09","元大-民雄",10,0,10
"272","3176基亞","110/09/09","新光-台中",2,41,-39
"273","3176基亞","110/09/09","宏遠-館前",7,0,7
"274","3176基亞","110/09/09","群益金鼎-嘉義",0,18,-18
"275","3176基亞","110/09/09","玉山-雙和",7,0,7
"276","3176基亞","110/09/09","統一-土城",0,15,-15
"277","3176基亞","110/09/09","日盛-永康",6,0,6
"278","3176基亞","110/09/09","新加坡商瑞銀",0,14,-14
"279","3176基亞","110/09/09","統一-三多",6,0,6
"280","3176基亞","110/09/09","土銀-白河",0,10,-10
"281","3176基亞","110/09/09","元富-高雄",5,0,5
"282","3176基亞","110/09/09","宏遠-光隆",0,10,-10
"283","3176基亞","110/09/09","光和-高雄",5,0,5
"284","3176基亞","110/09/09","第一金-桃園",0,10,-10
"285","3176基亞","110/09/09","台新-新營",5,0,5
"286","3176基亞","110/09/09","富邦-仁愛",1,10,-9
"287","3176基亞","110/09/09","華南永昌-敦南",5,0,5
"288","3176基亞","110/09/09","元富-成功",0,8,-8
"289","3176基亞","110/09/09","富邦-陽明",5,0,5
"290","3176基亞","110/09/09","聯邦-富強",0,7,-7
"291","3176基亞","110/09/09","富邦-虎尾",5,0,5
"292","3176基亞","110/09/09","凱基-士林",0,7,-7
"293","3176基亞","110/09/09","元大-大統",5,0,5
"294","3176基亞","110/09/09","永豐金-竹科",0,6,-6
"295","3176基亞","110/09/09","元大-永康",5,0,5
"296","3176基亞","110/09/09","日盛-三峽",0,5,-5
"297","3176基亞","110/09/09","永豐金-北高雄",5,0,5
"298","3176基亞","110/09/09","元大-清水",0,5,-5
"299","3176基亞","110/09/09","元富-三重",4,0,4
"300","3176基亞","110/09/09","富邦-台東",0,4,-4
"301","2409友達","110/09/09","(牛牛牛)亞證券",4435,0,4435
"302","2409友達","110/09/09","美林",740,4129,-3389
"303","2409友達","110/09/09","台灣匯立證券",3854,0,3854
"304","2409友達","110/09/09","摩根大通",2819,4676,-1857
"305","2409友達","110/09/09","新加坡商瑞銀",6902,4675,2227
"306","2409友達","110/09/09","凱基-台北",1050,2714,-1664
"307","2409友達","110/09/09","台灣摩根士丹利",3494,1687,1807
"308","2409友達","110/09/09","瑞士信貸",106,1601,-1495
"309","2409友達","110/09/09","福邦證券",1025,20,1005
"310","2409友達","110/09/09","永豐金證券",29,1488,-1459
"311","2409友達","110/09/09","日盛證券",1058,76,982
"312","2409友達","110/09/09","花旗環球",11,959,-948
"313","2409友達","110/09/09","玉山證券",606,145,461
"314","2409友達","110/09/09","法銀巴黎",0,608,-608
"315","2409友達","110/09/09","富邦-嘉義",453,89,364
"316","2409友達","110/09/09","華南永昌-民權",5,509,-504
"317","2409友達","110/09/09","中國信託-嘉義",358,5,353
"318","2409友達","110/09/09","土銀-台南",13,503,-490
"319","2409友達","110/09/09","群益金鼎-鳳山",371,29,342
"320","2409友達","110/09/09","台新證券",258,656,-398
"321","2409友達","110/09/09","國票-九鼎",587,265,322
"322","2409友達","110/09/09","華南永昌-台中",5,396,-391
"323","2409友達","110/09/09","國票-安和",513,219,294
"324","2409友達","110/09/09","美商高盛",624,971,-347
"325","2409友達","110/09/09","富邦-岡山",306,25,281
"326","2409友達","110/09/09","國泰證券",8,351,-343
"327","2409友達","110/09/09","凱基-基隆",403,144,259
"328","2409友達","110/09/09","港商野村",2342,2633,-291
"329","2409友達","110/09/09","新光-桃園",628,401,227
"330","2409友達","110/09/09","元富-中原",81,316,-235
"331","1315達新","110/09/09","永豐金-高雄",8,0,8
"332","1315達新","110/09/09","美林",0,8,-8
"333","1315達新","110/09/09","兆豐-台中",5,0,5
"334","1315達新","110/09/09","永豐金證券",0,4,-4
"335","1315達新","110/09/09","台灣摩根士丹利",4,0,4
"336","1315達新","110/09/09","花旗環球",0,3,-3
"337","1315達新","110/09/09","玉山-南京東路",2,0,2
"338","1315達新","110/09/09","港商法國興業",0,2,-2
"339","1315達新","110/09/09","華南永昌",2,0,2
"340","1315達新","110/09/09","統一-城中",0,2,-2
"341","1315達新","110/09/09","元大-斗信",1,0,1
"342","1315達新","110/09/09","大慶-蘆洲",0,1,-1
"343","1315達新","110/09/09","台新證券",1,0,1
"344","1315達新","110/09/09","摩根大通",0,1,-1
"345","1315達新","110/09/09","元大-板橋三民",1,0,1
"346","1315達新","110/09/09","新光-台中",0,1,-1
"347","1315達新","110/09/09","元大-文心興安",1,0,1
"348","1315達新","110/09/09","玉山-大里",0,1,-1
"349","1315達新","110/09/09","國泰-台中",0,0,0
"350","1315達新","110/09/09","元大-林森",0,1,-1
"351","1315達新","110/09/09","元大-古亭",0,0,0
"352","1315達新","110/09/09","華南永昌-台中",0,1,-1
"353","1315達新","110/09/09","元大-鳳中",0,0,0
"354","1315達新","110/09/09","新光",0,0,0
"355","1315達新","110/09/09","元大-花蓮",0,0,0
"356","1315達新","110/09/09","元大-古亭",0,0,0
"357","1315達新","110/09/09","元大-彰化",0,0,0
"358","1315達新","110/09/09","元大-鳳中",0,0,0
"359","1315達新","110/09/09","日盛-永康",0,0,0
"360","1315達新","110/09/09","元大-花蓮",0,0,0
"361","2609陽明","110/09/09","瑞士信貸",1936,258,1678
"362","2609陽明","110/09/09","凱基-台北",1113,3762,-2649
"363","2609陽明","110/09/09","台灣摩根士丹利",1657,101,1556
"364","2609陽明","110/09/09","香港上海匯豐",0,2000,-2000
"365","2609陽明","110/09/09","新加坡商瑞銀",1597,531,1066
"366","2609陽明","110/09/09","兆豐-虎尾",6735,8557,-1822
"367","2609陽明","110/09/09","美商高盛",1084,373,711
"368","2609陽明","110/09/09","永豐金-信義",144,1229,-1085
"369","2609陽明","110/09/09","富邦-仁愛",841,137,704
"370","2609陽明","110/09/09","摩根大通",1536,2412,-876
"371","2609陽明","110/09/09","元大-頭份",729,26,703
"372","2609陽明","110/09/09","統一-仁愛",785,1403,-618
"373","2609陽明","110/09/09","群益金鼎-大安",1281,673,608
"374","2609陽明","110/09/09","元大證券",630,1194,-564
"375","2609陽明","110/09/09","永豐金證券",504,59,445
"376","2609陽明","110/09/09","兆豐-復興",23,404,-381
"377","2609陽明","110/09/09","宏遠-館前",431,18,413
"378","2609陽明","110/09/09","大慶",19,377,-358
"379","2609陽明","110/09/09","元大-樹林",528,157,371
"380","2609陽明","110/09/09","日盛-台中",36,388,-352
"381","2609陽明","110/09/09","凱基-站前",384,61,323
"382","2609陽明","110/09/09","富邦證券",2,309,-307
"383","2609陽明","110/09/09","群益金鼎-內湖",288,67,221
"384","2609陽明","110/09/09","大慶-富順",109,315,-206
"385","2609陽明","110/09/09","國票-敦北法人",726,555,171
"386","2609陽明","110/09/09","元大-士林",1070,1247,-177
"387","2609陽明","110/09/09","新光-新竹",810,660,150
"388","2609陽明","110/09/09","兆豐-寶成",44,215,-171
"389","2609陽明","110/09/09","中國信託-三重",193,55,138
"390","2609陽明","110/09/09","群益金鼎-古亭",85,243,-158
"391","2636台驊投控","110/09/09","日盛-台中",372,2,370
"392","2636台驊投控","110/09/09","瑞士信貸",140,466,-326
"393","2636台驊投控","110/09/09","美商高盛",486,281,205
"394","2636台驊投控","110/09/09","新光-新竹",32,254,-222
"395","2636台驊投控","110/09/09","永豐金-萬盛",82,2,80
"396","2636台驊投控","110/09/09","美林",271,398,-127
"397","2636台驊投控","110/09/09","凱基-松山",61,1,60
"398","2636台驊投控","110/09/09","摩根大通",241,310,-69
"399","2636台驊投控","110/09/09","新加坡商瑞銀",77,18,59
"400","2636台驊投控","110/09/09","玉山證券",13,46,-33
"401","2636台驊投控","110/09/09","第一金-桃園",72,15,57
"402","2636台驊投控","110/09/09","統一",71,102,-31
"403","2636台驊投控","110/09/09","群益金鼎-民權",45,0,45
"404","2636台驊投控","110/09/09","統一-仁愛",1,31,-30
"405","2636台驊投控","110/09/09","元大-松山",47,3,44
"406","2636台驊投控","110/09/09","兆豐-城中",5,29,-24
"407","2636台驊投控","110/09/09","華南永昌-高雄",55,14,41
"408","2636台驊投控","110/09/09","凱基-台南",8,31,-23
"409","2636台驊投控","110/09/09","大慶-蘆洲",34,3,31
"410","2636台驊投控","110/09/09","凱基-南崁",0,23,-23
"411","2636台驊投控","110/09/09","康和",52,21,31
"412","2636台驊投控","110/09/09","元大-樹林",1,23,-22
"413","2636台驊投控","110/09/09","華南永昌-三重",33,2,31
"414","2636台驊投控","110/09/09","兆豐-三民",4,25,-21
"415","2636台驊投控","110/09/09","日盛-忠孝",31,1,30
"416","2636台驊投控","110/09/09","富邦-板橋",5,26,-21
"417","2636台驊投控","110/09/09","統一-南京",28,4,24
"418","2636台驊投控","110/09/09","元大-向上",0,20,-20
"419","2636台驊投控","110/09/09","港商野村",451,430,21
"420","2636台驊投控","110/09/09","日盛-和美",13,32,-19
"421","2867三商壽","110/09/09","新光",388,5,383
"422","2867三商壽","110/09/09","元富-世貿",15,1594,-1579
"423","2867三商壽","110/09/09","元大-沙鹿",363,0,363
"424","2867三商壽","110/09/09","凱基-台北",179,510,-331
"425","2867三商壽","110/09/09","元富-佳里",280,0,280
"426","2867三商壽","110/09/09","摩根大通",4,241,-237
"427","2867三商壽","110/09/09","瑞士信貸",127,0,127
"428","2867三商壽","110/09/09","港商野村",3,166,-163
"429","2867三商壽","110/09/09","統一-平鎮",100,0,100
"430","2867三商壽","110/09/09","美商高盛",0,133,-133
"431","2867三商壽","110/09/09","國票-台南",100,0,100
"432","2867三商壽","110/09/09","美林",3,49,-46
"433","2867三商壽","110/09/09","元大-新店中正",100,0,100
"434","2867三商壽","110/09/09","元大-新竹",0,40,-40
"435","2867三商壽","110/09/09","玉山-板橋",52,0,52
"436","2867三商壽","110/09/09","花旗環球",0,37,-37
"437","2867三商壽","110/09/09","永豐金-埔里",51,0,51
"438","2867三商壽","110/09/09","宏遠-台中",1,32,-31
"439","2867三商壽","110/09/09","日盛-頭份",50,0,50
"440","2867三商壽","110/09/09","富邦-南屯",1,30,-29
"441","2867三商壽","110/09/09","康和-台中",50,0,50
"442","2867三商壽","110/09/09","港商法國興業",0,27,-27
"443","2867三商壽","110/09/09","元大-北港",50,0,50
"444","2867三商壽","110/09/09","台灣摩根士丹利",53,74,-21
"445","2867三商壽","110/09/09","國票-南京",40,0,40
"446","2867三商壽","110/09/09","群益金鼎-彰化",2,19,-17
"447","2867三商壽","110/09/09","群益金鼎-開元",40,0,40
"448","2867三商壽","110/09/09","日盛-樹林",2,16,-14
"449","2867三商壽","110/09/09","富邦-新營",40,2,38
"450","2867三商壽","110/09/09","元大證券",3,17,-14
"451","5521工信","110/09/09","台新證券",216,2,214
"452","5521工信","110/09/09","摩根大通",9,569,-560
"453","5521工信","110/09/09","元大-三重",100,0,100
"454","5521工信","110/09/09","華南永昌",15,210,-195
"455","5521工信","110/09/09","華南永昌-東昇",55,0,55
"456","5521工信","110/09/09","美商高盛",0,140,-140
"457","5521工信","110/09/09","永豐金-中正",43,0,43
"458","5521工信","110/09/09","元大證券",8,145,-137
"459","5521工信","110/09/09","元大-新莊",41,0,41
"460","5521工信","110/09/09","康和-澎湖",3,100,-97
"461","5521工信","110/09/09","土銀-高雄",40,0,40
"462","5521工信","110/09/09","瑞士信貸",0,83,-83
"463","5521工信","110/09/09","華南永昌-古亭",40,0,40
"464","5521工信","110/09/09","凱基-台北",25,99,-74
"465","5521工信","110/09/09","華南永昌-苗栗",35,0,35
"466","5521工信","110/09/09","元富",0,60,-60
"467","5521工信","110/09/09","富邦-陽明",36,6,30
"468","5521工信","110/09/09","富邦-板橋",0,60,-60
"469","5521工信","110/09/09","玉山-雙和",29,0,29
"470","5521工信","110/09/09","美林",80,117,-37
"471","5521工信","110/09/09","凱基-斗六",28,0,28
"472","5521工信","110/09/09","港商法國興業",0,36,-36
"473","5521工信","110/09/09","日進",25,0,25
"474","5521工信","110/09/09","元大-蘆洲",10,45,-35
"475","5521工信","110/09/09","元富-同大",30,5,25
"476","5521工信","110/09/09","台灣摩根士丹利",1,31,-30
"477","5521工信","110/09/09","富邦-敦南",23,0,23
"478","5521工信","110/09/09","群益金鼎-延平",0,17,-17
"479","5521工信","110/09/09","玉山-台大",20,0,20
"480","5521工信","110/09/09","永豐金證券",0,16,-16
"481","1471首利","110/09/09","凱基-八德",32,0,32
"482","1471首利","110/09/09","第一金-路竹",0,80,-80
"483","1471首利","110/09/09","台新-松江",24,0,24
"484","1471首利","110/09/09","凱基-市政",0,20,-20
"485","1471首利","110/09/09","日盛-新莊",20,0,20
"486","1471首利","110/09/09","元大-西螺",2,20,-18
"487","1471首利","110/09/09","兆豐-忠孝",20,0,20
"488","1471首利","110/09/09","港商法國興業",0,17,-17
"489","1471首利","110/09/09","元大-南屯",20,0,20
"490","1471首利","110/09/09","元大-西門",0,17,-17
"491","1471首利","110/09/09","玉山-桃園",15,0,15
"492","1471首利","110/09/09","合庫-高雄",0,15,-15
"493","1471首利","110/09/09","摩根大通",26,12,14
"494","1471首利","110/09/09","國泰-台中",0,15,-15
"495","1471首利","110/09/09","宏遠-光隆",12,0,12
"496","1471首利","110/09/09","元大-內湖",0,15,-15
"497","1471首利","110/09/09","元大-八德",12,0,12
"498","1471首利","110/09/09","元大-竹山",0,13,-13
"499","1471首利","110/09/09","合庫-基隆",10,0,10
"500","1471首利","110/09/09","元大-嘉義",0,12,-12
"501","1471首利","110/09/09","台中銀",10,0,10
"502","1471首利","110/09/09","日盛-三峽",0,10,-10
"503","1471首利","110/09/09","玉山-左營",10,0,10
"504","1471首利","110/09/09","群益金鼎-竹南",0,10,-10
"505","1471首利","110/09/09","富邦-永和",10,0,10
"506","1471首利","110/09/09","元大-鳳中",0,10,-10
"507","1471首利","110/09/09","瑞士信貸",6,0,6
"508","1471首利","110/09/09","元大-楊梅",0,10,-10
"509","1471首利","110/09/09","台新-建北",5,0,5
"510","1471首利","110/09/09","國泰-敦南",4,11,-7
"511","2883開發金","110/09/09","合庫證券",2602,286,2316
"512","2883開發金","110/09/09","國泰證券",48,5601,-5553
"513","2883開發金","110/09/09","台新證券",1877,194,1683
"514","2883開發金","110/09/09","摩根大通",506,3082,-2576
"515","2883開發金","110/09/09","花旗環球",2216,749,1467
"516","2883開發金","110/09/09","凱基-台北",709,2913,-2204
"517","2883開發金","110/09/09","瑞士信貸",1582,434,1148
"518","2883開發金","110/09/09","新加坡商瑞銀",10,1384,-1374
"519","2883開發金","110/09/09","元大-文心興安",1018,2,1016
"520","2883開發金","110/09/09","富邦-內湖",2,1000,-998
"521","2883開發金","110/09/09","永豐金-板橋",1000,1,999
"522","2883開發金","110/09/09","港商麥格理",0,640,-640
"523","2883開發金","110/09/09","國票-長城",800,10,790
"524","2883開發金","110/09/09","美林",468,931,-463
"525","2883開發金","110/09/09","港商野村",2620,1834,786
"526","2883開發金","110/09/09","法銀巴黎",1,455,-454
"527","2883開發金","110/09/09","富邦-陽明",608,5,603
"528","2883開發金","110/09/09","凱基",10,400,-390
"529","2883開發金","110/09/09","元大-大同",499,4,495
"530","2883開發金","110/09/09","台灣摩根士丹利",791,1098,-307
"531","2883開發金","110/09/09","合庫-自強",493,11,482
"532","2883開發金","110/09/09","元大-中壢",46,337,-291
"533","2883開發金","110/09/09","新光-台中",346,12,334
"534","2883開發金","110/09/09","凱基-復興",9,266,-257
"535","2883開發金","110/09/09","元大-新莊",258,10,248
"536","2883開發金","110/09/09","臺銀-臺中",13,260,-247
"537","2883開發金","110/09/09","玉山證券",300,60,240
"538","2883開發金","110/09/09","元大-大益",15,250,-235
"539","2883開發金","110/09/09","永豐金-敦南",229,0,229
"540","2883開發金","110/09/09","群益金鼎-延平",5,239,-234
"541","6205詮欣","110/09/09","富邦-內湖",20,0,20
"542","6205詮欣","110/09/09","土銀-白河",0,20,-20
"543","6205詮欣","110/09/09","摩根大通",11,0,11
"544","6205詮欣","110/09/09","元富",0,10,-10
"545","6205詮欣","110/09/09","玉山-城中",10,0,10
"546","6205詮欣","110/09/09","中國信託-忠孝",0,10,-10
"547","6205詮欣","110/09/09","華南永昌-長虹",5,0,5
"548","6205詮欣","110/09/09","凱基-台南",0,10,-10
"549","6205詮欣","110/09/09","元大-汐止",5,0,5
"550","6205詮欣","110/09/09","華南永昌-麻豆",0,7,-7
"551","6205詮欣","110/09/09","臺銀-民權",4,0,4
"552","6205詮欣","110/09/09","高橋",0,5,-5
"553","6205詮欣","110/09/09","日盛-三重",4,0,4
"554","6205詮欣","110/09/09","港商法國興業",0,4,-4
"555","6205詮欣","110/09/09","美商高盛",3,0,3
"556","6205詮欣","110/09/09","華南永昌-東昇",0,4,-4
"557","6205詮欣","110/09/09","港商野村",2,0,2
"558","6205詮欣","110/09/09","台新證券",0,3,-3
"559","6205詮欣","110/09/09","新加坡商瑞銀",2,0,2
"560","6205詮欣","110/09/09","第一金-新興",0,2,-2
"561","6205詮欣","110/09/09","華南永昌",2,0,2
"562","6205詮欣","110/09/09","兆豐-南京",0,2,-2
"563","6205詮欣","110/09/09","元大-土城學府",2,0,2
"564","6205詮欣","110/09/09","群益金鼎-潭子",0,2,-2
"565","6205詮欣","110/09/09","美林",1,0,1
"566","6205詮欣","110/09/09","華南永昌-忠孝",0,2,-2
"567","6205詮欣","110/09/09","第一金-豐原",1,0,1
"568","6205詮欣","110/09/09","富邦-永和",0,2,-2
"569","6205詮欣","110/09/09","元富-草屯",1,0,1
"570","6205詮欣","110/09/09","日盛-頭份",0,1,-1
"571","1540喬福","110/09/09","玉山-台南",30,0,30
"572","1540喬福","110/09/09","台新證券",0,14,-14
"573","1540喬福","110/09/09","元大-佳里",10,0,10
"574","1540喬福","110/09/09","日盛-文化",0,13,-13
"575","1540喬福","110/09/09","凱基-台北",6,1,5
"576","1540喬福","110/09/09","元大-龍潭",0,6,-6
"577","1540喬福","110/09/09","華南永昌-林口",3,0,3
"578","1540喬福","110/09/09","元大-北港",0,5,-5
"579","1540喬福","110/09/09","元富-林園",2,0,2
"580","1540喬福","110/09/09","摩根大通",1,6,-5
"581","1540喬福","110/09/09","元富-新竹",2,0,2
"582","1540喬福","110/09/09","港商法國興業",0,4,-4
"583","1540喬福","110/09/09","群益金鼎-三民",2,0,2
"584","1540喬福","110/09/09","元大-南屯",0,3,-3
"585","1540喬福","110/09/09","元大-清水",2,0,2
"586","1540喬福","110/09/09","富邦-羅東",0,3,-3
"587","1540喬福","110/09/09","永豐金證券",2,0,2
"588","1540喬福","110/09/09","元大-鳳中",0,2,-2
"589","1540喬福","110/09/09","永豐金-員林",2,0,2
"590","1540喬福","110/09/09","群益金鼎-松山",0,2,-2
"591","1540喬福","110/09/09","統一-土城",1,0,1
"592","1540喬福","110/09/09","玉山-新竹",0,1,-1
"593","1540喬福","110/09/09","國票-安和",1,0,1
"594","1540喬福","110/09/09","兆豐-南門",0,1,-1
"595","1540喬福","110/09/09","元大-北成功",1,0,1
"596","1540喬福","110/09/09","元富",0,1,-1
"597","1540喬福","110/09/09","群益金鼎",0,0,0
"598","1540喬福","110/09/09","花旗環球",0,1,-1
"599","1540喬福","110/09/09","元大-豐原",0,0,0
"600","1540喬福","110/09/09","台灣摩根士丹利",0,1,-1
"601","2888新光金","110/09/09","華南永昌-南京",2495,46,2449
"602","2888新光金","110/09/09","凱基-台北",715,6190,-5475
"603","2888新光金","110/09/09","港商法國興業",2031,508,1523
"604","2888新光金","110/09/09","摩根大通",600,3310,-2710
"605","2888新光金","110/09/09","元富-世貿",2077,592,1485
"606","2888新光金","110/09/09","瑞士信貸",46,1930,-1884
"607","2888新光金","110/09/09","元大-苑裡",1016,2,1014
"608","2888新光金","110/09/09","法銀巴黎",0,1236,-1236
"609","2888新光金","110/09/09","永豐金-板橋",520,0,520
"610","2888新光金","110/09/09","台灣摩根士丹利",99,805,-706
"611","2888新光金","110/09/09","新加坡商瑞銀",671,207,464
"612","2888新光金","110/09/09","花旗環球",0,663,-663
"613","2888新光金","110/09/09","美林",2275,1832,443
"614","2888新光金","110/09/09","新光-台南",122,662,-540
"615","2888新光金","110/09/09","日盛-台南",409,0,409
"616","2888新光金","110/09/09","國泰-桃園",7,500,-493
"617","2888新光金","110/09/09","凱基-中山",400,0,400
"618","2888新光金","110/09/09","永豐金證券",8,411,-403
"619","2888新光金","110/09/09","(牛牛牛)亞-網路",345,0,345
"620","2888新光金","110/09/09","日盛-台中",16,389,-373
"621","2888新光金","110/09/09","新光",444,144,300
"622","2888新光金","110/09/09","群益金鼎-竹南",54,320,-266
"623","2888新光金","110/09/09","土銀-台中",282,0,282
"624","2888新光金","110/09/09","玉山-大里",0,256,-256
"625","2888新光金","110/09/09","日盛-頭份",314,60,254
"626","2888新光金","110/09/09","元富-彰化",48,277,-229
"627","2888新光金","110/09/09","兆豐-新竹",253,0,253
"628","2888新光金","110/09/09","永豐金-高雄",8,225,-217
"629","2888新光金","110/09/09","元大-新竹經國",256,14,242
"630","2888新光金","110/09/09","富邦-基隆",0,206,-206
"631","1340勝悅","110/09/09","凱基-台北",18,2,16
"632","1340勝悅","110/09/09","高橋",0,75,-75
"633","1340勝悅","110/09/09","玉山-高雄",12,0,12
"634","1340勝悅","110/09/09","聯邦-三重",0,50,-50
"635","1340勝悅","110/09/09","國泰-板橋",12,0,12
"636","1340勝悅","110/09/09","臺銀-民權",0,43,-43
"637","1340勝悅","110/09/09","群益金鼎-館前",14,2,12
"638","1340勝悅","110/09/09","日盛-龍潭",0,8,-8
"639","1340勝悅","110/09/09","國泰-敦南",15,4,11
"640","1340勝悅","110/09/09","大昌",0,8,-8
"641","1340勝悅","110/09/09","日盛-景美",10,0,10
"642","1340勝悅","110/09/09","群益金鼎-古亭",0,8,-8
"643","1340勝悅","110/09/09","群益金鼎-崇德",10,0,10
"644","1340勝悅","110/09/09","港商法國興業",0,7,-7
"645","1340勝悅","110/09/09","凱基-高雄",10,0,10
"646","1340勝悅","110/09/09","美林",0,6,-6
"647","1340勝悅","110/09/09","國泰-台南",9,0,9
"648","1340勝悅","110/09/09","大昌-樹林",0,6,-6
"649","1340勝悅","110/09/09","摩根大通",15,7,8
"650","1340勝悅","110/09/09","元大-敦南",0,6,-6
"651","1340勝悅","110/09/09","國泰-台中",7,0,7
"652","1340勝悅","110/09/09","合庫-台中",0,5,-5
"653","1340勝悅","110/09/09","元大-東蘆",6,0,6
"654","1340勝悅","110/09/09","日盛-新莊",1,6,-5
"655","1340勝悅","110/09/09","兆豐-斗南",5,0,5
"656","1340勝悅","110/09/09","元富-彰化",0,5,-5
"657","1340勝悅","110/09/09","國泰-高雄",9,4,5
"658","1340勝悅","110/09/09","永全",0,4,-4
"659","1340勝悅","110/09/09","華南永昌-高雄",9,5,4
"660","1340勝悅","110/09/09","日盛-員林",0,3,-3
"661","6246臺龍","110/09/09","群益金鼎-古亭",17,1,16
"662","6246臺龍","110/09/09","統一-土城",16,52,-36
"663","6246臺龍","110/09/09","永興",10,0,10
"664","6246臺龍","110/09/09","新光-台南",0,15,-15
"665","6246臺龍","110/09/09","元大-土城永寧",9,0,9
"666","6246臺龍","110/09/09","國泰-館前",0,9,-9
"667","6246臺龍","110/09/09","台新證券",6,0,6
"668","6246臺龍","110/09/09","元富-敦南",0,8,-8
"669","6246臺龍","110/09/09","玉山-板橋",5,0,5
"670","6246臺龍","110/09/09","元大證券",5,11,-6
"671","6246臺龍","110/09/09","凱基-台北",6,1,5
"672","6246臺龍","110/09/09","元大-新竹經國",0,5,-5
"673","6246臺龍","110/09/09","元大-大里",7,2,5
"674","6246臺龍","110/09/09","第一金-中壢",0,4,-4
"675","6246臺龍","110/09/09","凱基-三峽",4,0,4
"676","6246臺龍","110/09/09","凱基-科園",0,3,-3
"677","6246臺龍","110/09/09","富邦-竹北",7,3,4
"678","6246臺龍","110/09/09","元大-苑裡",0,2,-2
"679","6246臺龍","110/09/09","國票-新莊",3,0,3
"680","6246臺龍","110/09/09","港商野村",0,1,-1
"681","6246臺龍","110/09/09","國票-敦北法人",3,0,3
"682","6246臺龍","110/09/09","高橋-中壢",0,1,-1
"683","6246臺龍","110/09/09","元富-屏東",2,0,2
"684","6246臺龍","110/09/09","元富-板橋",0,1,-1
"685","6246臺龍","110/09/09","兆豐-忠孝",2,0,2
"686","6246臺龍","110/09/09","台新-屏東",2,3,-1
"687","6246臺龍","110/09/09","玉山-台南",2,0,2
"688","6246臺龍","110/09/09","新光-高雄",0,1,-1
"689","6246臺龍","110/09/09","國泰-敦南",2,0,2
"690","6246臺龍","110/09/09","凱基-士林",0,1,-1
"691","00715L期街口布蘭特正2","110/09/09","元大證券",5713,374,5339
"692","00715L期街口布蘭特正2","110/09/09","(牛牛牛)亞-鑫豐",15,1303,-1288
"693","00715L期街口布蘭特正2","110/09/09","永豐金證券",3226,87,3139
"694","00715L期街口布蘭特正2","110/09/09","國泰-敦南",43,971,-928
"695","00715L期街口布蘭特正2","110/09/09","元富",1881,0,1881
"696","00715L期街口布蘭特正2","110/09/09","元大-前金",0,907,-907
"697","00715L期街口布蘭特正2","110/09/09","凱基-市政",1736,35,1701
"698","00715L期街口布蘭特正2","110/09/09","新光",152,968,-816
"699","00715L期街口布蘭特正2","110/09/09","群益金鼎",1369,0,1369
"700","00715L期街口布蘭特正2","110/09/09","第一金-豐原",1,462,-461
"701","00715L期街口布蘭特正2","110/09/09","康和",1044,0,1044
"702","00715L期街口布蘭特正2","110/09/09","新光-台南",0,447,-447
"703","00715L期街口布蘭特正2","110/09/09","統一",997,0,997
"704","00715L期街口布蘭特正2","110/09/09","群益金鼎-士林",0,430,-430
"705","00715L期街口布蘭特正2","110/09/09","富邦證券",1045,50,995
"706","00715L期街口布蘭特正2","110/09/09","永豐金-新莊",0,400,-400
"707","00715L期街口布蘭特正2","110/09/09","元富-大裕",1000,10,990
"708","00715L期街口布蘭特正2","110/09/09","兆豐-台中港",0,370,-370
"709","00715L期街口布蘭特正2","110/09/09","元大-金門",650,10,640
"710","00715L期街口布蘭特正2","110/09/09","凱基-五股",0,329,-329
"711","00715L期街口布蘭特正2","110/09/09","國票-中港",500,0,500
"712","00715L期街口布蘭特正2","110/09/09","元大-萬華",0,320,-320
"713","00715L期街口布蘭特正2","110/09/09","台新-松江",500,0,500
"714","00715L期街口布蘭特正2","110/09/09","凱基-台北",171,487,-316
"715","00715L期街口布蘭特正2","110/09/09","合庫證券",812,354,458
"716","00715L期街口布蘭特正2","110/09/09","日盛-和美",0,304,-304
"717","00715L期街口布蘭特正2","110/09/09","台中銀-豐原",402,23,379
"718","00715L期街口布蘭特正2","110/09/09","統一-高雄",0,261,-261
"719","00715L期街口布蘭特正2","110/09/09","台新-台中",510,148,362
"720","00715L期街口布蘭特正2","110/09/09","富邦-新竹",0,253,-253
"721","8941關中","110/09/09","日盛-新竹",2,0,2
"722","8941關中","110/09/09","彰銀-台中",0,2,-2
"723","8941關中","110/09/09","國泰-新莊",1,0,1
"724","8941關中","110/09/09","凱基-台北",0,2,-2
"725","8941關中","110/09/09","元大-路竹",1,0,1
"726","8941關中","110/09/09","新光-台中",0,1,-1
"727","8941關中","110/09/09","元大-竹山",1,0,1
"728","8941關中","110/09/09","富邦-南屯",0,1,-1
"729","8941關中","110/09/09","元大-桃興",1,0,1
"730","8941關中","110/09/09","元富-桃園",0,0,0
"731","8941關中","110/09/09","元富-桃園",0,0,0
"732","8941關中","110/09/09","康和-板橋",0,0,0
"733","8941關中","110/09/09","康和-板橋",0,0,0
"734","8941關中","110/09/09","國泰-高雄",0,0,0
"735","8941關中","110/09/09","國泰-高雄",0,0,0
"736","8941關中","110/09/09","元大證券",0,0,0
"737","8941關中","110/09/09","元大證券",0,0,0
"738","8941關中","110/09/09","永豐金-敦北",0,0,0
"739","8941關中","110/09/09","永豐金-敦北",0,0,0
"740","8941關中","110/09/09","永豐金-南投",1,1,0
"741","8941關中","110/09/09","永豐金-南投",1,1,0
"742","8941關中","110/09/09","",NA,NA,NA
"743","8941關中","110/09/09","",NA,NA,NA
"744","8941關中","110/09/09","",NA,NA,NA
"745","8941關中","110/09/09","",NA,NA,NA
"746","8941關中","110/09/09","",NA,NA,NA
"747","8941關中","110/09/09","",NA,NA,NA
"748","8941關中","110/09/09","",NA,NA,NA
"749","8941關中","110/09/09","",NA,NA,NA
"750","8941關中","110/09/09","",NA,NA,NA
"751","8936國統","110/09/09","摩根大通",110,2,108
"752","8936國統","110/09/09","凱基-高美館",0,56,-56
"753","8936國統","110/09/09","元大-博愛",50,3,47
"754","8936國統","110/09/09","國票-博愛",0,50,-50
"755","8936國統","110/09/09","元大-東泰",51,11,40
"756","8936國統","110/09/09","永豐金-中正",0,33,-33
"757","8936國統","110/09/09","凱基-台北",58,20,38
"758","8936國統","110/09/09","永豐金-忠孝",0,20,-20
"759","8936國統","110/09/09","台新-松江",29,0,29
"760","8936國統","110/09/09","華南永昌-岡山",3,21,-18
"761","8936國統","110/09/09","港商野村",22,1,21
"762","8936國統","110/09/09","元富-信義",0,15,-15
"763","8936國統","110/09/09","兆豐-三民",21,1,20
"764","8936國統","110/09/09","台新-高雄",86,101,-15
"765","8936國統","110/09/09","兆豐-大同",10,0,10
"766","8936國統","110/09/09","華南永昌",2,17,-15
"767","8936國統","110/09/09","凱基-竹北",10,0,10
"768","8936國統","110/09/09","台灣摩根士丹利",0,13,-13
"769","8936國統","110/09/09","富邦-建國",10,0,10
"770","8936國統","110/09/09","第一金-安和",0,11,-11
"771","8936國統","110/09/09","元大-承德",10,0,10
"772","8936國統","110/09/09","台灣企銀-岡山",0,10,-10
"773","8936國統","110/09/09","元大-草屯",10,1,9
"774","8936國統","110/09/09","日盛-頭份",0,10,-10
"775","8936國統","110/09/09","群益金鼎-東門",8,0,8
"776","8936國統","110/09/09","元大-敦南",4,14,-10
"777","8936國統","110/09/09","元大-北投",8,0,8
"778","8936國統","110/09/09","永豐金-南京",0,10,-10
"779","8936國統","110/09/09","新加坡商瑞銀",41,34,7
"780","8936國統","110/09/09","華南永昌-高雄",51,60,-9
"781","6226光鼎","110/09/09","台灣摩根士丹利",255,0,255
"782","6226光鼎","110/09/09","瑞士信貸",41,418,-377
"783","6226光鼎","110/09/09","永豐金證券",100,5,95
"784","6226光鼎","110/09/09","元富-松德",1,74,-73
"785","6226光鼎","110/09/09","摩根大通",298,217,81
"786","6226光鼎","110/09/09","元富-高雄",3,63,-60
"787","6226光鼎","110/09/09","華南永昌",64,5,59
"788","6226光鼎","110/09/09","臺銀-高雄",6,64,-58
"789","6226光鼎","110/09/09","元大-仁愛",41,0,41
"790","6226光鼎","110/09/09","凱基-中港",23,69,-46
"791","6226光鼎","110/09/09","日盛-新竹",40,1,39
"792","6226光鼎","110/09/09","第一金-桃園",26,71,-45
"793","6226光鼎","110/09/09","國泰-桃園",65,27,38
"794","6226光鼎","110/09/09","第一金-自由",3,42,-39
"795","6226光鼎","110/09/09","凱基-宜蘭",32,0,32
"796","6226光鼎","110/09/09","元大-員林",11,48,-37
"797","6226光鼎","110/09/09","新光",99,69,30
"798","6226光鼎","110/09/09","元大-開元",2,34,-32
"799","6226光鼎","110/09/09","國泰-敦南",155,125,30
"800","6226光鼎","110/09/09","永豐金-竹北",0,30,-30
"801","6226光鼎","110/09/09","美商高盛",439,410,29
"802","6226光鼎","110/09/09","元大-路竹",1,30,-29
"803","6226光鼎","110/09/09","中國信託-文心",65,40,25
"804","6226光鼎","110/09/09","元富-埔里",0,28,-28
"805","6226光鼎","110/09/09","新加坡商瑞銀",152,128,24
"806","6226光鼎","110/09/09","統一-台南",0,25,-25
"807","6226光鼎","110/09/09","元大-太平",41,18,23
"808","6226光鼎","110/09/09","新光-台中",37,61,-24
"809","6226光鼎","110/09/09","統一-三重",48,28,20
"810","6226光鼎","110/09/09","富邦-敦南",25,49,-24
"811","2363矽統","110/09/09","摩根大通",1783,1411,372
"812","2363矽統","110/09/09","瑞士信貸",0,3242,-3242
"813","2363矽統","110/09/09","國票-博愛",299,75,224
"814","2363矽統","110/09/09","第一金-桃園",190,1339,-1149
"815","2363矽統","110/09/09","永豐金證券",211,20,191
"816","2363矽統","110/09/09","台灣摩根士丹利",1,563,-562
"817","2363矽統","110/09/09","國泰-敦南",1227,1089,138
"818","2363矽統","110/09/09","新加坡商瑞銀",684,1117,-433
"819","2363矽統","110/09/09","合庫-高雄",209,74,135
"820","2363矽統","110/09/09","群益金鼎-台南",27,227,-200
"821","2363矽統","110/09/09","元大-新竹經國",157,25,132
"822","2363矽統","110/09/09","兆豐-南京",10,207,-197
"823","2363矽統","110/09/09","元富-三重",216,93,123
"824","2363矽統","110/09/09","凱基-竹北",43,191,-148
"825","2363矽統","110/09/09","富邦-虎尾",437,330,107
"826","2363矽統","110/09/09","群益金鼎-大安",60,181,-121
"827","2363矽統","110/09/09","日盛-永康",127,26,101
"828","2363矽統","110/09/09","美林",1131,1240,-109
"829","2363矽統","110/09/09","兆豐-三民",270,172,98
"830","2363矽統","110/09/09","元大-龍潭",163,261,-98
"831","2363矽統","110/09/09","宏遠-台中",131,37,94
"832","2363矽統","110/09/09","台中銀-員林",23,120,-97
"833","2363矽統","110/09/09","富邦-台北",179,87,92
"834","2363矽統","110/09/09","元大-汐止",97,193,-96
"835","2363矽統","110/09/09","永豐金-南投",211,119,92
"836","2363矽統","110/09/09","凱基-長庚",52,144,-92
"837","2363矽統","110/09/09","元大-士林",109,19,90
"838","2363矽統","110/09/09","元富-成功",242,332,-90
"839","2363矽統","110/09/09","統一",269,180,89
"840","2363矽統","110/09/09","元大-敦南",30,120,-90
"841","8112至上","110/09/09","摩根大通",439,100,339
"842","8112至上","110/09/09","合庫證券",0,156,-156
"843","8112至上","110/09/09","瑞士信貸",305,0,305
"844","8112至上","110/09/09","富邦-仁愛",3,66,-63
"845","8112至上","110/09/09","美商高盛",209,0,209
"846","8112至上","110/09/09","凱基-長庚",0,54,-54
"847","8112至上","110/09/09","群益金鼎-屏東",173,2,171
"848","8112至上","110/09/09","元大-員林中山",0,51,-51
"849","8112至上","110/09/09","美林",176,33,143
"850","8112至上","110/09/09","土銀-台中",0,45,-45
"851","8112至上","110/09/09","凱基-竹科",140,1,139
"852","8112至上","110/09/09","元大-楊梅",1,45,-44
"853","8112至上","110/09/09","港商野村",71,3,68
"854","8112至上","110/09/09","中國信託-忠孝",1,36,-35
"855","8112至上","110/09/09","台新-新營",120,55,65
"856","8112至上","110/09/09","日盛-八德",0,34,-34
"857","8112至上","110/09/09","元大-萬華",40,5,35
"858","8112至上","110/09/09","元大-佳里",0,32,-32
"859","8112至上","110/09/09","新加坡商瑞銀",43,12,31
"860","8112至上","110/09/09","元大-西門",0,32,-32
"861","8112至上","110/09/09","中國信託-嘉義",40,9,31
"862","8112至上","110/09/09","日盛-板橋中山",1,32,-31
"863","8112至上","110/09/09","台灣摩根士丹利",46,16,30
"864","8112至上","110/09/09","兆豐-岡山",0,30,-30
"865","8112至上","110/09/09","中國信託",26,0,26
"866","8112至上","110/09/09","華南永昌-嘉義",0,27,-27
"867","8112至上","110/09/09","福勝",21,0,21
"868","8112至上","110/09/09","新光",15,39,-24
"869","8112至上","110/09/09","康和-仁愛",20,0,20
"870","8112至上","110/09/09","凱基-豐中",0,24,-24
"871","2929淘帝","110/09/09","摩根大通",41,0,41
"872","2929淘帝","110/09/09","永豐金-敦南",0,22,-22
"873","2929淘帝","110/09/09","兆豐-內湖",38,0,38
"874","2929淘帝","110/09/09","大昌",0,11,-11
"875","2929淘帝","110/09/09","美林",19,6,13
"876","2929淘帝","110/09/09","永豐金證券",0,10,-10
"877","2929淘帝","110/09/09","台灣摩根士丹利",12,0,12
"878","2929淘帝","110/09/09","群益金鼎-高雄",0,8,-8
"879","2929淘帝","110/09/09","新加坡商瑞銀",10,4,6
"880","2929淘帝","110/09/09","港商野村",22,29,-7
"881","2929淘帝","110/09/09","元富-大昌",5,0,5
"882","2929淘帝","110/09/09","元富-新竹",2,9,-7
"883","2929淘帝","110/09/09","台新-建北",5,0,5
"884","2929淘帝","110/09/09","日盛-員林",0,5,-5
"885","2929淘帝","110/09/09","凱基-中山",5,0,5
"886","2929淘帝","110/09/09","日盛-龍潭",0,5,-5
"887","2929淘帝","110/09/09","日盛-雙和",3,0,3
"888","2929淘帝","110/09/09","富邦-新竹",0,5,-5
"889","2929淘帝","110/09/09","元大-龍潭",3,0,3
"890","2929淘帝","110/09/09","元大-土城",0,5,-5
"891","2929淘帝","110/09/09","台新證券",2,0,2
"892","2929淘帝","110/09/09","瑞士信貸",0,4,-4
"893","2929淘帝","110/09/09","玉山-嘉義",2,0,2
"894","2929淘帝","110/09/09","港商法國興業",0,4,-4
"895","2929淘帝","110/09/09","凱基-三重",2,0,2
"896","2929淘帝","110/09/09","元大-四維",0,4,-4
"897","2929淘帝","110/09/09","凱基-永康",2,0,2
"898","2929淘帝","110/09/09","元大-左營",0,3,-3
"899","2929淘帝","110/09/09","元大-太平",2,0,2
"900","2929淘帝","110/09/09","新光",1,3,-2
"901","5410國眾","110/09/09","華南永昌-高雄",10,0,10
"902","5410國眾","110/09/09","元大-崇德",1,28,-27
"903","5410國眾","110/09/09","元大-忠孝",8,0,8
"904","5410國眾","110/09/09","美林",0,6,-6
"905","5410國眾","110/09/09","華南永昌-公誠",4,0,4
"906","5410國眾","110/09/09","元大-屏東民生",0,6,-6
"907","5410國眾","110/09/09","兆豐-竹北",3,0,3
"908","5410國眾","110/09/09","元富-嘉義",0,5,-5
"909","5410國眾","110/09/09","臺銀-臺中",2,0,2
"910","5410國眾","110/09/09","國泰-敦南",2,4,-2
"911","5410國眾","110/09/09","日盛-二林",2,0,2
"912","5410國眾","110/09/09","永豐金-板橋",0,2,-2
"913","5410國眾","110/09/09","中國信託-高雄",2,0,2
"914","5410國眾","110/09/09","日盛-雙和",0,1,-1
"915","5410國眾","110/09/09","新光",2,0,2
"916","5410國眾","110/09/09","日盛-高雄",0,1,-1
"917","5410國眾","110/09/09","玉山-新莊",2,0,2
"918","5410國眾","110/09/09","台中銀-豐原",0,1,-1
"919","5410國眾","110/09/09","華南永昌-台南",2,0,2
"920","5410國眾","110/09/09","中國信託-忠孝",0,1,-1
"921","5410國眾","110/09/09","元大-府城",2,0,2
"922","5410國眾","110/09/09","台新-中壢",1,2,-1
"923","5410國眾","110/09/09","元大-景美",2,0,2
"924","5410國眾","110/09/09","凱基-中壢",0,1,-1
"925","5410國眾","110/09/09","合庫-台中",1,0,1
"926","5410國眾","110/09/09","元大-竹科",0,1,-1
"927","5410國眾","110/09/09","亞東-新竹",1,0,1
"928","5410國眾","110/09/09","元大-南屯",0,1,-1
"929","5410國眾","110/09/09","高橋-龍潭",1,0,1
"930","5410國眾","110/09/09","永豐金-板新",0,1,-1
"931","2841台開","110/09/09","永豐金-敦南",123,6,117
"932","2841台開","110/09/09","日盛證券",12,79,-67
"933","2841台開","110/09/09","第一金-台中",40,0,40
"934","2841台開","110/09/09","元富-三重",0,61,-61
"935","2841台開","110/09/09","台新-三民",27,0,27
"936","2841台開","110/09/09","永豐金-苓雅",0,33,-33
"937","2841台開","110/09/09","宏遠-館前",20,0,20
"938","2841台開","110/09/09","土銀-高雄",0,20,-20
"939","2841台開","110/09/09","新光",17,0,17
"940","2841台開","110/09/09","大昌-安康",0,20,-20
"941","2841台開","110/09/09","華南永昌-台中",17,0,17
"942","2841台開","110/09/09","群益金鼎-延平",0,20,-20
"943","2841台開","110/09/09","元大-桃園",11,0,11
"944","2841台開","110/09/09","華南永昌-世貿",0,20,-20
"945","2841台開","110/09/09","台新證券",7,0,7
"946","2841台開","110/09/09","新加坡商瑞銀",0,15,-15
"947","2841台開","110/09/09","國泰-館前",7,0,7
"948","2841台開","110/09/09","兆豐-新營",0,15,-15
"949","2841台開","110/09/09","元大-忠孝鼎富",7,0,7
"950","2841台開","110/09/09","玉山-桃園",0,10,-10
"951","2841台開","110/09/09","合庫-台南",6,0,6
"952","2841台開","110/09/09","凱基-三重",0,10,-10
"953","2841台開","110/09/09","合庫-桃園",6,0,6
"954","2841台開","110/09/09","元大-大同",0,10,-10
"955","2841台開","110/09/09","統一-新台中",5,0,5
"956","2841台開","110/09/09","永豐金-市政",0,10,-10
"957","2841台開","110/09/09","台中銀",5,0,5
"958","2841台開","110/09/09","富邦-台南",0,7,-7
"959","2841台開","110/09/09","兆豐-嘉義",5,0,5
"960","2841台開","110/09/09","元富-大裕",0,5,-5
"961","6207雷科","110/09/09","摩根大通",23,1,22
"962","6207雷科","110/09/09","群益金鼎-三民",0,71,-71
"963","6207雷科","110/09/09","德信-和平",14,0,14
"964","6207雷科","110/09/09","元大-高雄",0,45,-45
"965","6207雷科","110/09/09","兆豐-來福",10,0,10
"966","6207雷科","110/09/09","元大-南海",3,11,-8
"967","6207雷科","110/09/09","元大-松江",10,0,10
"968","6207雷科","110/09/09","日盛-信義",0,6,-6
"969","6207雷科","110/09/09","永豐金-豐原",6,0,6
"970","6207雷科","110/09/09","玉山-台南",0,6,-6
"971","6207雷科","110/09/09","統一-敦南",5,0,5
"972","6207雷科","110/09/09","元富-新興",0,4,-4
"973","6207雷科","110/09/09","日茂-埔里",5,0,5
"974","6207雷科","110/09/09","凱基-台北",7,10,-3
"975","6207雷科","110/09/09","國票-九鼎",5,0,5
"976","6207雷科","110/09/09","第一金-新興",0,2,-2
"977","6207雷科","110/09/09","玉山-嘉義",5,0,5
"978","6207雷科","110/09/09","元富-板橋",0,2,-2
"979","6207雷科","110/09/09","凱基-台南",5,0,5
"980","6207雷科","110/09/09","新百王",0,2,-2
"981","6207雷科","110/09/09","凱基-中山",5,0,5
"982","6207雷科","110/09/09","新光-台中",0,2,-2
"983","6207雷科","110/09/09","群益金鼎-土城",4,0,4
"984","6207雷科","110/09/09","新光-桃園",0,2,-2
"985","6207雷科","110/09/09","永豐金-北高雄",4,0,4
"986","6207雷科","110/09/09","華南永昌-鳳山",0,2,-2
"987","6207雷科","110/09/09","日盛-嘉義",3,0,3
"988","6207雷科","110/09/09","元大-大同",0,2,-2
"989","6207雷科","110/09/09","兆豐-嘉義",3,0,3
"990","6207雷科","110/09/09","大慶-富順",0,1,-1
"991","3679新至陞","110/09/09","瑞士信貸",6,3,3
"992","3679新至陞","110/09/09","永豐金證券",0,5,-5
"993","3679新至陞","110/09/09","凱基-台北",5,2,3
"994","3679新至陞","110/09/09","凱基-長庚",0,3,-3
"995","3679新至陞","110/09/09","元大-花蓮",3,0,3
"996","3679新至陞","110/09/09","兆豐-三重",0,2,-2
"997","3679新至陞","110/09/09","元大-永和",3,0,3
"998","3679新至陞","110/09/09","台新-屏東",0,2,-2
"999","3679新至陞","110/09/09","元大-板橋",3,0,3
"1000","3679新至陞","110/09/09","國泰-忠孝",0,2,-2
"1001","3679新至陞","110/09/09","土銀-花蓮",1,0,1
"1002","3679新至陞","110/09/09","凱基-宜蘭",0,2,-2
"1003","3679新至陞","110/09/09","台灣摩根士丹利",1,0,1
"1004","3679新至陞","110/09/09","第一金-忠孝",0,1,-1
"1005","3679新至陞","110/09/09","富隆-長安",1,0,1
"1006","3679新至陞","110/09/09","統一-汐止",0,1,-1
"1007","3679新至陞","110/09/09","元富-新店",1,0,1
"1008","3679新至陞","110/09/09","中國信託-忠孝",0,1,-1
"1009","3679新至陞","110/09/09","兆豐-公益",1,0,1
"1010","3679新至陞","110/09/09","國票-北高雄",0,1,-1
"1011","3679新至陞","110/09/09","富邦-陽明",1,0,1
"1012","3679新至陞","110/09/09","摩根大通",1,2,-1
"1013","3679新至陞","110/09/09","富邦-新店",1,0,1
"1014","3679新至陞","110/09/09","玉山-數位",0,1,-1
"1015","3679新至陞","110/09/09","富邦-虎尾",1,0,1
"1016","3679新至陞","110/09/09","國泰-松江",0,1,-1
"1017","3679新至陞","110/09/09","元大-六合",1,0,1
"1018","3679新至陞","110/09/09","富邦-仁愛",0,1,-1
"1019","3679新至陞","110/09/09","元大-景美",1,0,1
"1020","3679新至陞","110/09/09","元大-嘉義",0,1,-1
"1021","2727王品","110/09/09","摩根大通",73,2,71
"1022","2727王品","110/09/09","永豐金證券",0,41,-41
"1023","2727王品","110/09/09","台灣摩根士丹利",73,7,66
"1024","2727王品","110/09/09","玉山-士林",0,22,-22
"1025","2727王品","110/09/09","港商野村",64,22,42
"1026","2727王品","110/09/09","日盛-屏東",0,15,-15
"1027","2727王品","110/09/09","元富-安南",30,0,30
"1028","2727王品","110/09/09","元大-成功",0,11,-11
"1029","2727王品","110/09/09","凱基-竹科",17,1,16
"1030","2727王品","110/09/09","彰銀-七賢",0,10,-10
"1031","2727王品","110/09/09","國泰證券",22,7,15
"1032","2727王品","110/09/09","新光-桃園",3,13,-10
"1033","2727王品","110/09/09","元大證券",32,17,15
"1034","2727王品","110/09/09","富邦-建國",1,11,-10
"1035","2727王品","110/09/09","永豐金-桃盛",15,0,15
"1036","2727王品","110/09/09","元大-桃園",0,10,-10
"1037","2727王品","110/09/09","美商高盛",21,8,13
"1038","2727王品","110/09/09","日盛-木柵",0,7,-7
"1039","2727王品","110/09/09","統一",15,2,13
"1040","2727王品","110/09/09","台新-高雄",0,7,-7
"1041","2727王品","110/09/09","凱基-台北",35,23,12
"1042","2727王品","110/09/09","元大-博愛",0,7,-7
"1043","2727王品","110/09/09","瑞士信貸",17,8,9
"1044","2727王品","110/09/09","元大-基隆",0,7,-7
"1045","2727王品","110/09/09","台新證券",16,7,9
"1046","2727王品","110/09/09","永豐金-市政",0,7,-7
"1047","2727王品","110/09/09","統一-桃園",10,4,6
"1048","2727王品","110/09/09","日盛-中和",0,6,-6
"1049","2727王品","110/09/09","元大-北成功",7,1,6
"1050","2727王品","110/09/09","兆豐-岡山",0,6,-6
"1051","1570力肯","110/09/09","國票-南科",31,0,31
"1052","1570力肯","110/09/09","台新證券",0,27,-27
"1053","1570力肯","110/09/09","新光",12,0,12
"1054","1570力肯","110/09/09","永豐金-北高雄",0,20,-20
"1055","1570力肯","110/09/09","富邦-新營",10,0,10
"1056","1570力肯","110/09/09","美林",0,13,-13
"1057","1570力肯","110/09/09","元大-北三重",7,0,7
"1058","1570力肯","110/09/09","大昌",0,10,-10
"1059","1570力肯","110/09/09","國票",4,0,4
"1060","1570力肯","110/09/09","元大-莒光",2,10,-8
"1061","1570力肯","110/09/09","富邦-三重",4,0,4
"1062","1570力肯","110/09/09","永豐金-屏東",0,8,-8
"1063","1570力肯","110/09/09","元大-四維",4,0,4
"1064","1570力肯","110/09/09","群益金鼎-鳳山",0,5,-5
"1065","1570力肯","110/09/09","瑞士信貸",3,0,3
"1066","1570力肯","110/09/09","富邦-陽明",0,3,-3
"1067","1570力肯","110/09/09","國泰-高雄",4,1,3
"1068","1570力肯","110/09/09","統一-南京",0,2,-2
"1069","1570力肯","110/09/09","永豐金-桃園",3,0,3
"1070","1570力肯","110/09/09","兆豐-民生",0,2,-2
"1071","1570力肯","110/09/09","日茂",2,0,2
"1072","1570力肯","110/09/09","兆豐-台南",0,1,-1
"1073","1570力肯","110/09/09","兆豐-松德",2,0,2
"1074","1570力肯","110/09/09","玉山-雙和",0,1,-1
"1075","1570力肯","110/09/09","永豐金-苓雅",2,0,2
"1076","1570力肯","110/09/09","凱基-羅東",0,1,-1
"1077","1570力肯","110/09/09","統一-三重",1,0,1
"1078","1570力肯","110/09/09","華南永昌-台南",0,1,-1
"1079","1570力肯","110/09/09","大昌-樹林",1,0,1
"1080","1570力肯","110/09/09","元大-新盛",0,1,-1
"1081","6180橘子","110/09/09","凱基-永康",21,0,21
"1082","6180橘子","110/09/09","香港上海匯豐",0,55,-55
"1083","6180橘子","110/09/09","港商野村",14,0,14
"1084","6180橘子","110/09/09","美林",0,39,-39
"1085","6180橘子","110/09/09","日盛-文化",10,0,10
"1086","6180橘子","110/09/09","彰銀-七賢",0,20,-20
"1087","6180橘子","110/09/09","國泰-敦南",11,1,10
"1088","6180橘子","110/09/09","兆豐-永和",0,20,-20
"1089","6180橘子","110/09/09","凱基-基隆",6,0,6
"1090","6180橘子","110/09/09","凱基-永和",0,12,-12
"1091","6180橘子","110/09/09","元大-中和",6,0,6
"1092","6180橘子","110/09/09","凱基-台北",15,25,-10
"1093","6180橘子","110/09/09","臺銀-民權",5,0,5
"1094","6180橘子","110/09/09","富邦-三重",0,10,-10
"1095","6180橘子","110/09/09","康和-新竹",5,0,5
"1096","6180橘子","110/09/09","永豐金-大園",0,10,-10
"1097","6180橘子","110/09/09","新光",5,0,5
"1098","6180橘子","110/09/09","新光-桃園",7,16,-9
"1099","6180橘子","110/09/09","新光-台中",7,2,5
"1100","6180橘子","110/09/09","統一-士林",0,7,-7
"1101","6180橘子","110/09/09","玉山-雙和",5,0,5
"1102","6180橘子","110/09/09","第一金-新竹",0,5,-5
"1103","6180橘子","110/09/09","群益金鼎-中港",5,0,5
"1104","6180橘子","110/09/09","群益金鼎",0,5,-5
"1105","6180橘子","110/09/09","華南永昌",5,0,5
"1106","6180橘子","110/09/09","元富-新店",0,4,-4
"1107","6180橘子","110/09/09","中國信託-忠孝",4,0,4
"1108","6180橘子","110/09/09","元富-台中",0,3,-3
"1109","6180橘子","110/09/09","台新-新莊",4,0,4
"1110","6180橘子","110/09/09","日茂",0,3,-3
"1111","2390云辰","110/09/09","統一-新台中",306,0,306
"1112","2390云辰","110/09/09","摩根大通",14,146,-132
"1113","2390云辰","110/09/09","華南永昌-中正",58,6,52
"1114","2390云辰","110/09/09","新加坡商瑞銀",3,120,-117
"1115","2390云辰","110/09/09","元富-高雄",43,1,42
"1116","2390云辰","110/09/09","美商高盛",25,121,-96
"1117","2390云辰","110/09/09","國票-桃園",31,0,31
"1118","2390云辰","110/09/09","凱基-台北",33,109,-76
"1119","2390云辰","110/09/09","群益金鼎-延平",29,0,29
"1120","2390云辰","110/09/09","華南永昌-楠梓",10,79,-69
"1121","2390云辰","110/09/09","元大-南屯",29,0,29
"1122","2390云辰","110/09/09","永豐金-南投",0,40,-40
"1123","2390云辰","110/09/09","元富-新店",26,1,25
"1124","2390云辰","110/09/09","台灣摩根士丹利",0,30,-30
"1125","2390云辰","110/09/09","華南永昌-林口",32,10,22
"1126","2390云辰","110/09/09","元大-內湖",1,30,-29
"1127","2390云辰","110/09/09","合庫-鳳山",20,0,20
"1128","2390云辰","110/09/09","永豐金-博愛",0,27,-27
"1129","2390云辰","110/09/09","第一金-豐原",20,1,19
"1130","2390云辰","110/09/09","元大-新營",3,29,-26
"1131","2390云辰","110/09/09","玉山-新莊",17,1,16
"1132","2390云辰","110/09/09","宏遠-中和",2,27,-25
"1133","2390云辰","110/09/09","華南永昌-虎尾",15,0,15
"1134","2390云辰","110/09/09","富隆-長安",0,24,-24
"1135","2390云辰","110/09/09","大慶-蘆洲",12,0,12
"1136","2390云辰","110/09/09","元大-雙和",6,30,-24
"1137","2390云辰","110/09/09","台新-高雄",12,0,12
"1138","2390云辰","110/09/09","台新-左楠",0,20,-20
"1139","2390云辰","110/09/09","元大-鹿港",14,2,12
"1140","2390云辰","110/09/09","華南永昌-大安",1,20,-19
"1141","2834臺企銀","110/09/08","凱基-台北",32669,19953,12716
"1142","2834臺企銀","110/09/08","國票-敦北法人",2,10010,-10008
"1143","2834臺企銀","110/09/08","國票-長城",3050,50,3000
"1144","2834臺企銀","110/09/08","美林",1498,4535,-3037
"1145","2834臺企銀","110/09/08","凱基-松山",1133,66,1067
"1146","2834臺企銀","110/09/08","港商麥格理",0,3008,-3008
"1147","2834臺企銀","110/09/08","聯邦-富強",901,0,901
"1148","2834臺企銀","110/09/08","瑞士信貸",869,3189,-2320
"1149","2834臺企銀","110/09/08","元大-蘆洲",836,5,831
"1150","2834臺企銀","110/09/08","國票-南港",13,1013,-1000
"1151","2834臺企銀","110/09/08","元大-民雄",624,12,612
"1152","2834臺企銀","110/09/08","台灣企銀-竹北",6,1000,-994
"1153","2834臺企銀","110/09/08","永豐金-台南",630,86,544
"1154","2834臺企銀","110/09/08","新光",437,1428,-991
"1155","2834臺企銀","110/09/08","(牛牛牛)亞-鑫豐",683,158,525
"1156","2834臺企銀","110/09/08","元大證券",14,843,-829
"1157","2834臺企銀","110/09/08","國泰-敦南",623,136,487
"1158","2834臺企銀","110/09/08","凱基-桃園",70,781,-711
"1159","2834臺企銀","110/09/08","台新證券",584,124,460
"1160","2834臺企銀","110/09/08","元大-竹南",34,658,-624
"1161","2834臺企銀","110/09/08","玉山-新莊",560,111,449
"1162","2834臺企銀","110/09/08","花旗環球",0,550,-550
"1163","2834臺企銀","110/09/08","華南永昌-嘉義",424,2,422
"1164","2834臺企銀","110/09/08","永豐金-埔里",51,568,-517
"1165","2834臺企銀","110/09/08","兆豐-忠孝",418,5,413
"1166","2834臺企銀","110/09/08","凱基-林口",213,651,-438
"1167","2834臺企銀","110/09/08","國泰-板橋",898,506,392
"1168","2834臺企銀","110/09/08","美商高盛",525,930,-405
"1169","2834臺企銀","110/09/08","元富-嘉義",354,2,352
"1170","2834臺企銀","110/09/08","群益金鼎-板橋",7,405,-398
"1171","5511德昌","110/09/08","玉山-台大",5,0,5
"1172","5511德昌","110/09/08","日盛-新竹",0,9,-9
"1173","5511德昌","110/09/08","第一金-台中",3,0,3
"1174","5511德昌","110/09/08","台中銀-豐原",0,4,-4
"1175","5511德昌","110/09/08","美商高盛",2,0,2
"1176","5511德昌","110/09/08","國泰-台中",0,4,-4
"1177","5511德昌","110/09/08","新光-高雄",2,0,2
"1178","5511德昌","110/09/08","華南永昌-內壢",0,2,-2
"1179","5511德昌","110/09/08","富邦-岡山",2,0,2
"1180","5511德昌","110/09/08","第一金-中山",0,1,-1
"1181","5511德昌","110/09/08","瑞士信貸",1,0,1
"1182","5511德昌","110/09/08","國票-九鼎",0,1,-1
"1183","5511德昌","110/09/08","元大-東蘆",1,0,1
"1184","5511德昌","110/09/08","台新-屏東",0,1,-1
"1185","5511德昌","110/09/08","元大-清水",1,0,1
"1186","5511德昌","110/09/08","元大-土城永寧",0,1,-1
"1187","5511德昌","110/09/08","富邦-台北",1,0,1
"1188","5511德昌","110/09/08","台新-台中",0,0,0
"1189","5511德昌","110/09/08","華南永昌-台中",1,0,1
"1190","5511德昌","110/09/08","玉山-數位",0,0,0
"1191","5511德昌","110/09/08","凱基-幸福",1,0,1
"1192","5511德昌","110/09/08","國泰-敦南",0,0,0
"1193","5511德昌","110/09/08","凱基-高雄",1,0,1
"1194","5511德昌","110/09/08","群益金鼎-崇德",0,0,0
"1195","5511德昌","110/09/08","玉山證券",1,0,1
"1196","5511德昌","110/09/08","凱基-台北",2,2,0
"1197","5511德昌","110/09/08","台新證券",1,0,1
"1198","5511德昌","110/09/08","元大-大益",0,0,0
"1199","5511德昌","110/09/08","群益金鼎-崇德",0,0,0
"1200","5511德昌","110/09/08","元大-忠孝",0,0,0
"1201","2489瑞軒","110/09/08","元大-斗六",245,5,240
"1202","2489瑞軒","110/09/08","凱基-台北",76,557,-481
"1203","2489瑞軒","110/09/08","凱基-桃園",91,0,91
"1204","2489瑞軒","110/09/08","瑞士信貸",8,300,-292
"1205","2489瑞軒","110/09/08","元大-內湖",72,0,72
"1206","2489瑞軒","110/09/08","元大-豐原",0,200,-200
"1207","2489瑞軒","110/09/08","華南永昌-高雄",60,0,60
"1208","2489瑞軒","110/09/08","港商野村",38,179,-141
"1209","2489瑞軒","110/09/08","華南永昌",59,0,59
"1210","2489瑞軒","110/09/08","台灣摩根士丹利",10,145,-135
"1211","2489瑞軒","110/09/08","合庫-台南",58,0,58
"1212","2489瑞軒","110/09/08","美商高盛",3,138,-135
"1213","2489瑞軒","110/09/08","合庫-台中",55,0,55
"1214","2489瑞軒","110/09/08","香港上海匯豐",0,100,-100
"1215","2489瑞軒","110/09/08","凱基-文心",50,8,42
"1216","2489瑞軒","110/09/08","永豐金-板盛",0,100,-100
"1217","2489瑞軒","110/09/08","群益金鼎-南京",37,0,37
"1218","2489瑞軒","110/09/08","摩根大通",151,246,-95
"1219","2489瑞軒","110/09/08","統一-桃園",35,0,35
"1220","2489瑞軒","110/09/08","元大證券",10,83,-73
"1221","2489瑞軒","110/09/08","華南永昌-虎尾",36,1,35
"1222","2489瑞軒","110/09/08","美林",109,173,-64
"1223","2489瑞軒","110/09/08","富邦-仁愛",35,0,35
"1224","2489瑞軒","110/09/08","元大-大同",11,75,-64
"1225","2489瑞軒","110/09/08","元大-台南",34,0,34
"1226","2489瑞軒","110/09/08","國票",7,69,-62
"1227","2489瑞軒","110/09/08","群益金鼎-崇德",33,0,33
"1228","2489瑞軒","110/09/08","中國信託-嘉義",0,60,-60
"1229","2489瑞軒","110/09/08","元大-清水",33,0,33
"1230","2489瑞軒","110/09/08","元大-民雄",0,50,-50
"1231","2428興勤","110/09/08","摩根大通",43,24,19
"1232","2428興勤","110/09/08","國票-安和",1,55,-54
"1233","2428興勤","110/09/08","凱基-台北",34,15,19
"1234","2428興勤","110/09/08","永豐金-信義",1,33,-32
"1235","2428興勤","110/09/08","新加坡商瑞銀",21,6,15
"1236","2428興勤","110/09/08","香港上海匯豐",0,28,-28
"1237","2428興勤","110/09/08","台灣摩根士丹利",19,6,13
"1238","2428興勤","110/09/08","中國信託",0,23,-23
"1239","2428興勤","110/09/08","元富-城東",13,0,13
"1240","2428興勤","110/09/08","凱基-市府",0,19,-19
"1241","2428興勤","110/09/08","凱基-鳳山",10,1,9
"1242","2428興勤","110/09/08","元大證券",2,14,-12
"1243","2428興勤","110/09/08","美商高盛",20,12,8
"1244","2428興勤","110/09/08","國票-博愛",0,11,-11
"1245","2428興勤","110/09/08","元富-緯城",9,1,8
"1246","2428興勤","110/09/08","新光-台南",1,12,-11
"1247","2428興勤","110/09/08","康和-內湖",8,0,8
"1248","2428興勤","110/09/08","合庫-自強",0,10,-10
"1249","2428興勤","110/09/08","臺銀-民權",7,0,7
"1250","2428興勤","110/09/08","富邦-敦南",0,7,-7
"1251","2428興勤","110/09/08","群益金鼎-屏東",10,3,7
"1252","2428興勤","110/09/08","元大-大雅",0,6,-6
"1253","2428興勤","110/09/08","富邦-高雄",7,0,7
"1254","2428興勤","110/09/08","凱基-中港",1,6,-5
"1255","2428興勤","110/09/08","港商野村",13,7,6
"1256","2428興勤","110/09/08","永興",0,4,-4
"1257","2428興勤","110/09/08","新光",8,2,6
"1258","2428興勤","110/09/08","群益金鼎-土城",0,4,-4
"1259","2428興勤","110/09/08","凱基-三重",6,0,6
"1260","2428興勤","110/09/08","凱基-中山",0,4,-4
"1261","3176基亞","110/09/08","統一-仁愛",58,0,58
"1262","3176基亞","110/09/08","新加坡商瑞銀",14,43,-29
"1263","3176基亞","110/09/08","富邦-台北",11,0,11
"1264","3176基亞","110/09/08","元大-南京",2,25,-23
"1265","3176基亞","110/09/08","元大-和平",10,0,10
"1266","3176基亞","110/09/08","第一金-新興",0,20,-20
"1267","3176基亞","110/09/08","國泰-敦南",9,1,8
"1268","3176基亞","110/09/08","摩根大通",1,19,-18
"1269","3176基亞","110/09/08","元大-路竹",10,2,8
"1270","3176基亞","110/09/08","新光",3,21,-18
"1271","3176基亞","110/09/08","元大-新竹經國",7,0,7
"1272","3176基亞","110/09/08","美商高盛",1,17,-16
"1273","3176基亞","110/09/08","日盛-文化",6,0,6
"1274","3176基亞","110/09/08","第一金-台中",0,16,-16
"1275","3176基亞","110/09/08","元大證券",6,0,6
"1276","3176基亞","110/09/08","凱基-屏東",0,15,-15
"1277","3176基亞","110/09/08","統一-基隆",5,0,5
"1278","3176基亞","110/09/08","第一金-路竹",0,12,-12
"1279","3176基亞","110/09/08","大昌-新店",5,0,5
"1280","3176基亞","110/09/08","富邦-新店",1,12,-11
"1281","3176基亞","110/09/08","凱基-中壢",5,0,5
"1282","3176基亞","110/09/08","宏遠-館前",0,10,-10
"1283","3176基亞","110/09/08","華南永昌-三重",5,0,5
"1284","3176基亞","110/09/08","台新-左楠",0,10,-10
"1285","3176基亞","110/09/08","元大-土城永寧",5,0,5
"1286","3176基亞","110/09/08","元大-松江",0,10,-10
"1287","3176基亞","110/09/08","合庫-鳳山",4,0,4
"1288","3176基亞","110/09/08","富邦-員林",3,12,-9
"1289","3176基亞","110/09/08","致和證券",4,0,4
"1290","3176基亞","110/09/08","永豐金-中壢",0,8,-8
"1291","2409友達","110/09/08","玉山證券",9286,169,9117
"1292","2409友達","110/09/08","瑞士信貸",247,5798,-5551
"1293","2409友達","110/09/08","永豐金證券",7987,183,7804
"1294","2409友達","110/09/08","美林",3248,6260,-3012
"1295","2409友達","110/09/08","摩根大通",10674,5233,5441
"1296","2409友達","110/09/08","港商野村",880,3790,-2910
"1297","2409友達","110/09/08","美商高盛",4361,2004,2357
"1298","2409友達","110/09/08","台灣匯立證券",0,2625,-2625
"1299","2409友達","110/09/08","港商麥格理",1547,438,1109
"1300","2409友達","110/09/08","台灣摩根士丹利",278,2251,-1973
"1301","2409友達","110/09/08","凱基-復興",641,34,607
"1302","2409友達","110/09/08","花旗環球",487,1744,-1257
"1303","2409友達","110/09/08","土銀-台南",501,3,498
"1304","2409友達","110/09/08","國泰證券",95,797,-702
"1305","2409友達","110/09/08","兆豐-天母",505,19,486
"1306","2409友達","110/09/08","元大-館前",17,661,-644
"1307","2409友達","110/09/08","華南永昌-民權",503,27,476
"1308","2409友達","110/09/08","新光",905,1468,-563
"1309","2409友達","110/09/08","凱基-羅東",482,8,474
"1310","2409友達","110/09/08","永豐金-中壢",34,565,-531
"1311","2409友達","110/09/08","元大證券",2786,2326,460
"1312","2409友達","110/09/08","國泰-敦南",454,967,-513
"1313","2409友達","110/09/08","國票-敦北法人",638,200,438
"1314","2409友達","110/09/08","玉山-台大",346,767,-421
"1315","2409友達","110/09/08","元大-中壢",545,150,395
"1316","2409友達","110/09/08","香港上海匯豐",0,410,-410
"1317","2409友達","110/09/08","國票",544,152,392
"1318","2409友達","110/09/08","群益金鼎-西松",14,417,-403
"1319","2409友達","110/09/08","康和",345,15,330
"1320","2409友達","110/09/08","台中銀-台北",2,400,-398
"1321","1315達新","110/09/08","凱基-中港",10,0,10
"1322","1315達新","110/09/08","新光",0,12,-12
"1323","1315達新","110/09/08","(牛牛牛)亞-鑫豐",5,0,5
"1324","1315達新","110/09/08","美林",0,10,-10
"1325","1315達新","110/09/08","元大-文心興安",5,0,5
"1326","1315達新","110/09/08","港商法國興業",0,9,-9
"1327","1315達新","110/09/08","永豐金-中正",3,0,3
"1328","1315達新","110/09/08","大昌-樹林",0,3,-3
"1329","1315達新","110/09/08","元大-花蓮",3,0,3
"1330","1315達新","110/09/08","大慶-楊梅",0,2,-2
"1331","1315達新","110/09/08","永豐金-高雄",2,0,2
"1332","1315達新","110/09/08","國泰-台中",0,2,-2
"1333","1315達新","110/09/08","永豐金證券",2,0,2
"1334","1315達新","110/09/08","元富-新竹",0,1,-1
"1335","1315達新","110/09/08","元大-台中中港",2,0,2
"1336","1315達新","110/09/08","國票-安和",0,1,-1
"1337","1315達新","110/09/08","元富-安南",2,0,2
"1338","1315達新","110/09/08","群益金鼎-古亭",0,1,-1
"1339","1315達新","110/09/08","台灣摩根士丹利",2,0,2
"1340","1315達新","110/09/08","群益金鼎-丹鳳",0,1,-1
"1341","1315達新","110/09/08","摩根大通",1,0,1
"1342","1315達新","110/09/08","凱基-台北",0,1,-1
"1343","1315達新","110/09/08","兆豐-台中",1,0,1
"1344","1315達新","110/09/08","華南永昌-高雄",0,1,-1
"1345","1315達新","110/09/08","第一金-忠孝",1,0,1
"1346","1315達新","110/09/08","玉山-大里",0,0,0
"1347","1315達新","110/09/08","台灣企銀",1,0,1
"1348","1315達新","110/09/08","華南永昌-內壢",0,0,0
"1349","1315達新","110/09/08","合庫-台中",1,0,1
"1350","1315達新","110/09/08","富邦-仁愛",0,0,0
"1351","2609陽明","110/09/08","瑞士信貸",2143,342,1801
"1352","2609陽明","110/09/08","摩根大通",2455,4905,-2450
"1353","2609陽明","110/09/08","台灣匯立證券",1516,13,1503
"1354","2609陽明","110/09/08","美商高盛",915,2392,-1477
"1355","2609陽明","110/09/08","北城證券",1574,110,1464
"1356","2609陽明","110/09/08","凱基-台北",2675,3280,-605
"1357","2609陽明","110/09/08","台灣摩根士丹利",1814,353,1461
"1358","2609陽明","110/09/08","元富",25,610,-585
"1359","2609陽明","110/09/08","元大-土城永寧",1552,562,990
"1360","2609陽明","110/09/08","日盛-雙和",74,611,-537
"1361","2609陽明","110/09/08","美林",3488,2625,863
"1362","2609陽明","110/09/08","第一金-桃園",67,571,-504
"1363","2609陽明","110/09/08","永豐金-中和",1355,583,772
"1364","2609陽明","110/09/08","兆豐-嘉義",25,507,-482
"1365","2609陽明","110/09/08","群益金鼎-大安",689,39,650
"1366","2609陽明","110/09/08","華南永昌-竹北",32,432,-400
"1367","2609陽明","110/09/08","日盛-台中",842,200,642
"1368","2609陽明","110/09/08","凱基-板橋",103,391,-288
"1369","2609陽明","110/09/08","統一-土城",667,74,593
"1370","2609陽明","110/09/08","凱基-民權",11,285,-274
"1371","2609陽明","110/09/08","兆豐-復興",513,29,484
"1372","2609陽明","110/09/08","元大-竹北",107,367,-260
"1373","2609陽明","110/09/08","日盛-板橋",571,105,466
"1374","2609陽明","110/09/08","凱基-大直",622,879,-257
"1375","2609陽明","110/09/08","新加坡商瑞銀",691,272,419
"1376","2609陽明","110/09/08","富邦-北港",56,263,-207
"1377","2609陽明","110/09/08","統一-城中",612,205,407
"1378","2609陽明","110/09/08","群益金鼎-內湖",33,238,-205
"1379","2609陽明","110/09/08","統一-仁愛",1572,1166,406
"1380","2609陽明","110/09/08","凱基-虎尾",57,261,-204
"1381","2636台驊投控","110/09/08","瑞士信貸",511,81,430
"1382","2636台驊投控","110/09/08","日盛-板橋",4,171,-167
"1383","2636台驊投控","110/09/08","富邦-建國",411,18,393
"1384","2636台驊投控","110/09/08","第一金-桃園",3,144,-141
"1385","2636台驊投控","110/09/08","美林",771,487,284
"1386","2636台驊投控","110/09/08","新光-新竹",13,131,-118
"1387","2636台驊投控","110/09/08","台灣摩根士丹利",149,6,143
"1388","2636台驊投控","110/09/08","元大證券",134,238,-104
"1389","2636台驊投控","110/09/08","兆豐-中壢",117,0,117
"1390","2636台驊投控","110/09/08","統一-基隆",4,89,-85
"1391","2636台驊投控","110/09/08","兆豐-虎尾",80,0,80
"1392","2636台驊投控","110/09/08","華南永昌-竹北",10,58,-48
"1393","2636台驊投控","110/09/08","美商高盛",142,72,70
"1394","2636台驊投控","110/09/08","新光-桃園",19,62,-43
"1395","2636台驊投控","110/09/08","摩根大通",519,458,61
"1396","2636台驊投控","110/09/08","致和-台北",0,40,-40
"1397","2636台驊投控","110/09/08","凱基-台北",419,368,51
"1398","2636台驊投控","110/09/08","富邦-虎尾",4,44,-40
"1399","2636台驊投控","110/09/08","統一-新台中",38,2,36
"1400","2636台驊投控","110/09/08","元大-羅東",8,48,-40
"1401","2636台驊投控","110/09/08","新加坡商瑞銀",47,13,34
"1402","2636台驊投控","110/09/08","統一-南京",39,74,-35
"1403","2636台驊投控","110/09/08","統一-仁愛",34,3,31
"1404","2636台驊投控","110/09/08","元大-花蓮",8,40,-32
"1405","2636台驊投控","110/09/08","群益金鼎-台南",41,11,30
"1406","2636台驊投控","110/09/08","凱基-中山",5,36,-31
"1407","2636台驊投控","110/09/08","富邦證券",25,0,25
"1408","2636台驊投控","110/09/08","宏遠-台中",0,30,-30
"1409","2636台驊投控","110/09/08","元富",25,4,21
"1410","2636台驊投控","110/09/08","國泰-台中",59,86,-27
"1411","2867三商壽","110/09/08","富邦-新營",390,12,378
"1412","2867三商壽","110/09/08","元大-桃園",0,517,-517
"1413","2867三商壽","110/09/08","新光",181,63,118
"1414","2867三商壽","110/09/08","元大證券",1,287,-286
"1415","2867三商壽","110/09/08","臺銀-鳳山",116,0,116
"1416","2867三商壽","110/09/08","摩根大通",43,248,-205
"1417","2867三商壽","110/09/08","瑞士信貸",112,0,112
"1418","2867三商壽","110/09/08","統一-士林",0,180,-180
"1419","2867三商壽","110/09/08","富邦-三重",90,0,90
"1420","2867三商壽","110/09/08","凱基-台北",53,204,-151
"1421","2867三商壽","110/09/08","華南永昌-虎尾",89,0,89
"1422","2867三商壽","110/09/08","元大-崇德",0,90,-90
"1423","2867三商壽","110/09/08","國票-南京",80,0,80
"1424","2867三商壽","110/09/08","法銀巴黎",0,80,-80
"1425","2867三商壽","110/09/08","新光-台中",70,1,69
"1426","2867三商壽","110/09/08","玉山-台中",0,71,-71
"1427","2867三商壽","110/09/08","元大-大甲",67,0,67
"1428","2867三商壽","110/09/08","美商高盛",4,69,-65
"1429","2867三商壽","110/09/08","元大-嘉義",65,0,65
"1430","2867三商壽","110/09/08","花旗環球",0,42,-42
"1431","2867三商壽","110/09/08","統一-平鎮",50,0,50
"1432","2867三商壽","110/09/08","永豐金-台南",0,37,-37
"1433","2867三商壽","110/09/08","華南永昌-淡水",50,0,50
"1434","2867三商壽","110/09/08","玉山-板橋",0,34,-34
"1435","2867三商壽","110/09/08","新光-高雄",46,0,46
"1436","2867三商壽","110/09/08","兆豐-岡山",0,30,-30
"1437","2867三商壽","110/09/08","永豐金-永康",41,0,41
"1438","2867三商壽","110/09/08","聯邦-三重",0,30,-30
"1439","2867三商壽","110/09/08","富邦-桃園",40,0,40
"1440","2867三商壽","110/09/08","華南永昌-古亭",0,30,-30
"1441","5521工信","110/09/08","華南永昌-苗栗",160,0,160
"1442","5521工信","110/09/08","富邦-台北",54,366,-312
"1443","5521工信","110/09/08","國泰-台中",165,6,159
"1444","5521工信","110/09/08","元富",60,370,-310
"1445","5521工信","110/09/08","群益金鼎-大甲",85,0,85
"1446","5521工信","110/09/08","摩根大通",57,355,-298
"1447","5521工信","110/09/08","元大-潮州",80,0,80
"1448","5521工信","110/09/08","美商高盛",0,259,-259
"1449","5521工信","110/09/08","元大-博愛",80,0,80
"1450","5521工信","110/09/08","凱基-台北",37,195,-158
"1451","5521工信","110/09/08","元大-大里德芳",55,0,55
"1452","5521工信","110/09/08","凱基-城中",0,126,-126
"1453","5521工信","110/09/08","華南永昌-鶯歌",50,0,50
"1454","5521工信","110/09/08","瑞士信貸",1,123,-122
"1455","5521工信","110/09/08","華南永昌-東昇",50,0,50
"1456","5521工信","110/09/08","元富-大昌",0,100,-100
"1457","5521工信","110/09/08","永豐金-彰化",50,0,50
"1458","5521工信","110/09/08","元大證券",4,90,-86
"1459","5521工信","110/09/08","台新證券",43,0,43
"1460","5521工信","110/09/08","台灣摩根士丹利",2,82,-80
"1461","5521工信","110/09/08","元大-南屯",42,0,42
"1462","5521工信","110/09/08","玉山-板橋",0,77,-77
"1463","5521工信","110/09/08","(牛牛牛)亞-網路",39,0,39
"1464","5521工信","110/09/08","元大-左營",4,50,-46
"1465","5521工信","110/09/08","國泰-敦南",50,13,37
"1466","5521工信","110/09/08","兆豐-北高雄",2,46,-44
"1467","5521工信","110/09/08","新光-高雄",36,0,36
"1468","5521工信","110/09/08","凱基-宜蘭",0,40,-40
"1469","5521工信","110/09/08","土銀-高雄",34,0,34
"1470","5521工信","110/09/08","凱基-三峽",8,40,-32
"1471","1471首利","110/09/08","日盛-新莊",50,0,50
"1472","1471首利","110/09/08","摩根大通",11,50,-39
"1473","1471首利","110/09/08","台新-松江",36,0,36
"1474","1471首利","110/09/08","永豐金-市政",0,35,-35
"1475","1471首利","110/09/08","凱基-竹北",20,0,20
"1476","1471首利","110/09/08","永豐金-忠孝",0,32,-32
"1477","1471首利","110/09/08","華南永昌-台中",17,0,17
"1478","1471首利","110/09/08","永豐金-古亭",0,31,-31
"1479","1471首利","110/09/08","元大-八德",12,0,12
"1480","1471首利","110/09/08","瑞士信貸",0,27,-27
"1481","1471首利","110/09/08","兆豐-桃園",10,0,10
"1482","1471首利","110/09/08","大慶",0,25,-25
"1483","1471首利","110/09/08","群益金鼎-東門",10,0,10
"1484","1471首利","110/09/08","富邦-員林",0,16,-16
"1485","1471首利","110/09/08","凱基-市府",10,0,10
"1486","1471首利","110/09/08","群益金鼎-鳳山",0,15,-15
"1487","1471首利","110/09/08","元大-土城永寧",10,0,10
"1488","1471首利","110/09/08","凱基-台北",0,12,-12
"1489","1471首利","110/09/08","兆豐-西螺",9,0,9
"1490","1471首利","110/09/08","國泰-敦南",3,14,-11
"1491","1471首利","110/09/08","富邦-永和",9,0,9
"1492","1471首利","110/09/08","元富-潮州",0,10,-10
"1493","1471首利","110/09/08","富邦-中壢",8,0,8
"1494","1471首利","110/09/08","元大-民雄",0,10,-10
"1495","1471首利","110/09/08","元大-竹山",8,0,8
"1496","1471首利","110/09/08","元大-大雅",0,10,-10
"1497","1471首利","110/09/08","大慶-楊梅",7,0,7
"1498","1471首利","110/09/08","美林",0,5,-5
"1499","1471首利","110/09/08","日盛-八德",6,0,6
"1500","1471首利","110/09/08","德信-中正",0,5,-5
"1501","2883開發金","110/09/08","臺銀",5051,40,5011
"1502","2883開發金","110/09/08","凱基-台北",724,3138,-2414
"1503","2883開發金","110/09/08","新加坡商瑞銀",3432,15,3417
"1504","2883開發金","110/09/08","元大證券",2022,3577,-1555
"1505","2883開發金","110/09/08","群益金鼎-古亭",588,20,568
"1506","2883開發金","110/09/08","凱基-復興",53,1328,-1275
"1507","2883開發金","110/09/08","富邦證券",602,43,559
"1508","2883開發金","110/09/08","台灣摩根士丹利",1953,3133,-1180
"1509","2883開發金","110/09/08","華南永昌",610,62,548
"1510","2883開發金","110/09/08","美林",896,1828,-932
"1511","2883開發金","110/09/08","永豐金-苓雅",433,11,422
"1512","2883開發金","110/09/08","港商野村",660,1509,-849
"1513","2883開發金","110/09/08","港商麥格理",971,552,419
"1514","2883開發金","110/09/08","台灣企銀-竹北",2,740,-738
"1515","2883開發金","110/09/08","亞東-新竹",766,383,383
"1516","2883開發金","110/09/08","美商高盛",2064,2757,-693
"1517","2883開發金","110/09/08","臺銀-高雄",346,13,333
"1518","2883開發金","110/09/08","凱基-台中",24,704,-680
"1519","2883開發金","110/09/08","摩根大通",1004,693,311
"1520","2883開發金","110/09/08","台新-建北",15,645,-630
"1521","2883開發金","110/09/08","永興",303,0,303
"1522","2883開發金","110/09/08","凱基-東港",103,638,-535
"1523","2883開發金","110/09/08","瑞士信貸",415,176,239
"1524","2883開發金","110/09/08","新光",1007,1474,-467
"1525","2883開發金","110/09/08","臺銀-臺中",253,25,228
"1526","2883開發金","110/09/08","元大-士林",44,462,-418
"1527","2883開發金","110/09/08","彰銀-台中",205,0,205
"1528","2883開發金","110/09/08","群益金鼎-鳳山",14,381,-367
"1529","2883開發金","110/09/08","群益金鼎-開元",207,4,203
"1530","2883開發金","110/09/08","花旗環球",0,341,-341
"1531","6205詮欣","110/09/08","日盛-三重",29,0,29
"1532","6205詮欣","110/09/08","華南永昌-麻豆",0,11,-11
"1533","6205詮欣","110/09/08","臺銀-民權",11,0,11
"1534","6205詮欣","110/09/08","凱基-台北",0,11,-11
"1535","6205詮欣","110/09/08","華南永昌-長虹",11,0,11
"1536","6205詮欣","110/09/08","德信-新營",0,9,-9
"1537","6205詮欣","110/09/08","元富-宜蘭",10,0,10
"1538","6205詮欣","110/09/08","瑞士信貸",0,6,-6
"1539","6205詮欣","110/09/08","玉山-城中",9,0,9
"1540","6205詮欣","110/09/08","凱基-東門",0,5,-5
"1541","6205詮欣","110/09/08","臺銀",5,0,5
"1542","6205詮欣","110/09/08","統一-汐止",0,5,-5
"1543","6205詮欣","110/09/08","新加坡商瑞銀",3,0,3
"1544","6205詮欣","110/09/08","港商法國興業",0,5,-5
"1545","6205詮欣","110/09/08","玉山-高雄",2,0,2
"1546","6205詮欣","110/09/08","群益金鼎-新莊",0,4,-4
"1547","6205詮欣","110/09/08","元大-汐止",2,0,2
"1548","6205詮欣","110/09/08","元大-虎尾",0,4,-4
"1549","6205詮欣","110/09/08","美林",1,0,1
"1550","6205詮欣","110/09/08","元大-屏東民生",0,4,-4
"1551","6205詮欣","110/09/08","亞東-板橋",1,0,1
"1552","6205詮欣","110/09/08","凱基-和平",0,3,-3
"1553","6205詮欣","110/09/08","兆豐-景美",1,0,1
"1554","6205詮欣","110/09/08","凱基-內湖",0,3,-3
"1555","6205詮欣","110/09/08","元大-莒光",1,0,1
"1556","6205詮欣","110/09/08","日盛-台中",0,2,-2
"1557","6205詮欣","110/09/08","康和-板橋",0,0,0
"1558","6205詮欣","110/09/08","凱基-林口",0,2,-2
"1559","6205詮欣","110/09/08","國泰-高雄",0,0,0
"1560","6205詮欣","110/09/08","元大-博愛",0,2,-2
"1561","1540喬福","110/09/08","華南永昌",11,0,11
"1562","1540喬福","110/09/08","元大-土城永寧",0,31,-31
"1563","1540喬福","110/09/08","日盛-士林",6,0,6
"1564","1540喬福","110/09/08","日盛-文化",0,25,-25
"1565","1540喬福","110/09/08","元富-新竹",6,0,6
"1566","1540喬福","110/09/08","元大-古亭",0,10,-10
"1567","1540喬福","110/09/08","元大-新店中正",5,0,5
"1568","1540喬福","110/09/08","摩根大通",0,5,-5
"1569","1540喬福","110/09/08","華南永昌-東勢",5,0,5
"1570","1540喬福","110/09/08","凱基-台北",0,5,-5
"1571","1540喬福","110/09/08","德信-新營",5,0,5
"1572","1540喬福","110/09/08","元大-忠孝",0,3,-3
"1573","1540喬福","110/09/08","群益金鼎-台北",5,0,5
"1574","1540喬福","110/09/08","兆豐-大安",0,2,-2
"1575","1540喬福","110/09/08","台新證券",3,0,3
"1576","1540喬福","110/09/08","華南永昌-中正",0,2,-2
"1577","1540喬福","110/09/08","元大-大雅",3,0,3
"1578","1540喬福","110/09/08","美林",0,1,-1
"1579","1540喬福","110/09/08","凱基-高雄",3,0,3
"1580","1540喬福","110/09/08","永興",0,1,-1
"1581","1540喬福","110/09/08","日盛-景美",3,0,3
"1582","1540喬福","110/09/08","國票-台中",0,1,-1
"1583","1540喬福","110/09/08","安泰",2,0,2
"1584","1540喬福","110/09/08","統一-新台中",0,0,0
"1585","1540喬福","110/09/08","臺銀-新竹",2,0,2
"1586","1540喬福","110/09/08","國票",0,0,0
"1587","1540喬福","110/09/08","兆豐-北高雄",2,0,2
"1588","1540喬福","110/09/08","康和-板橋",0,0,0
"1589","1540喬福","110/09/08","日盛-台中",2,0,2
"1590","1540喬福","110/09/08","國泰-板橋",7,7,0
"1591","2888新光金","110/09/08","美商高盛",2902,113,2789
"1592","2888新光金","110/09/08","凱基-台北",1269,8241,-6972
"1593","2888新光金","110/09/08","新加坡商瑞銀",1081,42,1039
"1594","2888新光金","110/09/08","瑞士信貸",521,2812,-2291
"1595","2888新光金","110/09/08","兆豐-西螺",1019,1,1018
"1596","2888新光金","110/09/08","國票-長城",5,1500,-1495
"1597","2888新光金","110/09/08","統一-板橋",1195,302,893
"1598","2888新光金","110/09/08","永豐金證券",76,1023,-947
"1599","2888新光金","110/09/08","摩根大通",1716,1084,632
"1600","2888新光金","110/09/08","元大證券",675,1584,-909
"1601","2888新光金","110/09/08","港商麥格理",768,309,459
"1602","2888新光金","110/09/08","元富-城東",111,683,-572
"1603","2888新光金","110/09/08","華南永昌-虎尾",388,20,368
"1604","2888新光金","110/09/08","兆豐-台中港",23,501,-478
"1605","2888新光金","110/09/08","台新-台中",425,72,353
"1606","2888新光金","110/09/08","元大-四維",23,450,-427
"1607","2888新光金","110/09/08","富邦-虎尾",333,0,333
"1608","2888新光金","110/09/08","兆豐證券",0,411,-411
"1609","2888新光金","110/09/08","群益金鼎-新莊",301,1,300
"1610","2888新光金","110/09/08","大昌-樹林",97,485,-388
"1611","2888新光金","110/09/08","新光",718,430,288
"1612","2888新光金","110/09/08","港商野村",1,377,-376
"1613","2888新光金","110/09/08","臺銀-鳳山",297,12,285
"1614","2888新光金","110/09/08","元大-內湖",30,339,-309
"1615","2888新光金","110/09/08","永豐金-鳳山",278,0,278
"1616","2888新光金","110/09/08","日盛-中和",12,319,-307
"1617","2888新光金","110/09/08","元大-古亭",263,2,261
"1618","2888新光金","110/09/08","群益金鼎-台中",191,492,-301
"1619","2888新光金","110/09/08","元大-大里",264,5,259
"1620","2888新光金","110/09/08","花旗環球",79,364,-285
"1621","1340勝悅","110/09/08","凱基-台南",30,0,30
"1622","1340勝悅","110/09/08","元富-彰化",0,30,-30
"1623","1340勝悅","110/09/08","臺銀-鳳山",7,0,7
"1624","1340勝悅","110/09/08","永全",0,18,-18
"1625","1340勝悅","110/09/08","日盛-板橋",5,0,5
"1626","1340勝悅","110/09/08","凱基-台北",0,13,-13
"1627","1340勝悅","110/09/08","宏遠-桃園",5,0,5
"1628","1340勝悅","110/09/08","美林",0,12,-12
"1629","1340勝悅","110/09/08","統一-城中",8,3,5
"1630","1340勝悅","110/09/08","摩根大通",0,6,-6
"1631","1340勝悅","110/09/08","華南永昌-鳳山",5,0,5
"1632","1340勝悅","110/09/08","臺銀-民權",0,5,-5
"1633","1340勝悅","110/09/08","元富-新店",4,0,4
"1634","1340勝悅","110/09/08","日盛-員林",0,5,-5
"1635","1340勝悅","110/09/08","新光",4,0,4
"1636","1340勝悅","110/09/08","群益金鼎-台中",0,5,-5
"1637","1340勝悅","110/09/08","國泰-敦南",5,1,4
"1638","1340勝悅","110/09/08","元大-忠孝鼎富",0,5,-5
"1639","1340勝悅","110/09/08","凱基-台中",4,0,4
"1640","1340勝悅","110/09/08","元大-新莊",0,5,-5
"1641","1340勝悅","110/09/08","美商高盛",3,0,3
"1642","1340勝悅","110/09/08","元大-蘆洲",0,5,-5
"1643","1340勝悅","110/09/08","中國信託-嘉義",3,0,3
"1644","1340勝悅","110/09/08","富邦-台中",0,4,-4
"1645","1340勝悅","110/09/08","新光-桃園",3,0,3
"1646","1340勝悅","110/09/08","花旗環球",0,3,-3
"1647","1340勝悅","110/09/08","國泰-高雄",3,0,3
"1648","1340勝悅","110/09/08","元富-文心",0,2,-2
"1649","1340勝悅","110/09/08","國泰-館前",3,0,3
"1650","1340勝悅","110/09/08","台中銀-豐原",0,2,-2
"1651","6246臺龍","110/09/08","統一-土城",36,0,36
"1652","6246臺龍","110/09/08","新光-台南",0,24,-24
"1653","6246臺龍","110/09/08","台新證券",5,0,5
"1654","6246臺龍","110/09/08","國泰-新莊",0,5,-5
"1655","6246臺龍","110/09/08","永豐金-板新",4,0,4
"1656","6246臺龍","110/09/08","元大-南崁",0,5,-5
"1657","6246臺龍","110/09/08","元富-中港",2,0,2
"1658","6246臺龍","110/09/08","元大-大雅",0,4,-4
"1659","6246臺龍","110/09/08","德信-中正",2,0,2
"1660","6246臺龍","110/09/08","台新-屏東",0,2,-2
"1661","6246臺龍","110/09/08","元大-大里",2,0,2
"1662","6246臺龍","110/09/08","玉山證券",0,2,-2
"1663","6246臺龍","110/09/08","永豐金-嘉義",2,0,2
"1664","6246臺龍","110/09/08","凱基-中港",0,2,-2
"1665","6246臺龍","110/09/08","日盛-八德",1,0,1
"1666","6246臺龍","110/09/08","華南永昌-台中",0,2,-2
"1667","6246臺龍","110/09/08","華南永昌",1,0,1
"1668","6246臺龍","110/09/08","永豐金-永康",0,2,-2
"1669","6246臺龍","110/09/08","華南永昌-長虹",1,0,1
"1670","6246臺龍","110/09/08","臺銀-金山",0,1,-1
"1671","6246臺龍","110/09/08","華南永昌-中正",1,0,1
"1672","6246臺龍","110/09/08","元富-台中",0,1,-1
"1673","6246臺龍","110/09/08","富邦-新竹",1,0,1
"1674","6246臺龍","110/09/08","康和-嘉義",0,1,-1
"1675","6246臺龍","110/09/08","元大-新盛",1,0,1
"1676","6246臺龍","110/09/08","新光-新竹",0,1,-1
"1677","6246臺龍","110/09/08","永豐金-屏東",1,0,1
"1678","6246臺龍","110/09/08","新光-桃園",0,1,-1
"1679","6246臺龍","110/09/08","元大證券",0,0,0
"1680","6246臺龍","110/09/08","玉山-桃園",0,1,-1
"1681","00715L期街口布蘭特正2","110/09/08","永豐金證券",2051,0,2051
"1682","00715L期街口布蘭特正2","110/09/08","元大-南崁",0,2310,-2310
"1683","00715L期街口布蘭特正2","110/09/08","元富",1148,0,1148
"1684","00715L期街口布蘭特正2","110/09/08","兆豐-鹿港",0,1000,-1000
"1685","00715L期街口布蘭特正2","110/09/08","統一",991,0,991
"1686","00715L期街口布蘭特正2","110/09/08","兆豐證券",0,960,-960
"1687","00715L期街口布蘭特正2","110/09/08","富邦證券",1894,927,967
"1688","00715L期街口布蘭特正2","110/09/08","元大-西屯",25,669,-644
"1689","00715L期街口布蘭特正2","110/09/08","合庫證券",815,0,815
"1690","00715L期街口布蘭特正2","110/09/08","港商野村",0,640,-640
"1691","00715L期街口布蘭特正2","110/09/08","康和",914,200,714
"1692","00715L期街口布蘭特正2","110/09/08","群益金鼎-潭子",2,551,-549
"1693","00715L期街口布蘭特正2","110/09/08","台新證券",504,5,499
"1694","00715L期街口布蘭特正2","110/09/08","第一金-桃園",0,500,-500
"1695","00715L期街口布蘭特正2","110/09/08","群益金鼎-士林",430,5,425
"1696","00715L期街口布蘭特正2","110/09/08","元大-金門",10,353,-343
"1697","00715L期街口布蘭特正2","110/09/08","日盛-和美",301,11,290
"1698","00715L期街口布蘭特正2","110/09/08","臺銀-民權",5,312,-307
"1699","00715L期街口布蘭特正2","110/09/08","國票-中港",287,0,287
"1700","00715L期街口布蘭特正2","110/09/08","富邦-嘉義",22,305,-283
"1701","00715L期街口布蘭特正2","110/09/08","富邦-彰化",302,25,277
"1702","00715L期街口布蘭特正2","110/09/08","群益金鼎-崇德",0,240,-240
"1703","00715L期街口布蘭特正2","110/09/08","元大證券",1728,1508,220
"1704","00715L期街口布蘭特正2","110/09/08","元大-復北",0,225,-225
"1705","00715L期街口布蘭特正2","110/09/08","元大-中和",190,0,190
"1706","00715L期街口布蘭特正2","110/09/08","元大-萬華",0,210,-210
"1707","00715L期街口布蘭特正2","110/09/08","玉山-高雄",162,45,117
"1708","00715L期街口布蘭特正2","110/09/08","新光",86,289,-203
"1709","00715L期街口布蘭特正2","110/09/08","元大-花蓮",200,95,105
"1710","00715L期街口布蘭特正2","110/09/08","臺銀-金山",9,210,-201
"1711","8941關中","110/09/08","國泰-新莊",1,0,1
"1712","8941關中","110/09/08","統一-台中",0,1,-1
"1713","8941關中","110/09/08","群益金鼎-三重",1,0,1
"1714","8941關中","110/09/08","富邦-台中",0,1,-1
"1715","8941關中","110/09/08","亞東-台中",0,0,0
"1716","8941關中","110/09/08","亞東-台中",0,0,0
"1717","8941關中","110/09/08","元大-竹山",0,0,0
"1718","8941關中","110/09/08","元大-竹山",0,0,0
"1719","8941關中","110/09/08","元大-羅東",0,0,0
"1720","8941關中","110/09/08","元大-羅東",0,0,0
"1721","8941關中","110/09/08","元大-金華",1,1,0
"1722","8941關中","110/09/08","元大-金華",1,1,0
"1723","8941關中","110/09/08","永豐金-敦北",0,0,0
"1724","8941關中","110/09/08","永豐金-敦北",0,0,0
"1725","8941關中","110/09/08","永豐金-南投",0,0,0
"1726","8941關中","110/09/08","永豐金-南投",0,0,0
"1727","8941關中","110/09/08","",NA,NA,NA
"1728","8941關中","110/09/08","",NA,NA,NA
"1729","8941關中","110/09/08","",NA,NA,NA
"1730","8941關中","110/09/08","",NA,NA,NA
"1731","8941關中","110/09/08","",NA,NA,NA
"1732","8941關中","110/09/08","",NA,NA,NA
"1733","8941關中","110/09/08","",NA,NA,NA
"1734","8941關中","110/09/08","",NA,NA,NA
"1735","8941關中","110/09/08","",NA,NA,NA
"1736","8941關中","110/09/08","",NA,NA,NA
"1737","8941關中","110/09/08","",NA,NA,NA
"1738","8941關中","110/09/08","",NA,NA,NA
"1739","8941關中","110/09/08","",NA,NA,NA
"1740","8941關中","110/09/08","",NA,NA,NA
"1741","8936國統","110/09/08","臺銀",60,6,54
"1742","8936國統","110/09/08","台灣摩根士丹利",0,68,-68
"1743","8936國統","110/09/08","元大-東泰",50,0,50
"1744","8936國統","110/09/08","摩根大通",6,61,-55
"1745","8936國統","110/09/08","華南永昌-高雄",158,121,37
"1746","8936國統","110/09/08","美商高盛",5,56,-51
"1747","8936國統","110/09/08","日盛-北高雄",20,0,20
"1748","8936國統","110/09/08","新加坡商瑞銀",35,73,-38
"1749","8936國統","110/09/08","台中銀-高雄",16,0,16
"1750","8936國統","110/09/08","元大-復北",0,23,-23
"1751","8936國統","110/09/08","台新-松江",19,4,15
"1752","8936國統","110/09/08","永豐金-中正",0,21,-21
"1753","8936國統","110/09/08","富邦-建國",13,0,13
"1754","8936國統","110/09/08","日盛-台中",0,20,-20
"1755","8936國統","110/09/08","元大-台中",13,0,13
"1756","8936國統","110/09/08","凱基-台北",48,66,-18
"1757","8936國統","110/09/08","元大-土城學府",13,0,13
"1758","8936國統","110/09/08","台新證券",3,19,-16
"1759","8936國統","110/09/08","台灣企銀-北高雄",11,0,11
"1760","8936國統","110/09/08","華南永昌-岡山",5,20,-15
"1761","8936國統","110/09/08","新光-新竹",11,0,11
"1762","8936國統","110/09/08","新光-台南",2,13,-11
"1763","8936國統","110/09/08","富邦-陽明",11,0,11
"1764","8936國統","110/09/08","日盛-八德",0,10,-10
"1765","8936國統","110/09/08","元富-同大",10,0,10
"1766","8936國統","110/09/08","台新-屏東",0,10,-10
"1767","8936國統","110/09/08","國票-九鼎",10,0,10
"1768","8936國統","110/09/08","凱基-三多",0,10,-10
"1769","8936國統","110/09/08","玉山-高雄",10,0,10
"1770","8936國統","110/09/08","元大-福營",0,10,-10
"1771","6226光鼎","110/09/08","瑞士信貸",141,26,115
"1772","6226光鼎","110/09/08","美商高盛",45,232,-187
"1773","6226光鼎","110/09/08","永豐金-大園",91,2,89
"1774","6226光鼎","110/09/08","美林",90,264,-174
"1775","6226光鼎","110/09/08","摩根大通",107,48,59
"1776","6226光鼎","110/09/08","元大-台中",91,237,-146
"1777","6226光鼎","110/09/08","台灣摩根士丹利",55,0,55
"1778","6226光鼎","110/09/08","統一-竹南",0,100,-100
"1779","6226光鼎","110/09/08","第一金-自由",50,0,50
"1780","6226光鼎","110/09/08","元大-仁愛",0,82,-82
"1781","6226光鼎","110/09/08","元大-開元",33,0,33
"1782","6226光鼎","110/09/08","華南永昌-楠梓",12,77,-65
"1783","6226光鼎","110/09/08","元富-埔里",34,6,28
"1784","6226光鼎","110/09/08","中國信託",9,63,-54
"1785","6226光鼎","110/09/08","元大-草屯",29,1,28
"1786","6226光鼎","110/09/08","富邦-宜蘭",0,51,-51
"1787","6226光鼎","110/09/08","華南永昌-小港",27,0,27
"1788","6226光鼎","110/09/08","元大-大灣",2,40,-38
"1789","6226光鼎","110/09/08","元大-大里德芳",26,0,26
"1790","6226光鼎","110/09/08","玉山-士林",9,39,-30
"1791","6226光鼎","110/09/08","日盛-桃園",23,0,23
"1792","6226光鼎","110/09/08","玉山-台中",8,38,-30
"1793","6226光鼎","110/09/08","富邦-敦南",48,26,22
"1794","6226光鼎","110/09/08","元大-東蘆",2,30,-28
"1795","6226光鼎","110/09/08","永豐金-鳳山",21,0,21
"1796","6226光鼎","110/09/08","元大-高雄",0,27,-27
"1797","6226光鼎","110/09/08","合庫證券",20,0,20
"1798","6226光鼎","110/09/08","富邦-中壢",13,39,-26
"1799","6226光鼎","110/09/08","宏遠證券",20,0,20
"1800","6226光鼎","110/09/08","台新-台中",10,34,-24
"1801","2363矽統","110/09/08","瑞士信貸",1191,413,778
"1802","2363矽統","110/09/08","新加坡商瑞銀",389,1526,-1137
"1803","2363矽統","110/09/08","第一金-桃園",460,71,389
"1804","2363矽統","110/09/08","永豐金-竹科",205,908,-703
"1805","2363矽統","110/09/08","兆豐-新竹",611,322,289
"1806","2363矽統","110/09/08","群益金鼎-敦南",24,416,-392
"1807","2363矽統","110/09/08","兆豐-南京",229,20,209
"1808","2363矽統","110/09/08","合庫-高雄",37,428,-391
"1809","2363矽統","110/09/08","康和-板橋",193,17,176
"1810","2363矽統","110/09/08","陽信-石牌",514,874,-360
"1811","2363矽統","110/09/08","元大-佳里",185,28,157
"1812","2363矽統","110/09/08","永豐金證券",74,424,-350
"1813","2363矽統","110/09/08","永豐金-板新",272,127,145
"1814","2363矽統","110/09/08","凱基-台北",2085,2402,-317
"1815","2363矽統","110/09/08","台新-建北",174,35,139
"1816","2363矽統","110/09/08","美商高盛",186,413,-227
"1817","2363矽統","110/09/08","凱基-南崁",136,7,129
"1818","2363矽統","110/09/08","富邦證券",6,223,-217
"1819","2363矽統","110/09/08","元大-土城",200,75,125
"1820","2363矽統","110/09/08","富隆-長安",2,203,-201
"1821","2363矽統","110/09/08","元大-龍潭",245,131,114
"1822","2363矽統","110/09/08","新光-高雄",127,325,-198
"1823","2363矽統","110/09/08","永豐金-南投",260,153,107
"1824","2363矽統","110/09/08","群益金鼎",171,359,-188
"1825","2363矽統","110/09/08","富邦-嘉義",286,180,106
"1826","2363矽統","110/09/08","永豐金-羅東",199,383,-184
"1827","2363矽統","110/09/08","國泰-高雄",229,125,104
"1828","2363矽統","110/09/08","摩根大通",771,935,-164
"1829","2363矽統","110/09/08","元富-永和",120,17,103
"1830","2363矽統","110/09/08","元大-前金",75,234,-159
"1831","8112至上","110/09/08","摩根大通",165,13,152
"1832","8112至上","110/09/08","國票-中港",0,125,-125
"1833","8112至上","110/09/08","元大-清水",83,1,82
"1834","8112至上","110/09/08","宏遠證券",0,100,-100
"1835","8112至上","110/09/08","華南永昌-中正",60,0,60
"1836","8112至上","110/09/08","台新-台中",0,84,-84
"1837","8112至上","110/09/08","美商高盛",73,17,56
"1838","8112至上","110/09/08","凱基-台北",109,172,-63
"1839","8112至上","110/09/08","凱基-三重",54,1,53
"1840","8112至上","110/09/08","兆豐-來福",0,60,-60
"1841","8112至上","110/09/08","凱基-嘉義",47,0,47
"1842","8112至上","110/09/08","凱基-高雄",0,50,-50
"1843","8112至上","110/09/08","美林",62,19,43
"1844","8112至上","110/09/08","新光-台南",7,49,-42
"1845","8112至上","110/09/08","元大-竹東",48,10,38
"1846","8112至上","110/09/08","永豐金-敦南",4,42,-38
"1847","8112至上","110/09/08","台新-新營",35,0,35
"1848","8112至上","110/09/08","大展-台南",0,36,-36
"1849","8112至上","110/09/08","中國信託",24,0,24
"1850","8112至上","110/09/08","元大證券",2,36,-34
"1851","8112至上","110/09/08","瑞士信貸",22,0,22
"1852","8112至上","110/09/08","兆豐-忠孝",0,32,-32
"1853","8112至上","110/09/08","富邦-仁愛",25,3,22
"1854","8112至上","110/09/08","台新-新莊",0,30,-30
"1855","8112至上","110/09/08","富邦-台北",21,0,21
"1856","8112至上","110/09/08","法銀巴黎",0,29,-29
"1857","8112至上","110/09/08","統一-南京",20,0,20
"1858","8112至上","110/09/08","臺銀",2,28,-26
"1859","8112至上","110/09/08","華南永昌",25,5,20
"1860","8112至上","110/09/08","國泰-敦南",9,33,-24
"1861","1570力肯","110/09/08","國票-和平",76,0,76
"1862","1570力肯","110/09/08","凱基-台北",0,64,-64
"1863","1570力肯","110/09/08","陽信",34,0,34
"1864","1570力肯","110/09/08","新光",2,36,-34
"1865","1570力肯","110/09/08","日盛-宜蘭",25,0,25
"1866","1570力肯","110/09/08","元大-內湖",0,30,-30
"1867","1570力肯","110/09/08","群益金鼎-中港",10,0,10
"1868","1570力肯","110/09/08","新光-新竹",0,18,-18
"1869","1570力肯","110/09/08","群益金鼎-中壢",10,0,10
"1870","1570力肯","110/09/08","摩根大通",0,14,-14
"1871","1570力肯","110/09/08","富邦-彰化",10,0,10
"1872","1570力肯","110/09/08","日盛-板橋",0,13,-13
"1873","1570力肯","110/09/08","永豐金-屏東",10,0,10
"1874","1570力肯","110/09/08","兆豐-新營",0,11,-11
"1875","1570力肯","110/09/08","國票-南科",8,0,8
"1876","1570力肯","110/09/08","群益金鼎-高雄",0,11,-11
"1877","1570力肯","110/09/08","永豐金-苓雅",8,0,8
"1878","1570力肯","110/09/08","富邦-新店",0,10,-10
"1879","1570力肯","110/09/08","元大-龍潭",7,0,7
"1880","1570力肯","110/09/08","永豐金-新竹",0,9,-9
"1881","1570力肯","110/09/08","彰銀-七賢",6,0,6
"1882","1570力肯","110/09/08","台灣摩根士丹利",0,7,-7
"1883","1570力肯","110/09/08","臺銀-新竹",5,0,5
"1884","1570力肯","110/09/08","凱基-文心",5,12,-7
"1885","1570力肯","110/09/08","群益金鼎-鳳山",5,0,5
"1886","1570力肯","110/09/08","統一-新竹",0,5,-5
"1887","1570力肯","110/09/08","元大-大里",5,0,5
"1888","1570力肯","110/09/08","元大-竹科",0,5,-5
"1889","1570力肯","110/09/08","元大-新竹經國",5,0,5
"1890","1570力肯","110/09/08","元大-敦化",0,5,-5
"1891","2929淘帝","110/09/08","富邦-新竹",19,0,19
"1892","2929淘帝","110/09/08","群益金鼎-三重",0,29,-29
"1893","2929淘帝","110/09/08","新光-台中",16,1,15
"1894","2929淘帝","110/09/08","永豐金-敦南",0,24,-24
"1895","2929淘帝","110/09/08","大昌",10,0,10
"1896","2929淘帝","110/09/08","國泰-松江",0,20,-20
"1897","2929淘帝","110/09/08","摩根大通",10,0,10
"1898","2929淘帝","110/09/08","日盛-龍潭",0,11,-11
"1899","2929淘帝","110/09/08","日盛-雙和",8,0,8
"1900","2929淘帝","110/09/08","統一-汐止",0,10,-10
"1901","2929淘帝","110/09/08","台新證券",8,0,8
"1902","2929淘帝","110/09/08","日盛-新莊",0,8,-8
"1903","2929淘帝","110/09/08","台新-台中",7,0,7
"1904","2929淘帝","110/09/08","美林",1,8,-7
"1905","2929淘帝","110/09/08","富邦-台南",5,0,5
"1906","2929淘帝","110/09/08","亞東",0,6,-6
"1907","2929淘帝","110/09/08","元大-土城",5,0,5
"1908","2929淘帝","110/09/08","凱基-中山",1,6,-5
"1909","2929淘帝","110/09/08","元大-左營",5,0,5
"1910","2929淘帝","110/09/08","群益金鼎",0,4,-4
"1911","2929淘帝","110/09/08","永豐金-博愛",5,0,5
"1912","2929淘帝","110/09/08","華南永昌-南京",0,4,-4
"1913","2929淘帝","110/09/08","第一金-華江",5,1,4
"1914","2929淘帝","110/09/08","中國信託-永康",0,3,-3
"1915","2929淘帝","110/09/08","元富-吉利",4,0,4
"1916","2929淘帝","110/09/08","兆豐-台中港",0,2,-2
"1917","2929淘帝","110/09/08","光和-花壇",4,0,4
"1918","2929淘帝","110/09/08","兆豐-大同",0,2,-2
"1919","2929淘帝","110/09/08","兆豐-忠孝",4,0,4
"1920","2929淘帝","110/09/08","國泰-板橋",1,3,-2
"1921","5410國眾","110/09/08","華南永昌-高雄",20,0,20
"1922","5410國眾","110/09/08","國泰-敦南",3,28,-25
"1923","5410國眾","110/09/08","玉山-嘉義",4,0,4
"1924","5410國眾","110/09/08","亞東-新竹",0,19,-19
"1925","5410國眾","110/09/08","元大-高雄",3,0,3
"1926","5410國眾","110/09/08","凱基-台北",0,6,-6
"1927","5410國眾","110/09/08","兆豐-岡山",3,0,3
"1928","5410國眾","110/09/08","亞東-板橋",0,5,-5
"1929","5410國眾","110/09/08","凱基-中壢",3,0,3
"1930","5410國眾","110/09/08","日盛-二林",0,4,-4
"1931","5410國眾","110/09/08","華南永昌-台中",2,0,2
"1932","5410國眾","110/09/08","摩根大通",0,4,-4
"1933","5410國眾","110/09/08","元大-蘆洲",2,0,2
"1934","5410國眾","110/09/08","美林",0,2,-2
"1935","5410國眾","110/09/08","元大-大統",2,0,2
"1936","5410國眾","110/09/08","日盛-雙和",0,1,-1
"1937","5410國眾","110/09/08","華南永昌-林口",2,0,2
"1938","5410國眾","110/09/08","新加坡商瑞銀",0,1,-1
"1939","5410國眾","110/09/08","統一-台中",2,0,2
"1940","5410國眾","110/09/08","群益金鼎-建成",0,1,-1
"1941","5410國眾","110/09/08","日盛-士林",2,0,2
"1942","5410國眾","110/09/08","元大-新營",0,1,-1
"1943","5410國眾","110/09/08","臺銀-金山",1,0,1
"1944","5410國眾","110/09/08","華南永昌-內壢",0,0,0
"1945","5410國眾","110/09/08","日盛-新竹",1,0,1
"1946","5410國眾","110/09/08","富邦-員林",0,0,0
"1947","5410國眾","110/09/08","日盛-景美",1,0,1
"1948","5410國眾","110/09/08","元大-台中中港",0,0,0
"1949","5410國眾","110/09/08","日盛-八德",1,0,1
"1950","5410國眾","110/09/08","元大-左營",0,0,0
"1951","2841台開","110/09/08","日盛證券",143,24,119
"1952","2841台開","110/09/08","元大-善化",0,130,-130
"1953","2841台開","110/09/08","元大-南投",84,0,84
"1954","2841台開","110/09/08","元大-台中中港",0,50,-50
"1955","2841台開","110/09/08","永豐金-敦南",117,43,74
"1956","2841台開","110/09/08","永豐金-員林",0,35,-35
"1957","2841台開","110/09/08","新光",67,7,60
"1958","2841台開","110/09/08","富邦-台北",1,34,-33
"1959","2841台開","110/09/08","國泰-館前",38,0,38
"1960","2841台開","110/09/08","富邦-台南",0,30,-30
"1961","2841台開","110/09/08","元大-大里",30,0,30
"1962","2841台開","110/09/08","光和-高雄",0,29,-29
"1963","2841台開","110/09/08","群益金鼎-彰化",29,0,29
"1964","2841台開","110/09/08","群益金鼎-竹南",0,29,-29
"1965","2841台開","110/09/08","華南永昌-東昇",26,0,26
"1966","2841台開","110/09/08","元大-西屯",0,20,-20
"1967","2841台開","110/09/08","宏遠-館前",20,0,20
"1968","2841台開","110/09/08","元大-復北",0,18,-18
"1969","2841台開","110/09/08","元大-松江",20,0,20
"1970","2841台開","110/09/08","台灣摩根士丹利",0,17,-17
"1971","2841台開","110/09/08","大昌-安康",18,6,12
"1972","2841台開","110/09/08","合庫-台南",0,11,-11
"1973","2841台開","110/09/08","大慶-蘆洲",10,0,10
"1974","2841台開","110/09/08","元大-崇德",0,11,-11
"1975","2841台開","110/09/08","華南永昌",10,0,10
"1976","2841台開","110/09/08","台灣企銀-太平",0,10,-10
"1977","2841台開","110/09/08","元大-天母",10,0,10
"1978","2841台開","110/09/08","統一-員林",0,10,-10
"1979","2841台開","110/09/08","元大-仁愛",10,0,10
"1980","2841台開","110/09/08","台中銀-豐原",0,10,-10
"1981","6207雷科","110/09/08","台新-高雄",19,0,19
"1982","6207雷科","110/09/08","凱基-三重",2,45,-43
"1983","6207雷科","110/09/08","永全-八德",13,0,13
"1984","6207雷科","110/09/08","新加坡商瑞銀",8,26,-18
"1985","6207雷科","110/09/08","兆豐-台南",10,0,10
"1986","6207雷科","110/09/08","摩根大通",24,36,-12
"1987","6207雷科","110/09/08","凱基-台南",10,0,10
"1988","6207雷科","110/09/08","台灣企銀-屏東",0,10,-10
"1989","6207雷科","110/09/08","兆豐-高雄",9,2,7
"1990","6207雷科","110/09/08","國票-台南",0,10,-10
"1991","6207雷科","110/09/08","永豐金-高雄",7,0,7
"1992","6207雷科","110/09/08","富邦-虎尾",0,10,-10
"1993","6207雷科","110/09/08","統一-敦南",5,0,5
"1994","6207雷科","110/09/08","中國信託-三重",0,8,-8
"1995","6207雷科","110/09/08","新光",5,0,5
"1996","6207雷科","110/09/08","凱基-台北",20,28,-8
"1997","6207雷科","110/09/08","元大-苑裡",5,0,5
"1998","6207雷科","110/09/08","元大-樹林",0,7,-7
"1999","6207雷科","110/09/08","玉山-大里",4,0,4
"2000","6207雷科","110/09/08","玉山-左營",1,7,-6
"2001","6207雷科","110/09/08","群益金鼎-瑞豐",4,0,4
"2002","6207雷科","110/09/08","台新-台南",0,5,-5
"2003","6207雷科","110/09/08","元大-南海",4,0,4
"2004","6207雷科","110/09/08","華南永昌-內壢",0,5,-5
"2005","6207雷科","110/09/08","臺銀-高雄",3,0,3
"2006","6207雷科","110/09/08","國泰-板橋",0,4,-4
"2007","6207雷科","110/09/08","高橋",3,0,3
"2008","6207雷科","110/09/08","日盛-士林",0,3,-3
"2009","6207雷科","110/09/08","新光-台中",3,0,3
"2010","6207雷科","110/09/08","華南永昌-淡水",0,3,-3
"2011","3679新至陞","110/09/08","元大-大天母",10,0,10
"2012","3679新至陞","110/09/08","華南永昌-台中",0,21,-21
"2013","3679新至陞","110/09/08","凱基-長庚",8,0,8
"2014","3679新至陞","110/09/08","瑞士信貸",0,14,-14
"2015","3679新至陞","110/09/08","華南永昌-小港",5,0,5
"2016","3679新至陞","110/09/08","摩根大通",0,9,-9
"2017","3679新至陞","110/09/08","元大-北三重",5,0,5
"2018","3679新至陞","110/09/08","凱基-台北",3,10,-7
"2019","3679新至陞","110/09/08","日盛-台中",4,0,4
"2020","3679新至陞","110/09/08","台灣摩根士丹利",0,6,-6
"2021","3679新至陞","110/09/08","日盛-嘉義",3,0,3
"2022","3679新至陞","110/09/08","元富-基隆",0,5,-5
"2023","3679新至陞","110/09/08","國票-台東",3,0,3
"2024","3679新至陞","110/09/08","富邦-陽明",0,5,-5
"2025","3679新至陞","110/09/08","元大-板橋",3,0,3
"2026","3679新至陞","110/09/08","玉山-台大",0,4,-4
"2027","3679新至陞","110/09/08","土銀-士林",2,0,2
"2028","3679新至陞","110/09/08","元大證券",2,6,-4
"2029","3679新至陞","110/09/08","宏遠-館前",2,0,2
"2030","3679新至陞","110/09/08","凱基-東勢",0,3,-3
"2031","3679新至陞","110/09/08","元富-緯城",2,0,2
"2032","3679新至陞","110/09/08","華南永昌-麻豆",0,3,-3
"2033","3679新至陞","110/09/08","日茂",2,0,2
"2034","3679新至陞","110/09/08","元大-竹北",0,3,-3
"2035","3679新至陞","110/09/08","兆豐-竹北",2,0,2
"2036","3679新至陞","110/09/08","凱基-彰化",0,2,-2
"2037","3679新至陞","110/09/08","國票-九鼎",2,0,2
"2038","3679新至陞","110/09/08","富邦-板橋",0,2,-2
"2039","3679新至陞","110/09/08","玉山-嘉義",2,0,2
"2040","3679新至陞","110/09/08","元大-土城",0,2,-2
"2041","2727王品","110/09/08","元大-台中中港",268,0,268
"2042","2727王品","110/09/08","宏遠證券",0,81,-81
"2043","2727王品","110/09/08","台灣摩根士丹利",93,4,89
"2044","2727王品","110/09/08","台灣匯立證券",0,58,-58
"2045","2727王品","110/09/08","凱基-台北",117,41,76
"2046","2727王品","110/09/08","元大-忠孝",1,59,-58
"2047","2727王品","110/09/08","港商野村",91,17,74
"2048","2727王品","110/09/08","美商高盛",91,148,-57
"2049","2727王品","110/09/08","新加坡商瑞銀",22,0,22
"2050","2727王品","110/09/08","新光-台中",2,47,-45
"2051","2727王品","110/09/08","摩根大通",71,50,21
"2052","2727王品","110/09/08","元富-安南",0,31,-31
"2053","2727王品","110/09/08","美林",49,32,17
"2054","2727王品","110/09/08","永豐金證券",3,33,-30
"2055","2727王品","110/09/08","兆豐-新莊",18,1,17
"2056","2727王品","110/09/08","永豐金-松山",0,27,-27
"2057","2727王品","110/09/08","(牛牛牛)亞-鑫豐",17,2,15
"2058","2727王品","110/09/08","國泰-敦南",22,46,-24
"2059","2727王品","110/09/08","日盛-屏東",15,1,14
"2060","2727王品","110/09/08","富邦-南屯",6,25,-19
"2061","2727王品","110/09/08","新光",25,13,12
"2062","2727王品","110/09/08","凱基-台東",1,19,-18
"2063","2727王品","110/09/08","德信",10,0,10
"2064","2727王品","110/09/08","瑞士信貸",2,19,-17
"2065","2727王品","110/09/08","台新證券",23,14,9
"2066","2727王品","110/09/08","永豐金-中和",0,17,-17
"2067","2727王品","110/09/08","凱基-板橋",10,2,8
"2068","2727王品","110/09/08","富邦-台中",2,16,-14
"2069","2727王品","110/09/08","永豐金-嘉義",7,0,7
"2070","2727王品","110/09/08","中國信託-忠孝",0,13,-13
"2071","1570力肯","110/09/08","國票-和平",76,0,76
"2072","1570力肯","110/09/08","凱基-台北",0,64,-64
"2073","1570力肯","110/09/08","陽信",34,0,34
"2074","1570力肯","110/09/08","新光",2,36,-34
"2075","1570力肯","110/09/08","日盛-宜蘭",25,0,25
"2076","1570力肯","110/09/08","元大-內湖",0,30,-30
"2077","1570力肯","110/09/08","群益金鼎-中港",10,0,10
"2078","1570力肯","110/09/08","新光-新竹",0,18,-18
"2079","1570力肯","110/09/08","群益金鼎-中壢",10,0,10
"2080","1570力肯","110/09/08","摩根大通",0,14,-14
"2081","1570力肯","110/09/08","富邦-彰化",10,0,10
"2082","1570力肯","110/09/08","日盛-板橋",0,13,-13
"2083","1570力肯","110/09/08","永豐金-屏東",10,0,10
"2084","1570力肯","110/09/08","兆豐-新營",0,11,-11
"2085","1570力肯","110/09/08","國票-南科",8,0,8
"2086","1570力肯","110/09/08","群益金鼎-高雄",0,11,-11
"2087","1570力肯","110/09/08","永豐金-苓雅",8,0,8
"2088","1570力肯","110/09/08","富邦-新店",0,10,-10
"2089","1570力肯","110/09/08","元大-龍潭",7,0,7
"2090","1570力肯","110/09/08","永豐金-新竹",0,9,-9
"2091","1570力肯","110/09/08","彰銀-七賢",6,0,6
"2092","1570力肯","110/09/08","台灣摩根士丹利",0,7,-7
"2093","1570力肯","110/09/08","臺銀-新竹",5,0,5
"2094","1570力肯","110/09/08","凱基-文心",5,12,-7
"2095","1570力肯","110/09/08","群益金鼎-鳳山",5,0,5
"2096","1570力肯","110/09/08","統一-新竹",0,5,-5
"2097","1570力肯","110/09/08","元大-大里",5,0,5
"2098","1570力肯","110/09/08","元大-竹科",0,5,-5
"2099","1570力肯","110/09/08","元大-新竹經國",5,0,5
"2100","1570力肯","110/09/08","元大-敦化",0,5,-5
"2101","6180橘子","110/09/08","富邦-仁愛",40,0,40
"2102","6180橘子","110/09/08","摩根大通",28,50,-22
"2103","6180橘子","110/09/08","新光-桃園",17,0,17
"2104","6180橘子","110/09/08","兆豐-埔墘",0,10,-10
"2105","6180橘子","110/09/08","群益金鼎-台中",10,0,10
"2106","6180橘子","110/09/08","元大-大安",0,10,-10
"2107","6180橘子","110/09/08","富邦-中壢",8,0,8
"2108","6180橘子","110/09/08","國泰-敦南",1,10,-9
"2109","6180橘子","110/09/08","中國信託",8,1,7
"2110","6180橘子","110/09/08","凱基-三重",0,9,-9
"2111","6180橘子","110/09/08","中國信託-文心",55,50,5
"2112","6180橘子","110/09/08","富邦-員林",0,9,-9
"2113","6180橘子","110/09/08","台新證券",5,0,5
"2114","6180橘子","110/09/08","元大-台南",1,10,-9
"2115","6180橘子","110/09/08","群益金鼎-東湖",5,0,5
"2116","6180橘子","110/09/08","美商高盛",0,8,-8
"2117","6180橘子","110/09/08","凱基-台北",20,15,5
"2118","6180橘子","110/09/08","國票-南港",0,6,-6
"2119","6180橘子","110/09/08","華南永昌-公誠",5,0,5
"2120","6180橘子","110/09/08","新光",2,8,-6
"2121","6180橘子","110/09/08","日盛-園區",4,0,4
"2122","6180橘子","110/09/08","富邦-嘉義",0,6,-6
"2123","6180橘子","110/09/08","臺銀-民權",3,0,3
"2124","6180橘子","110/09/08","新加坡商瑞銀",5,10,-5
"2125","6180橘子","110/09/08","統一-台中",3,0,3
"2126","6180橘子","110/09/08","元富-民權",0,5,-5
"2127","6180橘子","110/09/08","元富-台中",3,0,3
"2128","6180橘子","110/09/08","元富-新興",0,5,-5
"2129","6180橘子","110/09/08","玉山-高雄",3,0,3
"2130","6180橘子","110/09/08","台中銀-員林",0,5,-5
"2131","2390云辰","110/09/08","元大-土城學府",222,60,162
"2132","2390云辰","110/09/08","摩根大通",5,343,-338
"2133","2390云辰","110/09/08","國票-安和",150,0,150
"2134","2390云辰","110/09/08","台灣摩根士丹利",78,309,-231
"2135","2390云辰","110/09/08","美商高盛",200,58,142
"2136","2390云辰","110/09/08","美林",31,179,-148
"2137","2390云辰","110/09/08","元大證券",127,35,92
"2138","2390云辰","110/09/08","華南永昌-中正",6,113,-107
"2139","2390云辰","110/09/08","元富-安南",93,2,91
"2140","2390云辰","110/09/08","統一-新台中",0,85,-85
"2141","2390云辰","110/09/08","凱基-高雄",70,6,64
"2142","2390云辰","110/09/08","港商野村",251,318,-67
"2143","2390云辰","110/09/08","華南永昌-楠梓",95,35,60
"2144","2390云辰","110/09/08","玉山-台中",3,57,-54
"2145","2390云辰","110/09/08","新光-高雄",60,20,40
"2146","2390云辰","110/09/08","國票-博愛",60,110,-50
"2147","2390云辰","110/09/08","凱基-八德",40,0,40
"2148","2390云辰","110/09/08","玉山-新莊",10,50,-40
"2149","2390云辰","110/09/08","元大-南屯",51,21,30
"2150","2390云辰","110/09/08","大慶-富順",10,39,-29
"2151","2390云辰","110/09/08","凱基-台北",200,174,26
"2152","2390云辰","110/09/08","元大-松江",1,30,-29
"2153","2390云辰","110/09/08","康和",25,0,25
"2154","2390云辰","110/09/08","凱基-虎尾",1,28,-27
"2155","2390云辰","110/09/08","永豐金-中壢",25,0,25
"2156","2390云辰","110/09/08","富邦-竹北",13,40,-27
"2157","2390云辰","110/09/08","台新-高雄",26,2,24
"2158","2390云辰","110/09/08","新加坡商瑞銀",93,115,-22
"2159","2390云辰","110/09/08","台新-台中",59,36,23
"2160","2390云辰","110/09/08","凱基-長庚",1,21,-20
"2161","2834臺企銀","110/09/07","國票-敦北法人",10123,14,10109
"2162","2834臺企銀","110/09/07","凱基-台北",8942,16307,-7365
"2163","2834臺企銀","110/09/07","瑞士信貸",7521,1120,6401
"2164","2834臺企銀","110/09/07","台灣摩根士丹利",114,5259,-5145
"2165","2834臺企銀","110/09/07","日盛-三峽",2978,40,2938
"2166","2834臺企銀","110/09/07","美商高盛",265,2876,-2611
"2167","2834臺企銀","110/09/07","摩根大通",2105,171,1934
"2168","2834臺企銀","110/09/07","永豐金-中和",6,2006,-2000
"2169","2834臺企銀","110/09/07","國票-南港",1040,0,1040
"2170","2834臺企銀","110/09/07","華南永昌",74,2029,-1955
"2171","2834臺企銀","110/09/07","新光",1207,187,1020
"2172","2834臺企銀","110/09/07","聯邦-富強",0,1900,-1900
"2173","2834臺企銀","110/09/07","美林",2413,1412,1001
"2174","2834臺企銀","110/09/07","富邦-南屯",30,1322,-1292
"2175","2834臺企銀","110/09/07","華南永昌-彰化",717,5,712
"2176","2834臺企銀","110/09/07","凱基-基隆",14,1199,-1185
"2177","2834臺企銀","110/09/07","港商法國興業",709,7,702
"2178","2834臺企銀","110/09/07","統一-板橋",2,1065,-1063
"2179","2834臺企銀","110/09/07","日盛-二林",645,10,635
"2180","2834臺企銀","110/09/07","國票-長城",0,1000,-1000
"2181","2834臺企銀","110/09/07","元大-桃園",511,11,500
"2182","2834臺企銀","110/09/07","法銀巴黎",0,932,-932
"2183","2834臺企銀","110/09/07","台灣企銀-太平",477,12,465
"2184","2834臺企銀","110/09/07","凱基-八德",3,602,-599
"2185","2834臺企銀","110/09/07","凱基-湖口",414,31,383
"2186","2834臺企銀","110/09/07","永豐金-博愛",4,506,-502
"2187","2834臺企銀","110/09/07","玉山-台中",389,27,362
"2188","2834臺企銀","110/09/07","台新-三民",64,558,-494
"2189","2834臺企銀","110/09/07","永豐金-埔里",350,30,320
"2190","2834臺企銀","110/09/07","元大-彰化",1,482,-481
"2191","5511德昌","110/09/07","瑞士信貸",5,0,5
"2192","5511德昌","110/09/07","康和-內湖",0,4,-4
"2193","5511德昌","110/09/07","國泰-高雄",2,0,2
"2194","5511德昌","110/09/07","凱基-台南",0,3,-3
"2195","5511德昌","110/09/07","富邦-高雄",2,0,2
"2196","5511德昌","110/09/07","新光",0,2,-2
"2197","5511德昌","110/09/07","臺銀-臺南",1,0,1
"2198","5511德昌","110/09/07","日盛-新竹",0,1,-1
"2199","5511德昌","110/09/07","元富-安南",1,0,1
"2200","5511德昌","110/09/07","玉山-板橋",0,1,-1
"2201","5511德昌","110/09/07","新光-高雄",1,0,1
"2202","5511德昌","110/09/07","玉山-左營",0,1,-1
"2203","5511德昌","110/09/07","富邦-台北",1,0,1
"2204","5511德昌","110/09/07","凱基-市府",0,1,-1
"2205","5511德昌","110/09/07","國票-南崁",0,0,0
"2206","5511德昌","110/09/07","國票-南崁",0,0,0
"2207","5511德昌","110/09/07","元大-太平",0,0,0
"2208","5511德昌","110/09/07","元大-太平",0,0,0
"2209","5511德昌","110/09/07","",NA,NA,NA
"2210","5511德昌","110/09/07","",NA,NA,NA
"2211","5511德昌","110/09/07","",NA,NA,NA
"2212","5511德昌","110/09/07","",NA,NA,NA
"2213","5511德昌","110/09/07","",NA,NA,NA
"2214","5511德昌","110/09/07","",NA,NA,NA
"2215","5511德昌","110/09/07","",NA,NA,NA
"2216","5511德昌","110/09/07","",NA,NA,NA
"2217","5511德昌","110/09/07","",NA,NA,NA
"2218","5511德昌","110/09/07","",NA,NA,NA
"2219","5511德昌","110/09/07","",NA,NA,NA
"2220","5511德昌","110/09/07","",NA,NA,NA
"2221","2489瑞軒","110/09/07","凱基-台北",642,132,510
"2222","2489瑞軒","110/09/07","第一金-澎湖",5,330,-325
"2223","2489瑞軒","110/09/07","瑞士信貸",441,5,436
"2224","2489瑞軒","110/09/07","第一金-新興",0,196,-196
"2225","2489瑞軒","110/09/07","港商野村",433,78,355
"2226","2489瑞軒","110/09/07","凱基-竹北",1,110,-109
"2227","2489瑞軒","110/09/07","美林",434,175,259
"2228","2489瑞軒","110/09/07","康和-台中",5,106,-101
"2229","2489瑞軒","110/09/07","美商高盛",292,84,208
"2230","2489瑞軒","110/09/07","元富-文心",0,100,-100
"2231","2489瑞軒","110/09/07","元大-豐原",201,0,201
"2232","2489瑞軒","110/09/07","凱基-桃園",0,83,-83
"2233","2489瑞軒","110/09/07","摩根大通",291,155,136
"2234","2489瑞軒","110/09/07","群益金鼎-中壢",0,67,-67
"2235","2489瑞軒","110/09/07","台灣摩根士丹利",127,24,103
"2236","2489瑞軒","110/09/07","元大-清水",31,95,-64
"2237","2489瑞軒","110/09/07","永豐金-板盛",100,0,100
"2238","2489瑞軒","110/09/07","新光",10,71,-61
"2239","2489瑞軒","110/09/07","元大-大同",75,13,62
"2240","2489瑞軒","110/09/07","國票-台中",0,58,-58
"2241","2489瑞軒","110/09/07","土銀-新竹",54,1,53
"2242","2489瑞軒","110/09/07","統一-桃園",0,50,-50
"2243","2489瑞軒","110/09/07","兆豐-台南",50,0,50
"2244","2489瑞軒","110/09/07","合庫-桃園",4,53,-49
"2245","2489瑞軒","110/09/07","新加坡商瑞銀",157,108,49
"2246","2489瑞軒","110/09/07","華南永昌-虎尾",139,187,-48
"2247","2489瑞軒","110/09/07","元富-台中",50,2,48
"2248","2489瑞軒","110/09/07","凱基-中山",0,43,-43
"2249","2489瑞軒","110/09/07","日盛-三峽",50,5,45
"2250","2489瑞軒","110/09/07","合庫-台中",7,48,-41
"2251","2428興勤","110/09/07","台灣摩根士丹利",12,1,11
"2252","2428興勤","110/09/07","統一",0,10,-10
"2253","2428興勤","110/09/07","日盛-新竹",10,0,10
"2254","2428興勤","110/09/07","元富-新竹",0,10,-10
"2255","2428興勤","110/09/07","美商高盛",12,2,10
"2256","2428興勤","110/09/07","玉山證券",0,8,-8
"2257","2428興勤","110/09/07","美林",11,4,7
"2258","2428興勤","110/09/07","港商野村",0,6,-6
"2259","2428興勤","110/09/07","瑞士信貸",6,0,6
"2260","2428興勤","110/09/07","國票-敦北法人",1,6,-5
"2261","2428興勤","110/09/07","中國信託",5,0,5
"2262","2428興勤","110/09/07","新光",1,6,-5
"2263","2428興勤","110/09/07","國泰-高雄",5,0,5
"2264","2428興勤","110/09/07","中國信託-新竹",0,4,-4
"2265","2428興勤","110/09/07","國泰-板橋",5,0,5
"2266","2428興勤","110/09/07","國票",0,4,-4
"2267","2428興勤","110/09/07","新加坡商瑞銀",8,4,4
"2268","2428興勤","110/09/07","元大-新盛",1,5,-4
"2269","2428興勤","110/09/07","康和-台中",4,0,4
"2270","2428興勤","110/09/07","日盛-花蓮",0,3,-3
"2271","2428興勤","110/09/07","元富-城東",3,0,3
"2272","2428興勤","110/09/07","第一金-豐原",0,3,-3
"2273","2428興勤","110/09/07","群益金鼎-土城",3,0,3
"2274","2428興勤","110/09/07","摩根大通",30,33,-3
"2275","2428興勤","110/09/07","凱基-永康",3,0,3
"2276","2428興勤","110/09/07","凱基-三重",4,7,-3
"2277","2428興勤","110/09/07","合庫-高雄",2,0,2
"2278","2428興勤","110/09/07","凱基-高雄",0,3,-3
"2279","2428興勤","110/09/07","日盛-忠孝",2,0,2
"2280","2428興勤","110/09/07","凱基-松山",4,7,-3
"2281","3176基亞","110/09/07","新加坡商瑞銀",44,4,40
"2282","3176基亞","110/09/07","日盛-忠孝",1,24,-23
"2283","3176基亞","110/09/07","日盛-板橋中山",32,0,32
"2284","3176基亞","110/09/07","富邦-員林",2,14,-12
"2285","3176基亞","110/09/07","美商高盛",18,2,16
"2286","3176基亞","110/09/07","凱基-高美館",0,11,-11
"2287","3176基亞","110/09/07","凱基-屏東",15,0,15
"2288","3176基亞","110/09/07","致和證券",0,10,-10
"2289","3176基亞","110/09/07","摩根大通",19,5,14
"2290","3176基亞","110/09/07","國票-中正",0,10,-10
"2291","3176基亞","110/09/07","富邦-新店",12,0,12
"2292","3176基亞","110/09/07","國票-北投",0,9,-9
"2293","3176基亞","110/09/07","凱基-東門",10,0,10
"2294","3176基亞","110/09/07","新光",1,10,-9
"2295","3176基亞","110/09/07","元大-大雅",10,0,10
"2296","3176基亞","110/09/07","元大-中壢",0,9,-9
"2297","3176基亞","110/09/07","玉山-嘉義",9,0,9
"2298","3176基亞","110/09/07","富邦-高雄",0,8,-8
"2299","3176基亞","110/09/07","元大-新竹經國",9,0,9
"2300","3176基亞","110/09/07","合庫-基隆",0,7,-7
"2301","3176基亞","110/09/07","元大-和平",10,1,9
"2302","3176基亞","110/09/07","國泰-板橋",1,8,-7
"2303","3176基亞","110/09/07","國泰-敦南",8,1,7
"2304","3176基亞","110/09/07","凱基-站前",0,7,-7
"2305","3176基亞","110/09/07","華南永昌-嘉義",6,0,6
"2306","3176基亞","110/09/07","日盛-和美",2,8,-6
"2307","3176基亞","110/09/07","富邦-新竹",6,0,6
"2308","3176基亞","110/09/07","國泰-台中",0,6,-6
"2309","3176基亞","110/09/07","元大-草屯",6,0,6
"2310","3176基亞","110/09/07","合庫-鳳山",0,5,-5
"2311","2409友達","110/09/07","台灣摩根士丹利",31020,10876,20144
"2312","2409友達","110/09/07","瑞士信貸",3123,26453,-23330
"2313","2409友達","110/09/07","永豐金證券",11577,62,11515
"2314","2409友達","110/09/07","華南永昌-南京",72,8467,-8395
"2315","2409友達","110/09/07","元大證券",9263,2104,7159
"2316","2409友達","110/09/07","美商高盛",586,4838,-4252
"2317","2409友達","110/09/07","大昌-桃園",4059,47,4012
"2318","2409友達","110/09/07","美林",6133,8509,-2376
"2319","2409友達","110/09/07","花旗環球",2996,56,2940
"2320","2409友達","110/09/07","港商野村",3918,6196,-2278
"2321","2409友達","110/09/07","國泰證券",2706,449,2257
"2322","2409友達","110/09/07","玉山-高雄",118,1047,-929
"2323","2409友達","110/09/07","摩根大通",5858,4102,1756
"2324","2409友達","110/09/07","元大-館前",53,862,-809
"2325","2409友達","110/09/07","富邦證券",1311,47,1264
"2326","2409友達","110/09/07","港商法國興業",115,765,-650
"2327","2409友達","110/09/07","新加坡商瑞銀",6869,6047,822
"2328","2409友達","110/09/07","玉山證券",198,806,-608
"2329","2409友達","110/09/07","永豐金-台南",849,160,689
"2330","2409友達","110/09/07","元富",2,526,-524
"2331","2409友達","110/09/07","元富-安南",686,102,584
"2332","2409友達","110/09/07","(牛牛牛)亞-鑫豐",170,690,-520
"2333","2409友達","110/09/07","永豐金-中壢",637,53,584
"2334","2409友達","110/09/07","日盛證券",225,683,-458
"2335","2409友達","110/09/07","元大-南屯",725,154,571
"2336","2409友達","110/09/07","元富-城東",51,468,-417
"2337","2409友達","110/09/07","富邦-南屯",570,90,480
"2338","2409友達","110/09/07","台新證券",969,1353,-384
"2339","2409友達","110/09/07","台新-台南",661,200,461
"2340","2409友達","110/09/07","兆豐-忠孝",46,424,-378
"2341","1315達新","110/09/07","日盛-大墩",2,0,2
"2342","1315達新","110/09/07","港商法國興業",0,4,-4
"2343","1315達新","110/09/07","台灣摩根士丹利",3,1,2
"2344","1315達新","110/09/07","元大-文心興安",1,3,-2
"2345","1315達新","110/09/07","元大-花蓮",2,0,2
"2346","1315達新","110/09/07","群益金鼎-古亭",0,2,-2
"2347","1315達新","110/09/07","玉山-新莊",2,0,2
"2348","1315達新","110/09/07","永豐金-台南",0,1,-1
"2349","1315達新","110/09/07","永豐金-南投",1,0,1
"2350","1315達新","110/09/07","元大-新竹經國",0,1,-1
"2351","1315達新","110/09/07","臺銀",1,0,1
"2352","1315達新","110/09/07","元大-景美",0,1,-1
"2353","1315達新","110/09/07","元大-福營",1,0,1
"2354","1315達新","110/09/07","富邦-左營",0,1,-1
"2355","1315達新","110/09/07","富邦-台中",1,0,1
"2356","1315達新","110/09/07","華南永昌",0,1,-1
"2357","1315達新","110/09/07","聯邦-富強",1,0,1
"2358","1315達新","110/09/07","凱基-台北",0,1,-1
"2359","1315達新","110/09/07","新光",1,0,1
"2360","1315達新","110/09/07","元富-世貿",0,1,-1
"2361","1315達新","110/09/07","台新-台中",1,0,1
"2362","1315達新","110/09/07","美林",0,1,-1
"2363","1315達新","110/09/07","新加坡商瑞銀",1,0,1
"2364","1315達新","110/09/07","群益金鼎-台南",0,0,0
"2365","1315達新","110/09/07","國泰-敦南",0,0,0
"2366","1315達新","110/09/07","群益金鼎-士林",0,0,0
"2367","1315達新","110/09/07","群益金鼎-士林",0,0,0
"2368","1315達新","110/09/07","國泰-敦南",0,0,0
"2369","1315達新","110/09/07","群益金鼎-台南",0,0,0
"2370","1315達新","110/09/07","元富-城中",0,0,0
"2371","2609陽明","110/09/07","康和",7261,45,7216
"2372","2609陽明","110/09/07","瑞士信貸",2100,5289,-3189
"2373","2609陽明","110/09/07","凱基-台北",6900,1220,5680
"2374","2609陽明","110/09/07","富邦證券",4313,6250,-1937
"2375","2609陽明","110/09/07","新加坡商瑞銀",3022,307,2715
"2376","2609陽明","110/09/07","華南永昌-竹北",34,688,-654
"2377","2609陽明","110/09/07","永豐金-信義",2164,37,2127
"2378","2609陽明","110/09/07","元大-士林",5347,5967,-620
"2379","2609陽明","110/09/07","福邦-新竹",828,9,819
"2380","2609陽明","110/09/07","玉山證券",636,1209,-573
"2381","2609陽明","110/09/07","元大證券",2539,1912,627
"2382","2609陽明","110/09/07","元大-土城永寧",152,677,-525
"2383","2609陽明","110/09/07","統一-仁愛",1929,1334,595
"2384","2609陽明","110/09/07","兆豐-板橋",446,910,-464
"2385","2609陽明","110/09/07","凱基-竹北",757,192,565
"2386","2609陽明","110/09/07","富邦-仁愛",471,922,-451
"2387","2609陽明","110/09/07","日盛-文化",578,139,439
"2388","2609陽明","110/09/07","台新證券",1959,2389,-430
"2389","2609陽明","110/09/07","凱基-復興",677,255,422
"2390","2609陽明","110/09/07","統一-彰化",119,522,-403
"2391","2609陽明","110/09/07","國票-安和",913,503,410
"2392","2609陽明","110/09/07","元大-北屯",432,833,-401
"2393","2609陽明","110/09/07","永豐金-市政",536,129,407
"2394","2609陽明","110/09/07","永豐金證券",69,449,-380
"2395","2609陽明","110/09/07","兆豐-虎尾",9131,8725,406
"2396","2609陽明","110/09/07","國泰-館前",600,940,-340
"2397","2609陽明","110/09/07","凱基-板橋",431,107,324
"2398","2609陽明","110/09/07","宏遠-高雄",210,526,-316
"2399","2609陽明","110/09/07","摩根大通",6328,6053,275
"2400","2609陽明","110/09/07","新光",2364,2650,-286
"2401","2636台驊投控","110/09/07","統一",532,304,228
"2402","2636台驊投控","110/09/07","瑞士信貸",100,599,-499
"2403","2636台驊投控","110/09/07","凱基-信義",176,4,172
"2404","2636台驊投控","110/09/07","日盛-台中",160,410,-250
"2405","2636台驊投控","110/09/07","元富-嘉義",114,12,102
"2406","2636台驊投控","110/09/07","美林",438,672,-234
"2407","2636台驊投控","110/09/07","兆豐證券",100,0,100
"2408","2636台驊投控","110/09/07","華南永昌-竹北",54,274,-220
"2409","2636台驊投控","110/09/07","兆豐-中壢",98,14,84
"2410","2636台驊投控","110/09/07","摩根大通",875,1090,-215
"2411","2636台驊投控","110/09/07","統一-基隆",147,68,79
"2412","2636台驊投控","110/09/07","台灣摩根士丹利",182,360,-178
"2413","2636台驊投控","110/09/07","日盛-景美",122,60,62
"2414","2636台驊投控","110/09/07","玉山證券",62,190,-128
"2415","2636台驊投控","110/09/07","群益金鼎-竹南",65,4,61
"2416","2636台驊投控","110/09/07","新加坡商瑞銀",78,180,-102
"2417","2636台驊投控","110/09/07","富邦-仁愛",175,122,53
"2418","2636台驊投控","110/09/07","新光",382,451,-69
"2419","2636台驊投控","110/09/07","統一-南京",125,76,49
"2420","2636台驊投控","110/09/07","華南永昌-潮州",1,62,-61
"2421","2636台驊投控","110/09/07","兆豐-南京",61,19,42
"2422","2636台驊投控","110/09/07","日盛證券",96,153,-57
"2423","2636台驊投控","110/09/07","兆豐-三民",61,20,41
"2424","2636台驊投控","110/09/07","凱基-台北",900,956,-56
"2425","2636台驊投控","110/09/07","富邦-虎尾",45,4,41
"2426","2636台驊投控","110/09/07","兆豐-新莊",39,84,-45
"2427","2636台驊投控","110/09/07","元大-南屯",68,27,41
"2428","2636台驊投控","110/09/07","美商高盛",184,228,-44
"2429","2636台驊投控","110/09/07","富邦-台北",90,50,40
"2430","2636台驊投控","110/09/07","統一-新台中",3,38,-35
"2431","2867三商壽","110/09/07","瑞士信貸",329,0,329
"2432","2867三商壽","110/09/07","國泰-台中",5,177,-172
"2433","2867三商壽","110/09/07","美林",187,10,177
"2434","2867三商壽","110/09/07","凱基-中壢",0,140,-140
"2435","2867三商壽","110/09/07","玉山-城中",100,0,100
"2436","2867三商壽","110/09/07","凱基-市府",0,100,-100
"2437","2867三商壽","110/09/07","凱基-台北",70,18,52
"2438","2867三商壽","110/09/07","亞東",0,63,-63
"2439","2867三商壽","110/09/07","聯邦-嘉義",50,0,50
"2440","2867三商壽","110/09/07","摩根大通",17,77,-60
"2441","2867三商壽","110/09/07","華南永昌-台南",50,0,50
"2442","2867三商壽","110/09/07","宏遠-台中",0,55,-55
"2443","2867三商壽","110/09/07","華南永昌-淡水",50,0,50
"2444","2867三商壽","110/09/07","元大-崇德",0,53,-53
"2445","2867三商壽","110/09/07","台灣摩根士丹利",46,7,39
"2446","2867三商壽","110/09/07","統一-台南",0,50,-50
"2447","2867三商壽","110/09/07","臺銀-高雄",31,0,31
"2448","2867三商壽","110/09/07","統一-新竹",0,40,-40
"2449","2867三商壽","110/09/07","日盛-嘉義",30,0,30
"2450","2867三商壽","110/09/07","元富-基隆",0,40,-40
"2451","2867三商壽","110/09/07","富邦-新營",30,0,30
"2452","2867三商壽","110/09/07","統一-屏東",0,30,-30
"2453","2867三商壽","110/09/07","永豐金-北高雄",30,0,30
"2454","2867三商壽","110/09/07","宏遠-中和",0,28,-28
"2455","2867三商壽","110/09/07","國票-九鼎",35,6,29
"2456","2867三商壽","110/09/07","兆豐-桃園",0,26,-26
"2457","2867三商壽","110/09/07","新加坡商瑞銀",26,0,26
"2458","2867三商壽","110/09/07","元大-永春",0,25,-25
"2459","2867三商壽","110/09/07","凱基-興隆",25,0,25
"2460","2867三商壽","110/09/07","元富-古亭",0,22,-22
"2461","5521工信","110/09/07","凱基-台北",1776,1363,413
"2462","5521工信","110/09/07","富邦-台北",3,1100,-1097
"2463","5521工信","110/09/07","台新證券",251,4,247
"2464","5521工信","110/09/07","元富",5,887,-882
"2465","5521工信","110/09/07","國泰-敦南",202,7,195
"2466","5521工信","110/09/07","國票-敦北法人",4,818,-814
"2467","5521工信","110/09/07","玉山-左營",114,0,114
"2468","5521工信","110/09/07","摩根大通",67,535,-468
"2469","5521工信","110/09/07","富邦-敦南",82,0,82
"2470","5521工信","110/09/07","台灣摩根士丹利",5,141,-136
"2471","5521工信","110/09/07","元大-南屯",63,0,63
"2472","5521工信","110/09/07","美商高盛",0,92,-92
"2473","5521工信","110/09/07","元大-淡水",60,8,52
"2474","5521工信","110/09/07","兆豐-北高雄",14,102,-88
"2475","5521工信","110/09/07","台新-新莊",51,0,51
"2476","5521工信","110/09/07","元大-中壢",5,90,-85
"2477","5521工信","110/09/07","合庫-基隆",50,0,50
"2478","5521工信","110/09/07","港商野村",0,72,-72
"2479","5521工信","110/09/07","元富-花蓮",50,0,50
"2480","5521工信","110/09/07","(牛牛牛)亞-鑫豐",24,83,-59
"2481","5521工信","110/09/07","國票-安和",50,0,50
"2482","5521工信","110/09/07","元大-西門",3,62,-59
"2483","5521工信","110/09/07","福勝",49,0,49
"2484","5521工信","110/09/07","國票-中港",0,50,-50
"2485","5521工信","110/09/07","中國信託-三重",48,0,48
"2486","5521工信","110/09/07","元大-崇德",0,44,-44
"2487","5521工信","110/09/07","永豐金-松山",51,3,48
"2488","5521工信","110/09/07","台新-新營",0,30,-30
"2489","5521工信","110/09/07","國泰-台中",55,8,47
"2490","5521工信","110/09/07","凱基-大里",1,31,-30
"2491","1471首利","110/09/07","兆豐-桃園",30,0,30
"2492","1471首利","110/09/07","元大-民雄",0,50,-50
"2493","1471首利","110/09/07","光和-溪湖",21,0,21
"2494","1471首利","110/09/07","凱基-台北",0,30,-30
"2495","1471首利","110/09/07","群益金鼎-海山",29,8,21
"2496","1471首利","110/09/07","永豐金證券",0,30,-30
"2497","1471首利","110/09/07","群益金鼎-土城",20,0,20
"2498","1471首利","110/09/07","元大-西門",0,18,-18
"2499","1471首利","110/09/07","群益金鼎-東門",20,0,20
"2500","1471首利","110/09/07","凱基-科園",0,13,-13
"2501","1471首利","110/09/07","日盛-高雄",18,0,18
"2502","1471首利","110/09/07","元大-台南",0,13,-13
"2503","1471首利","110/09/07","瑞士信貸",18,2,16
"2504","1471首利","110/09/07","元大-基隆孝二",0,11,-11
"2505","1471首利","110/09/07","元大-福營",12,0,12
"2506","1471首利","110/09/07","永豐金-竹科",0,11,-11
"2507","1471首利","110/09/07","元大-竹山",12,0,12
"2508","1471首利","110/09/07","宏遠-館前",0,10,-10
"2509","1471首利","110/09/07","光和",11,0,11
"2510","1471首利","110/09/07","兆豐-西螺",0,10,-10
"2511","1471首利","110/09/07","玉山-左營",11,0,11
"2512","1471首利","110/09/07","富邦-彰化",0,10,-10
"2513","1471首利","110/09/07","摩根大通",40,30,10
"2514","1471首利","110/09/07","元富-同大",2,10,-8
"2515","1471首利","110/09/07","華南永昌-台南",10,0,10
"2516","1471首利","110/09/07","台新-新莊",0,8,-8
"2517","1471首利","110/09/07","富邦-桃園",10,0,10
"2518","1471首利","110/09/07","新光",1,9,-8
"2519","1471首利","110/09/07","元大-文心興安",7,0,7
"2520","1471首利","110/09/07","永豐金-天母",0,8,-8
"2521","2883開發金","110/09/07","瑞士信貸",4415,0,4415
"2522","2883開發金","110/09/07","花旗環球",0,10298,-10298
"2523","2883開發金","110/09/07","新加坡商瑞銀",3882,173,3709
"2524","2883開發金","110/09/07","亞東-新竹",125,1505,-1380
"2525","2883開發金","110/09/07","凱基-台北",2794,633,2161
"2526","2883開發金","110/09/07","國泰證券",2,1001,-999
"2527","2883開發金","110/09/07","台新證券",1137,95,1042
"2528","2883開發金","110/09/07","中國信託-文心",33,444,-411
"2529","2883開發金","110/09/07","國票-長城",1000,0,1000
"2530","2883開發金","110/09/07","新光-桃園",27,426,-399
"2531","2883開發金","110/09/07","臺銀-鳳山",724,106,618
"2532","2883開發金","110/09/07","元富-同大",15,364,-349
"2533","2883開發金","110/09/07","美林",1016,437,579
"2534","2883開發金","110/09/07","華南永昌-林口",20,300,-280
"2535","2883開發金","110/09/07","港商野村",1836,1354,482
"2536","2883開發金","110/09/07","國泰-板橋",144,419,-275
"2537","2883開發金","110/09/07","元大-竹北",323,11,312
"2538","2883開發金","110/09/07","富邦-嘉義",19,275,-256
"2539","2883開發金","110/09/07","群益金鼎-桃園",308,20,288
"2540","2883開發金","110/09/07","永豐金-三重",23,260,-237
"2541","2883開發金","110/09/07","元大-蘆洲",307,23,284
"2542","2883開發金","110/09/07","台灣摩根士丹利",257,476,-219
"2543","2883開發金","110/09/07","統一-彰化",274,20,254
"2544","2883開發金","110/09/07","國票",7,216,-209
"2545","2883開發金","110/09/07","元大-花蓮",278,33,245
"2546","2883開發金","110/09/07","光和",4,212,-208
"2547","2883開發金","110/09/07","富邦-中壢",269,26,243
"2548","2883開發金","110/09/07","(牛牛牛)亞-鑫豐",27,218,-191
"2549","2883開發金","110/09/07","永豐金-苓雅",242,28,214
"2550","2883開發金","110/09/07","元大-民生",5,195,-190
"2551","6205詮欣","110/09/07","玉山-城中",7,0,7
"2552","6205詮欣","110/09/07","德信-新營",0,10,-10
"2553","6205詮欣","110/09/07","臺銀",5,0,5
"2554","6205詮欣","110/09/07","瑞士信貸",0,4,-4
"2555","6205詮欣","110/09/07","臺銀-民權",5,0,5
"2556","6205詮欣","110/09/07","日盛-新莊",0,2,-2
"2557","6205詮欣","110/09/07","日盛-三重",3,0,3
"2558","6205詮欣","110/09/07","富邦-永和",0,2,-2
"2559","6205詮欣","110/09/07","元大-汐止",3,0,3
"2560","6205詮欣","110/09/07","元大-竹北",0,2,-2
"2561","6205詮欣","110/09/07","新加坡商瑞銀",2,0,2
"2562","6205詮欣","110/09/07","元大-忠孝",0,2,-2
"2563","6205詮欣","110/09/07","玉山-新莊",2,0,2
"2564","6205詮欣","110/09/07","日盛-中壢",0,1,-1
"2565","6205詮欣","110/09/07","元富-基隆",1,0,1
"2566","6205詮欣","110/09/07","美林",1,2,-1
"2567","6205詮欣","110/09/07","群益金鼎-士林",1,0,1
"2568","6205詮欣","110/09/07","大慶-蘆洲",0,1,-1
"2569","6205詮欣","110/09/07","凱基-東門",1,0,1
"2570","6205詮欣","110/09/07","元富-潮州",0,1,-1
"2571","6205詮欣","110/09/07","華南永昌-古亭",1,0,1
"2572","6205詮欣","110/09/07","大昌-樹林",0,1,-1
"2573","6205詮欣","110/09/07","元大-南崁",1,0,1
"2574","6205詮欣","110/09/07","致和-崇德",0,1,-1
"2575","6205詮欣","110/09/07","兆豐-景美",1,1,0
"2576","6205詮欣","110/09/07","群益金鼎-館前",0,1,-1
"2577","6205詮欣","110/09/07","",NA,NA,NA
"2578","6205詮欣","110/09/07","凱基-台北",0,1,-1
"2579","6205詮欣","110/09/07","",NA,NA,NA
"2580","6205詮欣","110/09/07","華南永昌-苑裡",0,1,-1
"2581","1540喬福","110/09/07","元富-佳里",9,0,9
"2582","1540喬福","110/09/07","日盛-文化",0,32,-32
"2583","1540喬福","110/09/07","元富-板橋",7,0,7
"2584","1540喬福","110/09/07","日盛-台南",0,7,-7
"2585","1540喬福","110/09/07","日盛-鳳山",6,0,6
"2586","1540喬福","110/09/07","日盛-花蓮",0,3,-3
"2587","1540喬福","110/09/07","日盛-士林",3,0,3
"2588","1540喬福","110/09/07","凱基-台北",0,3,-3
"2589","1540喬福","110/09/07","元大-清水",2,0,2
"2590","1540喬福","110/09/07","日盛-中壢",0,1,-1
"2591","1540喬福","110/09/07","台灣企銀-嘉義",2,0,2
"2592","1540喬福","110/09/07","台新-台中",0,1,-1
"2593","1540喬福","110/09/07","群益金鼎-三民",2,0,2
"2594","1540喬福","110/09/07","富邦-左營",0,1,-1
"2595","1540喬福","110/09/07","台中銀-豐原",2,0,2
"2596","1540喬福","110/09/07","元富",1,1,0
"2597","1540喬福","110/09/07","元富-緯城",2,0,2
"2598","1540喬福","110/09/07","玉山-嘉義",0,0,0
"2599","1540喬福","110/09/07","統一-土城",2,0,2
"2600","1540喬福","110/09/07","群益金鼎-古亭",0,0,0
"2601","1540喬福","110/09/07","兆豐-北高雄",1,0,1
"2602","1540喬福","110/09/07","凱基-竹北",0,0,0
"2603","1540喬福","110/09/07","兆豐-高雄",1,0,1
"2604","1540喬福","110/09/07","凱基-興隆",0,0,0
"2605","1540喬福","110/09/07","台新證券",1,0,1
"2606","1540喬福","110/09/07","華南永昌-高雄",0,0,0
"2607","1540喬福","110/09/07","新光",1,0,1
"2608","1540喬福","110/09/07","",NA,NA,NA
"2609","1540喬福","110/09/07","群益金鼎-館前",1,0,1
"2610","1540喬福","110/09/07","",NA,NA,NA
"2611","2888新光金","110/09/07","瑞士信貸",3114,598,2516
"2612","2888新光金","110/09/07","永豐金證券",27,1084,-1057
"2613","2888新光金","110/09/07","新加坡商瑞銀",850,2,848
"2614","2888新光金","110/09/07","群益金鼎-嘉義",20,897,-877
"2615","2888新光金","110/09/07","日盛-樹林",703,0,703
"2616","2888新光金","110/09/07","永豐金-松山",0,838,-838
"2617","2888新光金","110/09/07","國票-長城",1500,800,700
"2618","2888新光金","110/09/07","永豐金-羅東",0,650,-650
"2619","2888新光金","110/09/07","統一-板橋",866,303,563
"2620","2888新光金","110/09/07","台灣摩根士丹利",194,694,-500
"2621","2888新光金","110/09/07","摩根大通",1147,744,403
"2622","2888新光金","110/09/07","群益金鼎-館前",18,500,-482
"2623","2888新光金","110/09/07","富邦-陽明",475,138,337
"2624","2888新光金","110/09/07","國泰-忠孝",7,486,-479
"2625","2888新光金","110/09/07","美林",515,234,281
"2626","2888新光金","110/09/07","群益金鼎-彰化",50,440,-390
"2627","2888新光金","110/09/07","元大-大雅",275,3,272
"2628","2888新光金","110/09/07","凱基-湖口",0,285,-285
"2629","2888新光金","110/09/07","元大-發財",257,0,257
"2630","2888新光金","110/09/07","日盛-雙和",6,262,-256
"2631","2888新光金","110/09/07","元大-新竹經國",256,2,254
"2632","2888新光金","110/09/07","元富-台中",3,255,-252
"2633","2888新光金","110/09/07","台新-台南",213,1,212
"2634","2888新光金","110/09/07","華南永昌-台中",3,223,-220
"2635","2888新光金","110/09/07","康和-台中",200,0,200
"2636","2888新光金","110/09/07","元富-城東",22,221,-199
"2637","2888新光金","110/09/07","永豐金-彰化",205,10,195
"2638","2888新光金","110/09/07","凱基-高雄",46,244,-198
"2639","2888新光金","110/09/07","凱基-基隆",205,11,194
"2640","2888新光金","110/09/07","凱基-幸福",4,202,-198
"2641","1340勝悅","110/09/07","元大-前金",24,0,24
"2642","1340勝悅","110/09/07","群益金鼎-三重",0,15,-15
"2643","1340勝悅","110/09/07","元富-彰化",6,0,6
"2644","1340勝悅","110/09/07","摩根大通",0,14,-14
"2645","1340勝悅","110/09/07","凱基-台中",6,0,6
"2646","1340勝悅","110/09/07","凱基-台北",0,12,-12
"2647","1340勝悅","110/09/07","美商高盛",3,0,3
"2648","1340勝悅","110/09/07","新光-台中",0,7,-7
"2649","1340勝悅","110/09/07","華南永昌-忠孝",3,0,3
"2650","1340勝悅","110/09/07","日盛-員林",0,5,-5
"2651","1340勝悅","110/09/07","元大-屏南",3,0,3
"2652","1340勝悅","110/09/07","永豐金-苓雅",0,5,-5
"2653","1340勝悅","110/09/07","統一-城中",2,0,2
"2654","1340勝悅","110/09/07","美林",0,3,-3
"2655","1340勝悅","110/09/07","兆豐-新竹",2,0,2
"2656","1340勝悅","110/09/07","群益金鼎-館前",0,3,-3
"2657","1340勝悅","110/09/07","國泰-桃園",2,0,2
"2658","1340勝悅","110/09/07","臺銀-鳳山",0,2,-2
"2659","1340勝悅","110/09/07","富邦-北港",2,0,2
"2660","1340勝悅","110/09/07","富邦-羅東",0,2,-2
"2661","1340勝悅","110/09/07","元大-天母",2,0,2
"2662","1340勝悅","110/09/07","富邦-嘉義",0,2,-2
"2663","1340勝悅","110/09/07","元大-基隆孝二",2,0,2
"2664","1340勝悅","110/09/07","元大-土城永寧",0,2,-2
"2665","1340勝悅","110/09/07","元大-小港",2,0,2
"2666","1340勝悅","110/09/07","元大-豐原站前",0,2,-2
"2667","1340勝悅","110/09/07","永豐金-天母",2,0,2
"2668","1340勝悅","110/09/07","日盛-斗六",0,1,-1
"2669","1340勝悅","110/09/07","國泰-台中",1,0,1
"2670","1340勝悅","110/09/07","元大-金門",0,1,-1
"2671","6246臺龍","110/09/07","台新證券",10,0,10
"2672","6246臺龍","110/09/07","統一-台南",2,18,-16
"2673","6246臺龍","110/09/07","宏遠-館前",8,0,8
"2674","6246臺龍","110/09/07","日盛-木柵",0,10,-10
"2675","6246臺龍","110/09/07","元富-屏東",8,0,8
"2676","6246臺龍","110/09/07","港商野村",0,9,-9
"2677","6246臺龍","110/09/07","日盛-大墩",5,0,5
"2678","6246臺龍","110/09/07","凱基-永和",0,5,-5
"2679","6246臺龍","110/09/07","元富-中港",5,0,5
"2680","6246臺龍","110/09/07","群益金鼎-古亭",0,4,-4
"2681","6246臺龍","110/09/07","凱基-內湖",4,0,4
"2682","6246臺龍","110/09/07","元大-內湖",0,4,-4
"2683","6246臺龍","110/09/07","日盛-八德",3,0,3
"2684","6246臺龍","110/09/07","台新-台南",0,3,-3
"2685","6246臺龍","110/09/07","富邦-新竹",3,0,3
"2686","6246臺龍","110/09/07","日盛-台中",0,2,-2
"2687","6246臺龍","110/09/07","元富-吉利",2,0,2
"2688","6246臺龍","110/09/07","兆豐-桃園",0,2,-2
"2689","6246臺龍","110/09/07","國票-內壢",2,0,2
"2690","6246臺龍","110/09/07","臺銀",0,1,-1
"2691","6246臺龍","110/09/07","國泰-敦南",3,1,2
"2692","6246臺龍","110/09/07","日盛-宜蘭",0,1,-1
"2693","6246臺龍","110/09/07","凱基-高美館",2,0,2
"2694","6246臺龍","110/09/07","元富-新店",0,1,-1
"2695","6246臺龍","110/09/07","元大-發財",2,0,2
"2696","6246臺龍","110/09/07","兆豐-岡山",0,1,-1
"2697","6246臺龍","110/09/07","台中銀-員林",1,0,1
"2698","6246臺龍","110/09/07","新光-高雄",0,1,-1
"2699","6246臺龍","110/09/07","玉山-嘉義",1,0,1
"2700","6246臺龍","110/09/07","玉山-桃園",0,1,-1
"2701","00715L期街口布蘭特正2","110/09/07","永豐金證券",2384,0,2384
"2702","00715L期街口布蘭特正2","110/09/07","新光",0,709,-709
"2703","00715L期街口布蘭特正2","110/09/07","元大證券",2302,0,2302
"2704","00715L期街口布蘭特正2","110/09/07","元大-花蓮",0,601,-601
"2705","00715L期街口布蘭特正2","110/09/07","台新證券",1146,63,1083
"2706","00715L期街口布蘭特正2","110/09/07","永豐金-北高雄",0,550,-550
"2707","00715L期街口布蘭特正2","110/09/07","富邦證券",1095,142,953
"2708","00715L期街口布蘭特正2","110/09/07","元大-萬華",0,360,-360
"2709","00715L期街口布蘭特正2","110/09/07","康和",821,10,811
"2710","00715L期街口布蘭特正2","110/09/07","大昌-樹林",0,345,-345
"2711","00715L期街口布蘭特正2","110/09/07","港商野村",1183,373,810
"2712","00715L期街口布蘭特正2","110/09/07","日盛-和美",0,300,-300
"2713","00715L期街口布蘭特正2","110/09/07","合庫證券",838,118,720
"2714","00715L期街口布蘭特正2","110/09/07","新光-台南",0,238,-238
"2715","00715L期街口布蘭特正2","110/09/07","兆豐-台中",500,0,500
"2716","00715L期街口布蘭特正2","110/09/07","元大-台南",1,218,-217
"2717","00715L期街口布蘭特正2","110/09/07","永豐金-內湖",500,0,500
"2718","00715L期街口布蘭特正2","110/09/07","國泰-敦南",8,223,-215
"2719","00715L期街口布蘭特正2","110/09/07","元大-前金",580,106,474
"2720","00715L期街口布蘭特正2","110/09/07","台新-高雄",34,247,-213
"2721","00715L期街口布蘭特正2","110/09/07","群益金鼎",377,2,375
"2722","00715L期街口布蘭特正2","110/09/07","凱基-桃園",5,206,-201
"2723","00715L期街口布蘭特正2","110/09/07","台新-台中",502,235,267
"2724","00715L期街口布蘭特正2","110/09/07","群益金鼎-土城",0,200,-200
"2725","00715L期街口布蘭特正2","110/09/07","凱基-台北",341,97,244
"2726","00715L期街口布蘭特正2","110/09/07","第一金-台南",0,155,-155
"2727","00715L期街口布蘭特正2","110/09/07","統一",229,0,229
"2728","00715L期街口布蘭特正2","110/09/07","富邦-羅東",1,150,-149
"2729","00715L期街口布蘭特正2","110/09/07","日盛-永康",330,102,228
"2730","00715L期街口布蘭特正2","110/09/07","永豐金-台中",0,140,-140
"2731","8941關中","110/09/07","凱基-市府",2,0,2
"2732","8941關中","110/09/07","彰銀-台中",0,1,-1
"2733","8941關中","110/09/07","臺銀-臺中",1,0,1
"2734","8941關中","110/09/07","統一-台中",0,1,-1
"2735","8941關中","110/09/07","元大-華山",1,0,1
"2736","8941關中","110/09/07","德信-中正",0,1,-1
"2737","8941關中","110/09/07","元大-金華",1,0,1
"2738","8941關中","110/09/07","富邦-仁愛",0,1,-1
"2739","8941關中","110/09/07","",NA,NA,NA
"2740","8941關中","110/09/07","永豐金-中盛",0,1,-1
"2741","8941關中","110/09/07","",NA,NA,NA
"2742","8941關中","110/09/07","",NA,NA,NA
"2743","8941關中","110/09/07","",NA,NA,NA
"2744","8941關中","110/09/07","",NA,NA,NA
"2745","8941關中","110/09/07","",NA,NA,NA
"2746","8941關中","110/09/07","",NA,NA,NA
"2747","8941關中","110/09/07","",NA,NA,NA
"2748","8941關中","110/09/07","",NA,NA,NA
"2749","8941關中","110/09/07","",NA,NA,NA
"2750","8941關中","110/09/07","",NA,NA,NA
"2751","8941關中","110/09/07","",NA,NA,NA
"2752","8941關中","110/09/07","",NA,NA,NA
"2753","8941關中","110/09/07","",NA,NA,NA
"2754","8941關中","110/09/07","",NA,NA,NA
"2755","8941關中","110/09/07","",NA,NA,NA
"2756","8941關中","110/09/07","",NA,NA,NA
"2757","8941關中","110/09/07","",NA,NA,NA
"2758","8941關中","110/09/07","",NA,NA,NA
"2759","8941關中","110/09/07","",NA,NA,NA
"2760","8941關中","110/09/07","",NA,NA,NA
"2761","8936國統","110/09/07","永豐金-忠孝",40,0,40
"2762","8936國統","110/09/07","永豐金-高雄",0,100,-100
"2763","8936國統","110/09/07","富邦-岡山",38,0,38
"2764","8936國統","110/09/07","元富-林園",5,63,-58
"2765","8936國統","110/09/07","凱基-台北",91,55,36
"2766","8936國統","110/09/07","新加坡商瑞銀",3,48,-45
"2767","8936國統","110/09/07","中國信託-高雄",43,14,29
"2768","8936國統","110/09/07","華南永昌-高雄",48,90,-42
"2769","8936國統","110/09/07","日盛-三重",16,0,16
"2770","8936國統","110/09/07","瑞士信貸",0,41,-41
"2771","8936國統","110/09/07","元大-敦南",16,0,16
"2772","8936國統","110/09/07","台灣摩根士丹利",0,36,-36
"2773","8936國統","110/09/07","元大-員林",14,0,14
"2774","8936國統","110/09/07","美商高盛",3,33,-30
"2775","8936國統","110/09/07","富邦-台北",16,3,13
"2776","8936國統","110/09/07","玉山-桃園",0,30,-30
"2777","8936國統","110/09/07","永豐金-彰化",13,0,13
"2778","8936國統","110/09/07","摩根大通",43,72,-29
"2779","8936國統","110/09/07","日盛-和美",21,9,12
"2780","8936國統","110/09/07","港商野村",3,31,-28
"2781","8936國統","110/09/07","新光-台中",23,11,12
"2782","8936國統","110/09/07","元富-三重",0,28,-28
"2783","8936國統","110/09/07","第一金-安和",11,1,10
"2784","8936國統","110/09/07","統一",0,20,-20
"2785","8936國統","110/09/07","元富-敦南",10,0,10
"2786","8936國統","110/09/07","元富-中原",0,20,-20
"2787","8936國統","110/09/07","台新證券",12,2,10
"2788","8936國統","110/09/07","兆豐-新竹",0,20,-20
"2789","8936國統","110/09/07","元大-土城學府",10,0,10
"2790","8936國統","110/09/07","永豐金-竹科",0,20,-20
"2791","6226光鼎","110/09/07","美商高盛",463,26,437
"2792","6226光鼎","110/09/07","(牛牛牛)亞-鑫豐",4,109,-105
"2793","6226光鼎","110/09/07","瑞士信貸",252,0,252
"2794","6226光鼎","110/09/07","玉山-桃園",6,99,-93
"2795","6226光鼎","110/09/07","美林",376,166,210
"2796","6226光鼎","110/09/07","新光",16,77,-61
"2797","6226光鼎","110/09/07","凱基-台北",232,77,155
"2798","6226光鼎","110/09/07","臺銀-臺南",1,61,-60
"2799","6226光鼎","110/09/07","摩根大通",146,69,77
"2800","6226光鼎","110/09/07","元富-城中",1,60,-59
"2801","6226光鼎","110/09/07","群益金鼎-開元",51,1,50
"2802","6226光鼎","110/09/07","合庫-鳳山",1,57,-56
"2803","6226光鼎","110/09/07","新加坡商瑞銀",77,31,46
"2804","6226光鼎","110/09/07","凱基-內湖",1,56,-55
"2805","6226光鼎","110/09/07","元大-小港",48,3,45
"2806","6226光鼎","110/09/07","元大-新營",9,63,-54
"2807","6226光鼎","110/09/07","港商野村",215,179,36
"2808","6226光鼎","110/09/07","永豐金-苓雅",14,65,-51
"2809","6226光鼎","110/09/07","華南永昌-小港",33,0,33
"2810","6226光鼎","110/09/07","元大-松山",0,50,-50
"2811","6226光鼎","110/09/07","群益金鼎-竹南",41,9,32
"2812","6226光鼎","110/09/07","凱基-站前",0,47,-47
"2813","6226光鼎","110/09/07","華南永昌-大安",50,20,30
"2814","6226光鼎","110/09/07","中國信託-永康",1,45,-44
"2815","6226光鼎","110/09/07","永豐金-大園",40,11,29
"2816","6226光鼎","110/09/07","華南永昌-台中",5,48,-43
"2817","6226光鼎","110/09/07","國票-台南",27,0,27
"2818","6226光鼎","110/09/07","台灣企銀",0,40,-40
"2819","6226光鼎","110/09/07","富邦-桃園",25,0,25
"2820","6226光鼎","110/09/07","玉山-大里",1,41,-40
"2821","2363矽統","110/09/07","第一金-桃園",822,65,757
"2822","2363矽統","110/09/07","美林",1897,4225,-2328
"2823","2363矽統","110/09/07","統一-敦南",581,41,540
"2824","2363矽統","110/09/07","凱基-台北",2281,3707,-1426
"2825","2363矽統","110/09/07","新光",1339,821,518
"2826","2363矽統","110/09/07","美商高盛",576,1921,-1345
"2827","2363矽統","110/09/07","國泰-敦南",1624,1311,313
"2828","2363矽統","110/09/07","新加坡商瑞銀",512,1442,-930
"2829","2363矽統","110/09/07","富邦-仁愛",405,181,224
"2830","2363矽統","110/09/07","日盛-南京",37,904,-867
"2831","2363矽統","110/09/07","永豐金-中壢",230,13,217
"2832","2363矽統","110/09/07","台灣摩根士丹利",16,873,-857
"2833","2363矽統","110/09/07","富隆-長安",204,1,203
"2834","2363矽統","110/09/07","富邦-北港",58,849,-791
"2835","2363矽統","110/09/07","元大-汐止",303,106,197
"2836","2363矽統","110/09/07","統一",165,954,-789
"2837","2363矽統","110/09/07","元大-佳里",240,44,196
"2838","2363矽統","110/09/07","永豐金證券",132,879,-747
"2839","2363矽統","110/09/07","玉山-台中",257,63,194
"2840","2363矽統","110/09/07","港商野村",493,972,-479
"2841","2363矽統","110/09/07","兆豐-三民",230,41,189
"2842","2363矽統","110/09/07","元大證券",824,1298,-474
"2843","2363矽統","110/09/07","凱基-虎尾",192,15,177
"2844","2363矽統","110/09/07","統一-士林",244,699,-455
"2845","2363矽統","110/09/07","統一-南京",221,57,164
"2846","2363矽統","110/09/07","陽信-石牌",367,764,-397
"2847","2363矽統","110/09/07","台新-台中",549,390,159
"2848","2363矽統","110/09/07","群益金鼎-敦南",32,316,-284
"2849","2363矽統","110/09/07","永豐金-南投",208,49,159
"2850","2363矽統","110/09/07","凱基-信義",11,289,-278
"2851","8112至上","110/09/07","瑞士信貸",501,0,501
"2852","8112至上","110/09/07","台灣摩根士丹利",34,322,-288
"2853","8112至上","110/09/07","華南永昌-虎尾",100,0,100
"2854","8112至上","110/09/07","元大-信義",0,285,-285
"2855","8112至上","110/09/07","國票-南京",85,0,85
"2856","8112至上","110/09/07","凱基-長庚",0,112,-112
"2857","8112至上","110/09/07","凱基-市政",85,0,85
"2858","8112至上","110/09/07","新光-新竹",23,130,-107
"2859","8112至上","110/09/07","元大-北成功",71,1,70
"2860","8112至上","110/09/07","新光-台中",6,89,-83
"2861","8112至上","110/09/07","統一-中壢",60,2,58
"2862","8112至上","110/09/07","兆豐-來福",0,70,-70
"2863","8112至上","110/09/07","台新-新營",57,0,57
"2864","8112至上","110/09/07","(牛牛牛)亞-鑫豐",5,55,-50
"2865","8112至上","110/09/07","元大-士林",57,0,57
"2866","8112至上","110/09/07","群益金鼎-內湖",0,50,-50
"2867","8112至上","110/09/07","凱基-高雄",51,0,51
"2868","8112至上","110/09/07","華南永昌-淡水",0,41,-41
"2869","8112至上","110/09/07","元大-員林中山",51,0,51
"2870","8112至上","110/09/07","亞東",0,40,-40
"2871","8112至上","110/09/07","兆豐-桃園",49,0,49
"2872","8112至上","110/09/07","元大-淡水",1,41,-40
"2873","8112至上","110/09/07","富邦-仁愛",48,1,47
"2874","8112至上","110/09/07","新光-台南",13,52,-39
"2875","8112至上","110/09/07","永豐金-高雄",50,5,45
"2876","8112至上","110/09/07","凱基-台北",159,198,-39
"2877","8112至上","110/09/07","大展-台南",40,0,40
"2878","8112至上","110/09/07","港商野村",3,40,-37
"2879","8112至上","110/09/07","新光",51,20,31
"2880","8112至上","110/09/07","美林",52,88,-36
"2881","1570力肯","110/09/07","國票-和平",114,0,114
"2882","1570力肯","110/09/07","群益金鼎-中壢",10,52,-42
"2883","1570力肯","110/09/07","群益金鼎-東湖",17,0,17
"2884","1570力肯","110/09/07","凱基-市政",0,30,-30
"2885","1570力肯","110/09/07","元大-草屯",10,0,10
"2886","1570力肯","110/09/07","台新證券",0,22,-22
"2887","1570力肯","110/09/07","元大-北三重",10,0,10
"2888","1570力肯","110/09/07","凱基-高美館",0,20,-20
"2889","1570力肯","110/09/07","兆豐-天母",5,0,5
"2890","1570力肯","110/09/07","凱基-台北",0,9,-9
"2891","1570力肯","110/09/07","兆豐-員林",5,0,5
"2892","1570力肯","110/09/07","摩根大通",4,12,-8
"2893","1570力肯","110/09/07","群益金鼎-民權",5,0,5
"2894","1570力肯","110/09/07","元富-民權",0,6,-6
"2895","1570力肯","110/09/07","元大-福營",3,0,3
"2896","1570力肯","110/09/07","元大-館前",0,5,-5
"2897","1570力肯","110/09/07","日盛-八德",2,0,2
"2898","1570力肯","110/09/07","新光",1,5,-4
"2899","1570力肯","110/09/07","永豐金-苓雅",2,0,2
"2900","1570力肯","110/09/07","元大-龍潭",0,4,-4
"2901","1570力肯","110/09/07","合庫證券",1,0,1
"2902","1570力肯","110/09/07","元富-西松",0,3,-3
"2903","1570力肯","110/09/07","美林",1,0,1
"2904","1570力肯","110/09/07","國泰-館前",0,3,-3
"2905","1570力肯","110/09/07","元富-新店",1,0,1
"2906","1570力肯","110/09/07","元大-竹北",0,3,-3
"2907","1570力肯","110/09/07","中國信託",1,0,1
"2908","1570力肯","110/09/07","元大-新盛",0,3,-3
"2909","1570力肯","110/09/07","福邦證券",1,0,1
"2910","1570力肯","110/09/07","兆豐-台中港",0,2,-2
"2911","2929淘帝","110/09/07","元富-板橋",30,0,30
"2912","2929淘帝","110/09/07","統一-員林",0,20,-20
"2913","2929淘帝","110/09/07","摩根大通",13,3,10
"2914","2929淘帝","110/09/07","凱基-長庚",0,13,-13
"2915","2929淘帝","110/09/07","新光-台中",14,5,9
"2916","2929淘帝","110/09/07","陽信-石牌",0,11,-11
"2917","2929淘帝","110/09/07","臺銀-民權",5,0,5
"2918","2929淘帝","110/09/07","元大-前金",0,10,-10
"2919","2929淘帝","110/09/07","群益金鼎-基隆",5,0,5
"2920","2929淘帝","110/09/07","元大-林森",0,10,-10
"2921","2929淘帝","110/09/07","新光-新竹",4,0,4
"2922","2929淘帝","110/09/07","永豐金-敦南",0,8,-8
"2923","2929淘帝","110/09/07","玉山-嘉義",4,0,4
"2924","2929淘帝","110/09/07","美林",2,9,-7
"2925","2929淘帝","110/09/07","合庫-高雄",3,0,3
"2926","2929淘帝","110/09/07","兆豐-大同",3,10,-7
"2927","2929淘帝","110/09/07","元富-大裕",3,0,3
"2928","2929淘帝","110/09/07","華南永昌-古亭",0,7,-7
"2929","2929淘帝","110/09/07","元富-世貿",3,0,3
"2930","2929淘帝","110/09/07","元大-竹科",0,6,-6
"2931","2929淘帝","110/09/07","(牛牛牛)亞-鑫豐",3,0,3
"2932","2929淘帝","110/09/07","港商野村",1,6,-5
"2933","2929淘帝","110/09/07","凱基-豐中",3,0,3
"2934","2929淘帝","110/09/07","兆豐-桃鶯",2,5,-3
"2935","2929淘帝","110/09/07","富邦-建國",3,0,3
"2936","2929淘帝","110/09/07","群益金鼎-敦南",0,3,-3
"2937","2929淘帝","110/09/07","富邦-嘉義",3,0,3
"2938","2929淘帝","110/09/07","元大-復北",0,3,-3
"2939","2929淘帝","110/09/07","元大-太平",3,0,3
"2940","2929淘帝","110/09/07","元大-蘆洲",0,3,-3
"2941","5410國眾","110/09/07","華南永昌-高雄",30,0,30
"2942","5410國眾","110/09/07","元大-學甲",0,19,-19
"2943","5410國眾","110/09/07","元大-中壢",17,0,17
"2944","5410國眾","110/09/07","新光-台中",1,16,-15
"2945","5410國眾","110/09/07","元大-東泰",10,0,10
"2946","5410國眾","110/09/07","日盛-屏東",0,10,-10
"2947","5410國眾","110/09/07","國泰-松江",6,0,6
"2948","5410國眾","110/09/07","永豐金-中盛",0,10,-10
"2949","5410國眾","110/09/07","新光",5,0,5
"2950","5410國眾","110/09/07","永豐金-復興",0,6,-6
"2951","5410國眾","110/09/07","國泰-台中",3,0,3
"2952","5410國眾","110/09/07","國泰-館前",0,5,-5
"2953","5410國眾","110/09/07","元大-崇德",3,0,3
"2954","5410國眾","110/09/07","元富-嘉義",0,4,-4
"2955","5410國眾","110/09/07","元大-左營",3,0,3
"2956","5410國眾","110/09/07","光和-高雄",0,3,-3
"2957","5410國眾","110/09/07","大昌-安康",2,0,2
"2958","5410國眾","110/09/07","凱基-彰化",0,3,-3
"2959","5410國眾","110/09/07","凱基-南崁",2,0,2
"2960","5410國眾","110/09/07","華南永昌-淡水",0,3,-3
"2961","5410國眾","110/09/07","富邦-永和",2,0,2
"2962","5410國眾","110/09/07","臺銀-臺中",0,2,-2
"2963","5410國眾","110/09/07","永豐金-員林",2,0,2
"2964","5410國眾","110/09/07","元富-板橋",0,2,-2
"2965","5410國眾","110/09/07","永豐金-竹北",2,0,2
"2966","5410國眾","110/09/07","摩根大通",0,2,-2
"2967","5410國眾","110/09/07","日盛-和美",1,0,1
"2968","5410國眾","110/09/07","元大-汐止",0,2,-2
"2969","5410國眾","110/09/07","永豐金-敦南",1,0,1
"2970","5410國眾","110/09/07","永豐金-板橋",0,2,-2
"2971","2841台開","110/09/07","群益金鼎-彰化",50,0,50
"2972","2841台開","110/09/07","港商野村",0,61,-61
"2973","2841台開","110/09/07","富邦-中壢",40,0,40
"2974","2841台開","110/09/07","大慶-蘆洲",0,50,-50
"2975","2841台開","110/09/07","台中銀",32,8,24
"2976","2841台開","110/09/07","兆豐-寶成",0,30,-30
"2977","2841台開","110/09/07","宏遠-館前",20,0,20
"2978","2841台開","110/09/07","光和-高雄",0,21,-21
"2979","2841台開","110/09/07","日盛證券",17,0,17
"2980","2841台開","110/09/07","新加坡商瑞銀",0,14,-14
"2981","2841台開","110/09/07","元大-台中",17,0,17
"2982","2841台開","110/09/07","永豐金-敦南",8,22,-14
"2983","2841台開","110/09/07","元富-中原",16,0,16
"2984","2841台開","110/09/07","北城證券",0,10,-10
"2985","2841台開","110/09/07","元大-南投",16,0,16
"2986","2841台開","110/09/07","群益金鼎-永和",0,10,-10
"2987","2841台開","110/09/07","台灣摩根士丹利",15,0,15
"2988","2841台開","110/09/07","元大-永春",0,10,-10
"2989","2841台開","110/09/07","大昌-安康",15,0,15
"2990","2841台開","110/09/07","永豐金-松山",0,10,-10
"2991","2841台開","110/09/07","日盛-新竹",10,0,10
"2992","2841台開","110/09/07","永豐金-台南",0,10,-10
"2993","2841台開","110/09/07","富邦-南屯",10,0,10
"2994","2841台開","110/09/07","康和-台南",0,9,-9
"2995","2841台開","110/09/07","元大-天母",10,0,10
"2996","2841台開","110/09/07","統一-平鎮",0,7,-7
"2997","2841台開","110/09/07","康和-台北",9,0,9
"2998","2841台開","110/09/07","凱基-宜蘭",0,5,-5
"2999","2841台開","110/09/07","國泰-敦南",6,0,6
"3000","2841台開","110/09/07","元大-府城",0,5,-5
"3001","6207雷科","110/09/07","台新-高雄",101,0,101
"3002","6207雷科","110/09/07","新加坡商瑞銀",6,32,-26
"3003","6207雷科","110/09/07","永全-八德",18,0,18
"3004","6207雷科","110/09/07","合庫-嘉義",0,24,-24
"3005","6207雷科","110/09/07","中國信託-高雄",17,0,17
"3006","6207雷科","110/09/07","群益金鼎-中山",0,20,-20
"3007","6207雷科","110/09/07","群益金鼎-延平",13,0,13
"3008","6207雷科","110/09/07","凱基-台北",22,41,-19
"3009","6207雷科","110/09/07","統一-宜蘭",10,0,10
"3010","6207雷科","110/09/07","國泰-敦南",4,18,-14
"3011","6207雷科","110/09/07","元大-南海",10,0,10
"3012","6207雷科","110/09/07","美商高盛",4,17,-13
"3013","6207雷科","110/09/07","永豐金-敦南",10,0,10
"3014","6207雷科","110/09/07","國票-九鼎",2,14,-12
"3015","6207雷科","110/09/07","統一",9,0,9
"3016","6207雷科","110/09/07","摩根大通",2,13,-11
"3017","6207雷科","110/09/07","元大-高雄",8,0,8
"3018","6207雷科","110/09/07","元大-淡水",1,10,-9
"3019","6207雷科","110/09/07","凱基-中山",7,0,7
"3020","6207雷科","110/09/07","日盛-台中",0,8,-8
"3021","6207雷科","110/09/07","第一金-華江",5,0,5
"3022","6207雷科","110/09/07","港商野村",0,8,-8
"3023","6207雷科","110/09/07","國泰-台中",5,0,5
"3024","6207雷科","110/09/07","元富-潮州",0,8,-8
"3025","6207雷科","110/09/07","群益金鼎-高盛",5,0,5
"3026","6207雷科","110/09/07","富邦-台北",1,9,-8
"3027","6207雷科","110/09/07","日盛-士林",4,0,4
"3028","6207雷科","110/09/07","日盛-三重",0,6,-6
"3029","6207雷科","110/09/07","玉山-大里",4,0,4
"3030","6207雷科","110/09/07","永興",0,6,-6
"3031","3679新至陞","110/09/07","元大-成功",10,0,10
"3032","3679新至陞","110/09/07","摩根大通",0,15,-15
"3033","3679新至陞","110/09/07","凱基-台北",9,0,9
"3034","3679新至陞","110/09/07","美林",0,6,-6
"3035","3679新至陞","110/09/07","華南永昌-古亭",3,0,3
"3036","3679新至陞","110/09/07","元大-北三重",0,5,-5
"3037","3679新至陞","110/09/07","土銀-和平",4,2,2
"3038","3679新至陞","110/09/07","康和-高雄",0,4,-4
"3039","3679新至陞","110/09/07","第一金-忠孝",2,0,2
"3040","3679新至陞","110/09/07","美商高盛",0,3,-3
"3041","3679新至陞","110/09/07","元富-緯城",2,0,2
"3042","3679新至陞","110/09/07","港商野村",0,3,-3
"3043","3679新至陞","110/09/07","台中銀-員林",2,0,2
"3044","3679新至陞","110/09/07","台新證券",0,3,-3
"3045","3679新至陞","110/09/07","國票-台東",2,0,2
"3046","3679新至陞","110/09/07","玉山-台大",0,3,-3
"3047","3679新至陞","110/09/07","玉山-台中",2,0,2
"3048","3679新至陞","110/09/07","彰銀",0,2,-2
"3049","3679新至陞","110/09/07","玉山-新竹",2,0,2
"3050","3679新至陞","110/09/07","宏遠-中和",0,2,-2
"3051","3679新至陞","110/09/07","凱基-市政",2,0,2
"3052","3679新至陞","110/09/07","新加坡商瑞銀",0,2,-2
"3053","3679新至陞","110/09/07","元大-土城",2,0,2
"3054","3679新至陞","110/09/07","統一-士林",0,2,-2
"3055","3679新至陞","110/09/07","元大-淡水",2,0,2
"3056","3679新至陞","110/09/07","兆豐-鹿港",0,2,-2
"3057","3679新至陞","110/09/07","元大-板橋",2,0,2
"3058","3679新至陞","110/09/07","群益金鼎-三重",0,2,-2
"3059","3679新至陞","110/09/07","元大-景美",1,0,1
"3060","3679新至陞","110/09/07","華南永昌-麻豆",0,2,-2
"3061","2727王品","110/09/07","兆豐-新莊",60,0,60
"3062","2727王品","110/09/07","港商法國興業",0,45,-45
"3063","2727王品","110/09/07","摩根大通",84,27,57
"3064","2727王品","110/09/07","港商野村",15,51,-36
"3065","2727王品","110/09/07","台灣摩根士丹利",44,2,42
"3066","2727王品","110/09/07","華南永昌-鳳山",3,32,-29
"3067","2727王品","110/09/07","華南永昌-長虹",30,0,30
"3068","2727王品","110/09/07","美商高盛",24,49,-25
"3069","2727王品","110/09/07","瑞士信貸",29,0,29
"3070","2727王品","110/09/07","凱基-五股",0,24,-24
"3071","2727王品","110/09/07","日盛-南京",20,0,20
"3072","2727王品","110/09/07","群益金鼎-新店",0,21,-21
"3073","2727王品","110/09/07","元大-北屯",20,1,19
"3074","2727王品","110/09/07","新光-新竹",2,19,-17
"3075","2727王品","110/09/07","永豐金-中盛",16,0,16
"3076","2727王品","110/09/07","彰銀-台中",3,19,-16
"3077","2727王品","110/09/07","國泰-台中",18,3,15
"3078","2727王品","110/09/07","大慶-苗栗",0,13,-13
"3079","2727王品","110/09/07","元大-台中中港",15,1,14
"3080","2727王品","110/09/07","國泰-板橋",1,14,-13
"3081","2727王品","110/09/07","新加坡商瑞銀",11,0,11
"3082","2727王品","110/09/07","元大證券",45,58,-13
"3083","2727王品","110/09/07","德信",10,0,10
"3084","2727王品","110/09/07","富邦-板橋",1,13,-12
"3085","2727王品","110/09/07","台新證券",12,2,10
"3086","2727王品","110/09/07","日盛-大墩",0,11,-11
"3087","2727王品","110/09/07","凱基-中山",9,0,9
"3088","2727王品","110/09/07","統一",3,14,-11
"3089","2727王品","110/09/07","富邦-仁愛",8,2,6
"3090","2727王品","110/09/07","凱基-板橋",4,15,-11
"3091","1570力肯","110/09/07","國票-和平",114,0,114
"3092","1570力肯","110/09/07","群益金鼎-中壢",10,52,-42
"3093","1570力肯","110/09/07","群益金鼎-東湖",17,0,17
"3094","1570力肯","110/09/07","凱基-市政",0,30,-30
"3095","1570力肯","110/09/07","元大-草屯",10,0,10
"3096","1570力肯","110/09/07","台新證券",0,22,-22
"3097","1570力肯","110/09/07","元大-北三重",10,0,10
"3098","1570力肯","110/09/07","凱基-高美館",0,20,-20
"3099","1570力肯","110/09/07","兆豐-天母",5,0,5
"3100","1570力肯","110/09/07","凱基-台北",0,9,-9
"3101","1570力肯","110/09/07","兆豐-員林",5,0,5
"3102","1570力肯","110/09/07","摩根大通",4,12,-8
"3103","1570力肯","110/09/07","群益金鼎-民權",5,0,5
"3104","1570力肯","110/09/07","元富-民權",0,6,-6
"3105","1570力肯","110/09/07","元大-福營",3,0,3
"3106","1570力肯","110/09/07","元大-館前",0,5,-5
"3107","1570力肯","110/09/07","日盛-八德",2,0,2
"3108","1570力肯","110/09/07","新光",1,5,-4
"3109","1570力肯","110/09/07","永豐金-苓雅",2,0,2
"3110","1570力肯","110/09/07","元大-龍潭",0,4,-4
"3111","1570力肯","110/09/07","合庫證券",1,0,1
"3112","1570力肯","110/09/07","元富-西松",0,3,-3
"3113","1570力肯","110/09/07","美林",1,0,1
"3114","1570力肯","110/09/07","國泰-館前",0,3,-3
"3115","1570力肯","110/09/07","元富-新店",1,0,1
"3116","1570力肯","110/09/07","元大-竹北",0,3,-3
"3117","1570力肯","110/09/07","中國信託",1,0,1
"3118","1570力肯","110/09/07","元大-新盛",0,3,-3
"3119","1570力肯","110/09/07","福邦證券",1,0,1
"3120","1570力肯","110/09/07","兆豐-台中港",0,2,-2
"3121","6180橘子","110/09/07","永豐金-中盛",24,0,24
"3122","6180橘子","110/09/07","兆豐-北高雄",0,100,-100
"3123","6180橘子","110/09/07","美商高盛",20,1,19
"3124","6180橘子","110/09/07","元大-旗山",0,29,-29
"3125","6180橘子","110/09/07","摩根大通",16,5,11
"3126","6180橘子","110/09/07","統一-高雄",0,15,-15
"3127","6180橘子","110/09/07","第一金-中山",10,0,10
"3128","6180橘子","110/09/07","高橋",0,11,-11
"3129","6180橘子","110/09/07","元富-大裕",10,0,10
"3130","6180橘子","110/09/07","台中銀-員林",0,10,-10
"3131","6180橘子","110/09/07","亞東-新竹",9,0,9
"3132","6180橘子","110/09/07","群益金鼎-彰化",1,11,-10
"3133","6180橘子","110/09/07","美林",7,0,7
"3134","6180橘子","110/09/07","凱基-永康",0,10,-10
"3135","6180橘子","110/09/07","港商野村",9,2,7
"3136","6180橘子","110/09/07","元大-中和",0,10,-10
"3137","6180橘子","110/09/07","凱基-嘉義",7,0,7
"3138","6180橘子","110/09/07","台新-新營",0,7,-7
"3139","6180橘子","110/09/07","凱基-台北",20,13,7
"3140","6180橘子","110/09/07","國泰-板橋",0,7,-7
"3141","6180橘子","110/09/07","華南永昌-古亭",8,1,7
"3142","6180橘子","110/09/07","凱基-中港",0,6,-6
"3143","6180橘子","110/09/07","台新-左楠",6,0,6
"3144","6180橘子","110/09/07","日盛-樹林",0,5,-5
"3145","6180橘子","110/09/07","新光",10,4,6
"3146","6180橘子","110/09/07","大慶-楊梅",0,5,-5
"3147","6180橘子","110/09/07","富邦-陽明",6,0,6
"3148","6180橘子","110/09/07","新光-高雄",0,5,-5
"3149","6180橘子","110/09/07","國泰-敦南",7,2,5
"3150","6180橘子","110/09/07","元大-清水",1,6,-5
"3151","2390云辰","110/09/07","摩根大通",794,259,535
"3152","2390云辰","110/09/07","統一-新台中",6,205,-199
"3153","2390云辰","110/09/07","美林",275,113,162
"3154","2390云辰","110/09/07","新加坡商瑞銀",26,193,-167
"3155","2390云辰","110/09/07","元富-安南",113,10,103
"3156","2390云辰","110/09/07","元大證券",2,142,-140
"3157","2390云辰","110/09/07","國票-中和",86,6,80
"3158","2390云辰","110/09/07","元大-土城學府",83,208,-125
"3159","2390云辰","110/09/07","台灣摩根士丹利",157,86,71
"3160","2390云辰","110/09/07","新光-台中",30,152,-122
"3161","2390云辰","110/09/07","富邦-竹北",68,0,68
"3162","2390云辰","110/09/07","凱基-長庚",3,110,-107
"3163","2390云辰","110/09/07","國泰-板橋",87,21,66
"3164","2390云辰","110/09/07","元大-松山",8,108,-100
"3165","2390云辰","110/09/07","凱基-台北",179,125,54
"3166","2390云辰","110/09/07","日盛-新莊",6,104,-98
"3167","2390云辰","110/09/07","國泰-館前",46,10,36
"3168","2390云辰","110/09/07","新光",58,125,-67
"3169","2390云辰","110/09/07","富邦-仁愛",40,5,35
"3170","2390云辰","110/09/07","群益金鼎-民權",1,52,-51
"3171","2390云辰","110/09/07","永豐金-南投",63,28,35
"3172","2390云辰","110/09/07","富邦-宜蘭",8,56,-48
"3173","2390云辰","110/09/07","統一-彰化",34,2,32
"3174","2390云辰","110/09/07","元大-頭份",6,52,-46
"3175","2390云辰","110/09/07","國票-博愛",157,126,31
"3176","2390云辰","110/09/07","玉山-左營",3,46,-43
"3177","2390云辰","110/09/07","台新-台中",62,32,30
"3178","2390云辰","110/09/07","兆豐-寶成",2,43,-41
"3179","2390云辰","110/09/07","元大-松江",34,4,30
"3180","2390云辰","110/09/07","新光-桃園",16,57,-41
"3181","2834臺企銀","110/09/06","凱基-台北",22144,15172,6972
"3182","2834臺企銀","110/09/06","港商法國興業",0,4885,-4885
"3183","2834臺企銀","110/09/06","美商高盛",2346,481,1865
"3184","2834臺企銀","110/09/06","永豐金-中和",20,2832,-2812
"3185","2834臺企銀","110/09/06","摩根大通",2015,398,1617
"3186","2834臺企銀","110/09/06","新加坡商瑞銀",738,2933,-2195
"3187","2834臺企銀","110/09/06","富邦-南屯",1605,465,1140
"3188","2834臺企銀","110/09/06","國票-長城",50,2000,-1950
"3189","2834臺企銀","110/09/06","新光",1309,213,1096
"3190","2834臺企銀","110/09/06","台灣摩根士丹利",208,1932,-1724
"3191","2834臺企銀","110/09/06","富邦-建國",1122,126,996
"3192","2834臺企銀","110/09/06","瑞士信貸",439,1649,-1210
"3193","2834臺企銀","110/09/06","美林",1410,419,991
"3194","2834臺企銀","110/09/06","凱基-板橋",13,1016,-1003
"3195","2834臺企銀","110/09/06","日盛-二林",674,40,634
"3196","2834臺企銀","110/09/06","兆豐-天母",0,1000,-1000
"3197","2834臺企銀","110/09/06","元大-高雄",658,40,618
"3198","2834臺企銀","110/09/06","日盛證券",39,932,-893
"3199","2834臺企銀","110/09/06","元大-竹南",602,10,592
"3200","2834臺企銀","110/09/06","富邦-新竹",54,856,-802
"3201","2834臺企銀","110/09/06","富邦-陽明",532,5,527
"3202","2834臺企銀","110/09/06","玉山-嘉義",123,882,-759
"3203","2834臺企銀","110/09/06","(牛牛牛)亞-鑫豐",807,297,510
"3204","2834臺企銀","110/09/06","富邦-板橋",117,736,-619
"3205","2834臺企銀","110/09/06","統一-三重",503,21,482
"3206","2834臺企銀","110/09/06","永豐金-敦北",56,611,-555
"3207","2834臺企銀","110/09/06","永豐金-彰化",414,5,409
"3208","2834臺企銀","110/09/06","台新-中壢",33,569,-536
"3209","2834臺企銀","110/09/06","凱基-林口",412,4,408
"3210","2834臺企銀","110/09/06","元大-中壢",96,612,-516
"3211","5511德昌","110/09/06","統一-士林",26,0,26
"3212","5511德昌","110/09/06","寶盛",0,19,-19
"3213","5511德昌","110/09/06","國票-九鼎",20,0,20
"3214","5511德昌","110/09/06","日盛-南京",0,5,-5
"3215","5511德昌","110/09/06","台中銀-豐原",8,0,8
"3216","5511德昌","110/09/06","統一-新竹",0,5,-5
"3217","5511德昌","110/09/06","元富-安南",5,0,5
"3218","5511德昌","110/09/06","兆豐-公益",0,5,-5
"3219","5511德昌","110/09/06","元富-文心",1,0,1
"3220","5511德昌","110/09/06","康和-內湖",0,4,-4
"3221","5511德昌","110/09/06","凱基-台北",1,0,1
"3222","5511德昌","110/09/06","永豐金-天母",0,3,-3
"3223","5511德昌","110/09/06","富邦-台北",1,0,1
"3224","5511德昌","110/09/06","富邦-仁愛",0,3,-3
"3225","5511德昌","110/09/06","彰銀-台中",0,0,0
"3226","5511德昌","110/09/06","致和-崇德",0,3,-3
"3227","5511德昌","110/09/06","康和-板橋",0,0,0
"3228","5511德昌","110/09/06","永豐金-新店",0,2,-2
"3229","5511德昌","110/09/06","國泰-台中",1,1,0
"3230","5511德昌","110/09/06","(牛牛牛)亞-鑫豐",0,2,-2
"3231","5511德昌","110/09/06","群益金鼎-台中",0,0,0
"3232","5511德昌","110/09/06","日盛-復興",0,2,-2
"3233","5511德昌","110/09/06","群益金鼎-鳳山",0,0,0
"3234","5511德昌","110/09/06","日盛-斗六",0,2,-2
"3235","5511德昌","110/09/06","華南永昌-大安",0,0,0
"3236","5511德昌","110/09/06","元富-虎尾",0,1,-1
"3237","5511德昌","110/09/06","永豐金-萬盛",0,0,0
"3238","5511德昌","110/09/06","臺銀-臺中",0,1,-1
"3239","5511德昌","110/09/06","",NA,NA,NA
"3240","5511德昌","110/09/06","土銀-台中",0,1,-1
"3241","2489瑞軒","110/09/06","台灣企銀-屏東",110,0,110
"3242","2489瑞軒","110/09/06","摩根大通",82,437,-355
"3243","2489瑞軒","110/09/06","元富-文心",106,0,106
"3244","2489瑞軒","110/09/06","元大-士林",0,150,-150
"3245","2489瑞軒","110/09/06","康和-台中",102,3,99
"3246","2489瑞軒","110/09/06","瑞士信貸",81,227,-146
"3247","2489瑞軒","110/09/06","元大-清水",91,0,91
"3248","2489瑞軒","110/09/06","台灣摩根士丹利",18,158,-140
"3249","2489瑞軒","110/09/06","凱基-桃園",84,0,84
"3250","2489瑞軒","110/09/06","凱基-台北",79,213,-134
"3251","2489瑞軒","110/09/06","華南永昌-虎尾",123,40,83
"3252","2489瑞軒","110/09/06","元大-豐原",1,134,-133
"3253","2489瑞軒","110/09/06","元大-淡水",76,0,76
"3254","2489瑞軒","110/09/06","群益金鼎-大安",0,130,-130
"3255","2489瑞軒","110/09/06","合庫-桃園",50,2,48
"3256","2489瑞軒","110/09/06","美商高盛",53,154,-101
"3257","2489瑞軒","110/09/06","新光",51,8,43
"3258","2489瑞軒","110/09/06","富邦-新竹",3,102,-99
"3259","2489瑞軒","110/09/06","永豐金-大園",41,0,41
"3260","2489瑞軒","110/09/06","元大-歸仁",2,100,-98
"3261","2489瑞軒","110/09/06","中國信託-新竹",50,13,37
"3262","2489瑞軒","110/09/06","兆豐-公益",3,89,-86
"3263","2489瑞軒","110/09/06","大昌-桃園",40,3,37
"3264","2489瑞軒","110/09/06","華南永昌-忠孝",0,60,-60
"3265","2489瑞軒","110/09/06","凱基-長庚",37,0,37
"3266","2489瑞軒","110/09/06","元大-南屯",0,60,-60
"3267","2489瑞軒","110/09/06","合庫-台南",35,0,35
"3268","2489瑞軒","110/09/06","元大-彰化",1,60,-59
"3269","2489瑞軒","110/09/06","元大-大天母",35,0,35
"3270","2489瑞軒","110/09/06","港商野村",95,147,-52
"3271","2428興勤","110/09/06","統一-桃園",68,0,68
"3272","2428興勤","110/09/06","美商高盛",4,36,-32
"3273","2428興勤","110/09/06","日盛-新竹",13,2,11
"3274","2428興勤","110/09/06","美林",1,27,-26
"3275","2428興勤","110/09/06","新加坡商瑞銀",18,8,10
"3276","2428興勤","110/09/06","富邦-台北",0,24,-24
"3277","2428興勤","110/09/06","元富-新竹",6,0,6
"3278","2428興勤","110/09/06","統一",0,21,-21
"3279","2428興勤","110/09/06","凱基-三重",7,1,6
"3280","2428興勤","110/09/06","富邦-敦南",0,20,-20
"3281","2428興勤","110/09/06","臺銀",5,0,5
"3282","2428興勤","110/09/06","摩根大通",10,28,-18
"3283","2428興勤","110/09/06","兆豐-公益",6,1,5
"3284","2428興勤","110/09/06","凱基-台北",1,18,-17
"3285","2428興勤","110/09/06","元大-金華",5,0,5
"3286","2428興勤","110/09/06","瑞士信貸",2,15,-13
"3287","2428興勤","110/09/06","日盛-景美",4,0,4
"3288","2428興勤","110/09/06","永豐金-南投",0,6,-6
"3289","2428興勤","110/09/06","兆豐-大安",4,0,4
"3290","2428興勤","110/09/06","日盛證券",0,4,-4
"3291","2428興勤","110/09/06","日盛-樹林",3,0,3
"3292","2428興勤","110/09/06","國泰證券",0,4,-4
"3293","2428興勤","110/09/06","(牛牛牛)亞-鑫豐",4,1,3
"3294","2428興勤","110/09/06","凱基-民權",0,4,-4
"3295","2428興勤","110/09/06","凱基-復興",3,0,3
"3296","2428興勤","110/09/06","元大-左營",0,3,-3
"3297","2428興勤","110/09/06","華南永昌-古亭",3,0,3
"3298","2428興勤","110/09/06","永豐金-敦南",0,3,-3
"3299","2428興勤","110/09/06","元大-東泰",3,0,3
"3300","2428興勤","110/09/06","港商野村",11,13,-2
"3301","3176基亞","110/09/06","元大-土城永寧",34,0,34
"3302","3176基亞","110/09/06","臺銀",0,27,-27
"3303","3176基亞","110/09/06","元大-新竹經國",16,0,16
"3304","3176基亞","110/09/06","台中銀",0,20,-20
"3305","3176基亞","110/09/06","元大-小港",15,0,15
"3306","3176基亞","110/09/06","群益金鼎-板橋",0,17,-17
"3307","3176基亞","110/09/06","群益金鼎-中壢",15,1,14
"3308","3176基亞","110/09/06","元大-汐止",0,16,-16
"3309","3176基亞","110/09/06","日盛-文化",10,0,10
"3310","3176基亞","110/09/06","第一金-路竹",0,13,-13
"3311","3176基亞","110/09/06","大慶-富順",10,0,10
"3312","3176基亞","110/09/06","永豐金證券",3,15,-12
"3313","3176基亞","110/09/06","凱基-文心",10,0,10
"3314","3176基亞","110/09/06","華南永昌-民權",0,11,-11
"3315","3176基亞","110/09/06","永豐金-北高雄",10,0,10
"3316","3176基亞","110/09/06","宏遠-館前",0,10,-10
"3317","3176基亞","110/09/06","兆豐-忠孝",10,1,9
"3318","3176基亞","110/09/06","國票-台中",0,8,-8
"3319","3176基亞","110/09/06","玉山證券",7,0,7
"3320","3176基亞","110/09/06","元大-樹林",0,8,-8
"3321","3176基亞","110/09/06","國泰-板橋",7,0,7
"3322","3176基亞","110/09/06","日盛-樹林",0,6,-6
"3323","3176基亞","110/09/06","日盛-台南",6,1,5
"3324","3176基亞","110/09/06","玉山-士林",1,7,-6
"3325","3176基亞","110/09/06","元富-高雄",5,0,5
"3326","3176基亞","110/09/06","第一金-高雄",0,5,-5
"3327","3176基亞","110/09/06","元富-緯城",5,0,5
"3328","3176基亞","110/09/06","國泰-敦南",1,6,-5
"3329","3176基亞","110/09/06","華南永昌",5,0,5
"3330","3176基亞","110/09/06","元大-永春",0,5,-5
"3331","2409友達","110/09/06","瑞士信貸",22305,4023,18282
"3332","2409友達","110/09/06","台灣摩根士丹利",4953,28009,-23056
"3333","2409友達","110/09/06","永豐金證券",11529,746,10783
"3334","2409友達","110/09/06","凱基-苗栗",64,5070,-5006
"3335","2409友達","110/09/06","美商高盛",11094,2003,9091
"3336","2409友達","110/09/06","香港上海匯豐",93,4000,-3907
"3337","2409友達","110/09/06","摩根大通",11082,2196,8886
"3338","2409友達","110/09/06","花旗環球",1520,4800,-3280
"3339","2409友達","110/09/06","港商野村",11674,3314,8360
"3340","2409友達","110/09/06","元大-六合",222,3118,-2896
"3341","2409友達","110/09/06","美林",8993,3556,5437
"3342","2409友達","110/09/06","玉山-台中",154,1649,-1495
"3343","2409友達","110/09/06","新加坡商瑞銀",6748,2579,4169
"3344","2409友達","110/09/06","中國信託-嘉義",751,2006,-1255
"3345","2409友達","110/09/06","凱基-台北",7933,3867,4066
"3346","2409友達","110/09/06","宏遠證券",46,1269,-1223
"3347","2409友達","110/09/06","日盛證券",2936,262,2674
"3348","2409友達","110/09/06","國泰-敦南",891,2106,-1215
"3349","2409友達","110/09/06","合庫證券",1221,113,1108
"3350","2409友達","110/09/06","台灣企銀-台南",104,1212,-1108
"3351","2409友達","110/09/06","華南永昌-忠孝",503,3,500
"3352","2409友達","110/09/06","元大證券",2581,3599,-1018
"3353","2409友達","110/09/06","(牛牛牛)亞-鑫豐",687,198,489
"3354","2409友達","110/09/06","光和-溪湖",110,1080,-970
"3355","2409友達","110/09/06","永豐金-內湖",484,45,439
"3356","2409友達","110/09/06","元富",215,1130,-915
"3357","2409友達","110/09/06","元大-開元",497,101,396
"3358","2409友達","110/09/06","凱基-中山",654,1540,-886
"3359","2409友達","110/09/06","富邦-台北",522,188,334
"3360","2409友達","110/09/06","第一金-桃園",102,826,-724
"3361","1315達新","110/09/06","元大-文心興安",13,0,13
"3362","1315達新","110/09/06","美林",0,14,-14
"3363","1315達新","110/09/06","凱基-中港",10,0,10
"3364","1315達新","110/09/06","永豐金-高雄",0,14,-14
"3365","1315達新","110/09/06","日盛-大墩",4,0,4
"3366","1315達新","110/09/06","日盛-頭份",0,5,-5
"3367","1315達新","110/09/06","富邦-員林",3,0,3
"3368","1315達新","110/09/06","台新證券",1,5,-4
"3369","1315達新","110/09/06","台灣摩根士丹利",2,0,2
"3370","1315達新","110/09/06","元富-新竹",0,2,-2
"3371","1315達新","110/09/06","統一-彰化",2,0,2
"3372","1315達新","110/09/06","富邦-三重",0,2,-2
"3373","1315達新","110/09/06","摩根大通",2,0,2
"3374","1315達新","110/09/06","光和-溪湖",0,1,-1
"3375","1315達新","110/09/06","陽信-石牌",1,0,1
"3376","1315達新","110/09/06","群益金鼎-古亭",1,2,-1
"3377","1315達新","110/09/06","永豐金-古亭",1,0,1
"3378","1315達新","110/09/06","群益金鼎-建成",0,1,-1
"3379","1315達新","110/09/06","元大-太平",1,0,1
"3380","1315達新","110/09/06","元大-基隆孝二",0,1,-1
"3381","1315達新","110/09/06","元大-斗六",1,0,1
"3382","1315達新","110/09/06","永豐金-竹北",0,1,-1
"3383","1315達新","110/09/06","台新-高雄",1,0,1
"3384","1315達新","110/09/06","新光",0,0,0
"3385","1315達新","110/09/06","大展",1,0,1
"3386","1315達新","110/09/06","國泰-台中",0,0,0
"3387","1315達新","110/09/06","新加坡商瑞銀",1,0,1
"3388","1315達新","110/09/06","群益金鼎-士林",0,0,0
"3389","1315達新","110/09/06","彰銀-台中",1,0,1
"3390","1315達新","110/09/06","元大證券",0,0,0
"3391","2609陽明","110/09/06","瑞士信貸",7108,111,6997
"3392","2609陽明","110/09/06","凱基-台北",1502,4648,-3146
"3393","2609陽明","110/09/06","兆豐-虎尾",1704,6,1698
"3394","2609陽明","110/09/06","兆豐-北高雄",180,1631,-1451
"3395","2609陽明","110/09/06","台灣摩根士丹利",994,35,959
"3396","2609陽明","110/09/06","康和",534,1807,-1273
"3397","2609陽明","110/09/06","新加坡商瑞銀",1424,521,903
"3398","2609陽明","110/09/06","華南永昌",347,1439,-1092
"3399","2609陽明","110/09/06","美林",3107,2252,855
"3400","2609陽明","110/09/06","元大-西門",110,1062,-952
"3401","2609陽明","110/09/06","摩根大通",5471,4742,729
"3402","2609陽明","110/09/06","凱基-復興",1344,2244,-900
"3403","2609陽明","110/09/06","元大-士林",7870,7332,538
"3404","2609陽明","110/09/06","日盛證券",201,718,-517
"3405","2609陽明","110/09/06","元大-土城永寧",623,114,509
"3406","2609陽明","110/09/06","元大-開元",106,607,-501
"3407","2609陽明","110/09/06","凱基-虎尾",439,28,411
"3408","2609陽明","110/09/06","合庫-高雄",82,545,-463
"3409","2609陽明","110/09/06","美商高盛",700,304,396
"3410","2609陽明","110/09/06","永豐金-復興",66,527,-461
"3411","2609陽明","110/09/06","新光-新竹",814,428,386
"3412","2609陽明","110/09/06","華南永昌-斗六",45,465,-420
"3413","2609陽明","110/09/06","國泰-松江",641,259,382
"3414","2609陽明","110/09/06","玉山-嘉義",128,539,-411
"3415","2609陽明","110/09/06","永豐金證券",599,234,365
"3416","2609陽明","110/09/06","群益金鼎",229,637,-408
"3417","2609陽明","110/09/06","華南永昌-虎尾",370,58,312
"3418","2609陽明","110/09/06","統一-仁愛",1055,1440,-385
"3419","2609陽明","110/09/06","新光",2047,1803,244
"3420","2609陽明","110/09/06","元大-東蘆",182,551,-369
"3421","2636台驊投控","110/09/06","台灣摩根士丹利",776,2,774
"3422","2636台驊投控","110/09/06","元大證券",64,244,-180
"3423","2636台驊投控","110/09/06","凱基-復興",705,103,602
"3424","2636台驊投控","110/09/06","元大-龍潭",7,146,-139
"3425","2636台驊投控","110/09/06","瑞士信貸",607,29,578
"3426","2636台驊投控","110/09/06","華南永昌-潮州",4,109,-105
"3427","2636台驊投控","110/09/06","富邦證券",479,22,457
"3428","2636台驊投控","110/09/06","兆豐證券",0,102,-102
"3429","2636台驊投控","110/09/06","美林",503,180,323
"3430","2636台驊投控","110/09/06","新光",172,266,-94
"3431","2636台驊投控","110/09/06","美商高盛",395,117,278
"3432","2636台驊投控","110/09/06","元大-北成功",2,96,-94
"3433","2636台驊投控","110/09/06","摩根大通",731,475,256
"3434","2636台驊投控","110/09/06","臺銀-高雄",8,80,-72
"3435","2636台驊投控","110/09/06","日盛-台中",274,23,251
"3436","2636台驊投控","110/09/06","國泰-敦南",88,149,-61
"3437","2636台驊投控","110/09/06","統一",337,150,187
"3438","2636台驊投控","110/09/06","凱基-高雄",2,59,-57
"3439","2636台驊投控","110/09/06","新加坡商瑞銀",225,57,168
"3440","2636台驊投控","110/09/06","元富-文心",6,60,-54
"3441","2636台驊投控","110/09/06","元大-南屯",81,6,75
"3442","2636台驊投控","110/09/06","台新證券",52,104,-52
"3443","2636台驊投控","110/09/06","凱基-台北",465,391,74
"3444","2636台驊投控","110/09/06","康和-延平",1,49,-48
"3445","2636台驊投控","110/09/06","群益金鼎-台南",73,43,30
"3446","2636台驊投控","110/09/06","玉山-嘉義",11,57,-46
"3447","2636台驊投控","110/09/06","凱基-竹科",31,4,27
"3448","2636台驊投控","110/09/06","元大-豐原站前",6,49,-43
"3449","2636台驊投控","110/09/06","元富-安南",23,4,19
"3450","2636台驊投控","110/09/06","群益金鼎-竹南",0,42,-42
"3451","2867三商壽","110/09/06","美林",487,0,487
"3452","2867三商壽","110/09/06","新光",39,343,-304
"3453","2867三商壽","110/09/06","摩根大通",389,5,384
"3454","2867三商壽","110/09/06","元大-桃園",150,450,-300
"3455","2867三商壽","110/09/06","台新證券",319,7,312
"3456","2867三商壽","110/09/06","新光-新竹",0,222,-222
"3457","2867三商壽","110/09/06","永豐金-松山",210,0,210
"3458","2867三商壽","110/09/06","元大-永春",1,150,-149
"3459","2867三商壽","110/09/06","台灣摩根士丹利",237,43,194
"3460","2867三商壽","110/09/06","新光-高雄",0,105,-105
"3461","2867三商壽","110/09/06","凱基-台北",332,166,166
"3462","2867三商壽","110/09/06","元富-大昌",0,94,-94
"3463","2867三商壽","110/09/06","國票-台南",150,0,150
"3464","2867三商壽","110/09/06","港商野村",0,72,-72
"3465","2867三商壽","110/09/06","凱基-永和",100,0,100
"3466","2867三商壽","110/09/06","元大-中壢",0,53,-53
"3467","2867三商壽","110/09/06","華南永昌-虎尾",90,0,90
"3468","2867三商壽","110/09/06","臺銀-民權",0,50,-50
"3469","2867三商壽","110/09/06","大昌-新店",79,0,79
"3470","2867三商壽","110/09/06","兆豐-鹿港",0,50,-50
"3471","2867三商壽","110/09/06","新加坡商瑞銀",59,0,59
"3472","2867三商壽","110/09/06","元大-八德",0,50,-50
"3473","2867三商壽","110/09/06","統一-平鎮",50,0,50
"3474","2867三商壽","110/09/06","玉山-板橋",1,45,-44
"3475","2867三商壽","110/09/06","永豐金-市政",50,1,49
"3476","2867三商壽","110/09/06","新光-台中",25,68,-43
"3477","2867三商壽","110/09/06","永豐金-永康",48,0,48
"3478","2867三商壽","110/09/06","第一金-路竹",0,32,-32
"3479","2867三商壽","110/09/06","元大-豐原",41,0,41
"3480","2867三商壽","110/09/06","元大-博愛",0,32,-32
"3481","5521工信","110/09/06","元富",427,0,427
"3482","5521工信","110/09/06","日進",14,2000,-1986
"3483","5521工信","110/09/06","國票-敦北法人",412,0,412
"3484","5521工信","110/09/06","元大-成功",0,560,-560
"3485","5521工信","110/09/06","永豐金-松山",373,0,373
"3486","5521工信","110/09/06","華南永昌-民權",0,421,-421
"3487","5521工信","110/09/06","美林",203,2,201
"3488","5521工信","110/09/06","元大-南投",1,260,-259
"3489","5521工信","110/09/06","台新證券",237,45,192
"3490","5521工信","110/09/06","凱基-台北",277,474,-197
"3491","5521工信","110/09/06","群益金鼎-台中",188,0,188
"3492","5521工信","110/09/06","群益金鼎-大甲",0,185,-185
"3493","5521工信","110/09/06","元大-南屯",132,0,132
"3494","5521工信","110/09/06","富邦-敦南",3,146,-143
"3495","5521工信","110/09/06","台中銀",109,0,109
"3496","5521工信","110/09/06","中國信託-三重",23,129,-106
"3497","5521工信","110/09/06","凱基-中山",102,0,102
"3498","5521工信","110/09/06","凱基-松山",2,102,-100
"3499","5521工信","110/09/06","合庫-台中",98,0,98
"3500","5521工信","110/09/06","國泰-敦南",87,179,-92
"3501","5521工信","110/09/06","(牛牛牛)亞-鑫豐",118,20,98
"3502","5521工信","110/09/06","元大-內湖",3,65,-62
"3503","5521工信","110/09/06","元富-大昌",100,5,95
"3504","5521工信","110/09/06","永興-大墩",0,57,-57
"3505","5521工信","110/09/06","玉山-板橋",91,0,91
"3506","5521工信","110/09/06","合庫-彰化",0,41,-41
"3507","5521工信","110/09/06","美商高盛",105,15,90
"3508","5521工信","110/09/06","福勝",9,50,-41
"3509","5521工信","110/09/06","華南永昌",84,10,74
"3510","5521工信","110/09/06","元富-台南",0,40,-40
"3511","1471首利","110/09/06","摩根大通",119,52,67
"3512","1471首利","110/09/06","第一金-路竹",0,96,-96
"3513","1471首利","110/09/06","新光",40,0,40
"3514","1471首利","110/09/06","元大-內湖",0,55,-55
"3515","1471首利","110/09/06","台新-松江",37,0,37
"3516","1471首利","110/09/06","永興-水湳",0,50,-50
"3517","1471首利","110/09/06","元大-鳳山",31,0,31
"3518","1471首利","110/09/06","元富-埔里",0,40,-40
"3519","1471首利","110/09/06","日盛-新莊",30,0,30
"3520","1471首利","110/09/06","宏遠-光隆",0,24,-24
"3521","1471首利","110/09/06","日盛-大墩",28,0,28
"3522","1471首利","110/09/06","大昌",0,24,-24
"3523","1471首利","110/09/06","合庫-基隆",20,0,20
"3524","1471首利","110/09/06","台中銀",0,20,-20
"3525","1471首利","110/09/06","凱基-八德",20,0,20
"3526","1471首利","110/09/06","永豐金-中和",0,20,-20
"3527","1471首利","110/09/06","兆豐-桃園",24,5,19
"3528","1471首利","110/09/06","兆豐-寶成",0,18,-18
"3529","1471首利","110/09/06","永豐金-忠孝",16,0,16
"3530","1471首利","110/09/06","凱基-台北",0,18,-18
"3531","1471首利","110/09/06","國泰-敦南",20,7,13
"3532","1471首利","110/09/06","元大-新店中正",0,17,-17
"3533","1471首利","110/09/06","永豐金-鳳山",13,0,13
"3534","1471首利","110/09/06","國泰-台中",7,20,-13
"3535","1471首利","110/09/06","元富-民權",12,0,12
"3536","1471首利","110/09/06","凱基-和平",0,13,-13
"3537","1471首利","110/09/06","日盛-景美",10,0,10
"3538","1471首利","110/09/06","統一-新台中",1,13,-12
"3539","1471首利","110/09/06","日盛-南京",10,0,10
"3540","1471首利","110/09/06","元大-東蘆",0,12,-12
"3541","2883開發金","110/09/06","摩根大通",1695,359,1336
"3542","2883開發金","110/09/06","台灣摩根士丹利",431,9656,-9225
"3543","2883開發金","110/09/06","凱基-台北",1946,939,1007
"3544","2883開發金","110/09/06","國泰證券",136,1401,-1265
"3545","2883開發金","110/09/06","新光-台中",839,33,806
"3546","2883開發金","110/09/06","合庫-自強",42,800,-758
"3547","2883開發金","110/09/06","亞東-新竹",1356,600,756
"3548","2883開發金","110/09/06","華南永昌-東昇",25,705,-680
"3549","2883開發金","110/09/06","元大-林森",704,20,684
"3550","2883開發金","110/09/06","兆豐-台中港",31,663,-632
"3551","2883開發金","110/09/06","富邦-花蓮",478,103,375
"3552","2883開發金","110/09/06","富邦-建國",72,617,-545
"3553","2883開發金","110/09/06","臺銀-鳳山",355,9,346
"3554","2883開發金","110/09/06","港商麥格理",0,416,-416
"3555","2883開發金","110/09/06","統一-彰化",344,13,331
"3556","2883開發金","110/09/06","永豐金-中正",43,392,-349
"3557","2883開發金","110/09/06","富邦-中壢",331,12,319
"3558","2883開發金","110/09/06","元大-民雄",4,348,-344
"3559","2883開發金","110/09/06","玉山-大里",332,15,317
"3560","2883開發金","110/09/06","美林",0,316,-316
"3561","2883開發金","110/09/06","統一-新營",281,0,281
"3562","2883開發金","110/09/06","凱基-復興",9,317,-308
"3563","2883開發金","110/09/06","元大-大益",245,5,240
"3564","2883開發金","110/09/06","元大-四維",10,318,-308
"3565","2883開發金","110/09/06","元富-花蓮",253,20,233
"3566","2883開發金","110/09/06","元大-竹南",39,320,-281
"3567","2883開發金","110/09/06","元大-頭份",218,0,218
"3568","2883開發金","110/09/06","瑞士信貸",8,260,-252
"3569","2883開發金","110/09/06","永豐金證券",229,20,209
"3570","2883開發金","110/09/06","台新-三民",18,232,-214
"3571","6205詮欣","110/09/06","摩根大通",14,0,14
"3572","6205詮欣","110/09/06","元大-雙和",1,44,-43
"3573","6205詮欣","110/09/06","臺銀",10,0,10
"3574","6205詮欣","110/09/06","德信",0,10,-10
"3575","6205詮欣","110/09/06","元富-宜蘭",10,0,10
"3576","6205詮欣","110/09/06","兆豐-南京",0,6,-6
"3577","6205詮欣","110/09/06","元大-南投",10,0,10
"3578","6205詮欣","110/09/06","美林",1,6,-5
"3579","6205詮欣","110/09/06","玉山-城中",9,0,9
"3580","6205詮欣","110/09/06","瑞士信貸",0,3,-3
"3581","6205詮欣","110/09/06","永豐金-中正",9,0,9
"3582","6205詮欣","110/09/06","新光-桃園",0,3,-3
"3583","6205詮欣","110/09/06","凱基-汐止",5,0,5
"3584","6205詮欣","110/09/06","凱基-天母",0,3,-3
"3585","6205詮欣","110/09/06","臺銀-民權",3,0,3
"3586","6205詮欣","110/09/06","元大-竹科",0,3,-3
"3587","6205詮欣","110/09/06","元富-成功",3,0,3
"3588","6205詮欣","110/09/06","德信-新營",0,2,-2
"3589","6205詮欣","110/09/06","玉山-雙和",2,0,2
"3590","6205詮欣","110/09/06","群益金鼎-新莊",0,2,-2
"3591","6205詮欣","110/09/06","元大-西門",2,0,2
"3592","6205詮欣","110/09/06","富邦-陽明",1,3,-2
"3593","6205詮欣","110/09/06","元大-汐止",2,0,2
"3594","6205詮欣","110/09/06","元大-博愛",0,2,-2
"3595","6205詮欣","110/09/06","永豐金證券",2,0,2
"3596","6205詮欣","110/09/06","富邦-嘉義",0,1,-1
"3597","6205詮欣","110/09/06","第一金-大稻埕",1,0,1
"3598","6205詮欣","110/09/06","元大-西螺",0,1,-1
"3599","6205詮欣","110/09/06","華南永昌-古亭",1,0,1
"3600","6205詮欣","110/09/06","康和-板橋",0,0,0
"3601","1540喬福","110/09/06","凱基-興隆",10,0,10
"3602","1540喬福","110/09/06","台新證券",0,10,-10
"3603","1540喬福","110/09/06","致和證券",4,0,4
"3604","1540喬福","110/09/06","國票-彰化",0,3,-3
"3605","1540喬福","110/09/06","元大-四維",1,0,1
"3606","1540喬福","110/09/06","元大證券",0,2,-2
"3607","1540喬福","110/09/06","元大-太平",1,0,1
"3608","1540喬福","110/09/06","凱基-文心",0,2,-2
"3609","1540喬福","110/09/06","兆豐-高雄",1,0,1
"3610","1540喬福","110/09/06","永豐金-中盛",0,1,-1
"3611","1540喬福","110/09/06","玉山-台南",1,0,1
"3612","1540喬福","110/09/06","永豐金證券",0,1,-1
"3613","1540喬福","110/09/06","凱基-復興",1,0,1
"3614","1540喬福","110/09/06","美林",0,1,-1
"3615","1540喬福","110/09/06","合庫-台南",1,0,1
"3616","1540喬福","110/09/06","國泰-松江",0,0,0
"3617","1540喬福","110/09/06","國泰-松江",0,0,0
"3618","1540喬福","110/09/06","富邦-新店",0,0,0
"3619","1540喬福","110/09/06","富邦-新店",0,0,0
"3620","1540喬福","110/09/06","群益金鼎-館前",0,0,0
"3621","1540喬福","110/09/06","群益金鼎-館前",0,0,0
"3622","1540喬福","110/09/06","群益金鼎-北高雄",0,0,0
"3623","1540喬福","110/09/06","群益金鼎-北高雄",0,0,0
"3624","1540喬福","110/09/06","國泰-敦南",0,0,0
"3625","1540喬福","110/09/06","國泰-敦南",0,0,0
"3626","1540喬福","110/09/06","國泰-台中",0,0,0
"3627","1540喬福","110/09/06","國泰-台中",0,0,0
"3628","1540喬福","110/09/06","玉山-雙和",0,0,0
"3629","1540喬福","110/09/06","玉山-雙和",0,0,0
"3630","1540喬福","110/09/06","統一-士林",0,0,0
"3631","2888新光金","110/09/06","瑞士信貸",1045,87,958
"3632","2888新光金","110/09/06","永豐金-板橋",110,2037,-1927
"3633","2888新光金","110/09/06","凱基-台北",1359,568,791
"3634","2888新光金","110/09/06","彰銀",20,680,-660
"3635","2888新光金","110/09/06","富邦-花蓮",900,129,771
"3636","2888新光金","110/09/06","港商法國興業",62,704,-642
"3637","2888新光金","110/09/06","國票-長城",801,43,758
"3638","2888新光金","110/09/06","致和證券",10,600,-590
"3639","2888新光金","110/09/06","新加坡商瑞銀",739,39,700
"3640","2888新光金","110/09/06","(牛牛牛)亞-鑫豐",42,589,-547
"3641","2888新光金","110/09/06","元大-鹿港",513,5,508
"3642","2888新光金","110/09/06","兆豐-鹿港",61,604,-543
"3643","2888新光金","110/09/06","台新證券",514,51,463
"3644","2888新光金","110/09/06","元大-新莊",34,533,-499
"3645","2888新光金","110/09/06","台灣摩根士丹利",634,179,455
"3646","2888新光金","110/09/06","光和-溪湖",20,491,-471
"3647","2888新光金","110/09/06","元大-彰化民生",458,7,451
"3648","2888新光金","110/09/06","台新-三民",1,345,-344
"3649","2888新光金","110/09/06","華南永昌-小港",452,6,446
"3650","2888新光金","110/09/06","美商高盛",265,600,-335
"3651","2888新光金","110/09/06","國票-南京",400,0,400
"3652","2888新光金","110/09/06","中國信託-高雄",7,323,-316
"3653","2888新光金","110/09/06","統一-板橋",448,51,397
"3654","2888新光金","110/09/06","元大-善化",7,312,-305
"3655","2888新光金","110/09/06","兆豐-民生",281,0,281
"3656","2888新光金","110/09/06","群益金鼎-館前",9,311,-302
"3657","2888新光金","110/09/06","兆豐-嘉義",250,2,248
"3658","2888新光金","110/09/06","新百王",101,402,-301
"3659","2888新光金","110/09/06","元大證券",377,146,231
"3660","2888新光金","110/09/06","台新-新營",12,301,-289
"3661","1340勝悅","110/09/06","玉山-新竹",55,0,55
"3662","1340勝悅","110/09/06","元大-忠孝鼎富",0,41,-41
"3663","1340勝悅","110/09/06","華南永昌-公誠",10,0,10
"3664","1340勝悅","110/09/06","凱基-台北",0,13,-13
"3665","1340勝悅","110/09/06","美商高盛",4,1,3
"3666","1340勝悅","110/09/06","日盛證券",0,10,-10
"3667","1340勝悅","110/09/06","國泰-台中",3,0,3
"3668","1340勝悅","110/09/06","美林",0,8,-8
"3669","1340勝悅","110/09/06","群益金鼎-崇德",4,1,3
"3670","1340勝悅","110/09/06","群益金鼎-屏東",0,8,-8
"3671","1340勝悅","110/09/06","日盛-員林",2,0,2
"3672","1340勝悅","110/09/06","國票-台東",0,5,-5
"3673","1340勝悅","110/09/06","元富-宜蘭",2,0,2
"3674","1340勝悅","110/09/06","華南永昌-忠孝",0,5,-5
"3675","1340勝悅","110/09/06","國泰-高雄",4,2,2
"3676","1340勝悅","110/09/06","臺銀-高雄",0,3,-3
"3677","1340勝悅","110/09/06","國泰-板橋",2,0,2
"3678","1340勝悅","110/09/06","群益金鼎-敦南",0,3,-3
"3679","1340勝悅","110/09/06","華南永昌-中正",2,0,2
"3680","1340勝悅","110/09/06","高橋",0,2,-2
"3681","1340勝悅","110/09/06","富邦-嘉義",2,0,2
"3682","1340勝悅","110/09/06","摩根大通",0,2,-2
"3683","1340勝悅","110/09/06","國泰-桃園",1,0,1
"3684","1340勝悅","110/09/06","新光",1,3,-2
"3685","1340勝悅","110/09/06","國泰-敦南",2,1,1
"3686","1340勝悅","110/09/06","永豐金-屏東",0,2,-2
"3687","1340勝悅","110/09/06","群益金鼎-館前",2,1,1
"3688","1340勝悅","110/09/06","元富-新竹",0,1,-1
"3689","1340勝悅","110/09/06","華南永昌-高雄",1,0,1
"3690","1340勝悅","110/09/06","永豐金-台中",0,1,-1
"3691","6246臺龍","110/09/06","統一-台南",16,0,16
"3692","6246臺龍","110/09/06","群益金鼎-古亭",0,13,-13
"3693","6246臺龍","110/09/06","元富-屏東",11,0,11
"3694","6246臺龍","110/09/06","港商野村",0,12,-12
"3695","6246臺龍","110/09/06","台新證券",10,0,10
"3696","6246臺龍","110/09/06","日進",0,9,-9
"3697","6246臺龍","110/09/06","富邦-新竹",10,0,10
"3698","6246臺龍","110/09/06","統一-土城",0,8,-8
"3699","6246臺龍","110/09/06","元大-永康",7,0,7
"3700","6246臺龍","110/09/06","玉山證券",0,6,-6
"3701","6246臺龍","110/09/06","凱基-南崁",5,0,5
"3702","6246臺龍","110/09/06","凱基-台北",0,6,-6
"3703","6246臺龍","110/09/06","宏遠-館前",3,0,3
"3704","6246臺龍","110/09/06","元富-大裕",0,5,-5
"3705","6246臺龍","110/09/06","玉山-板橋",3,0,3
"3706","6246臺龍","110/09/06","光和",0,5,-5
"3707","6246臺龍","110/09/06","群益金鼎-新竹",3,0,3
"3708","6246臺龍","110/09/06","群益金鼎-開元",0,5,-5
"3709","6246臺龍","110/09/06","元大-台中中港",3,0,3
"3710","6246臺龍","110/09/06","元大-西螺",0,5,-5
"3711","6246臺龍","110/09/06","永豐金-中盛",3,0,3
"3712","6246臺龍","110/09/06","台灣企銀",0,4,-4
"3713","6246臺龍","110/09/06","土銀-新竹",2,0,2
"3714","6246臺龍","110/09/06","國泰-新莊",0,3,-3
"3715","6246臺龍","110/09/06","土銀-彰化",2,0,2
"3716","6246臺龍","110/09/06","國泰-敦南",1,4,-3
"3717","6246臺龍","110/09/06","兆豐-鹿港",2,0,2
"3718","6246臺龍","110/09/06","日盛-二林",0,2,-2
"3719","6246臺龍","110/09/06","國票-敦北法人",2,0,2
"3720","6246臺龍","110/09/06","光和-高雄",0,2,-2
"3721","00715L期街口布蘭特正2","110/09/06","永豐金證券",1263,0,1263
"3722","00715L期街口布蘭特正2","110/09/06","元大-敦化",0,1040,-1040
"3723","00715L期街口布蘭特正2","110/09/06","元富-大裕",505,0,505
"3724","00715L期街口布蘭特正2","110/09/06","富邦證券",0,1003,-1003
"3725","00715L期街口布蘭特正2","110/09/06","日盛-新莊",383,22,361
"3726","00715L期街口布蘭特正2","110/09/06","元大-高雄",102,987,-885
"3727","00715L期街口布蘭特正2","110/09/06","兆豐-台中港",351,5,346
"3728","00715L期街口布蘭特正2","110/09/06","永豐金-新店",0,707,-707
"3729","00715L期街口布蘭特正2","110/09/06","日盛-和美",307,8,299
"3730","00715L期街口布蘭特正2","110/09/06","元大-復北",2,520,-518
"3731","00715L期街口布蘭特正2","110/09/06","元大-花蓮",200,0,200
"3732","00715L期街口布蘭特正2","110/09/06","新光-台中",324,761,-437
"3733","00715L期街口布蘭特正2","110/09/06","元富-文心",149,0,149
"3734","00715L期街口布蘭特正2","110/09/06","元大證券",3767,4194,-427
"3735","00715L期街口布蘭特正2","110/09/06","新光-新竹",137,1,136
"3736","00715L期街口布蘭特正2","110/09/06","凱基-站前",0,300,-300
"3737","00715L期街口布蘭特正2","110/09/06","元大-草屯",141,9,132
"3738","00715L期街口布蘭特正2","110/09/06","元大-南崁",0,170,-170
"3739","00715L期街口布蘭特正2","110/09/06","元大-鳳中",119,0,119
"3740","00715L期街口布蘭特正2","110/09/06","港商野村",778,930,-152
"3741","00715L期街口布蘭特正2","110/09/06","康和",110,0,110
"3742","00715L期街口布蘭特正2","110/09/06","凱基-三重",0,150,-150
"3743","00715L期街口布蘭特正2","110/09/06","凱基-竹北",110,0,110
"3744","00715L期街口布蘭特正2","110/09/06","元大-永康",0,142,-142
"3745","00715L期街口布蘭特正2","110/09/06","元大-中和",110,0,110
"3746","00715L期街口布蘭特正2","110/09/06","玉山-嘉義",0,141,-141
"3747","00715L期街口布蘭特正2","110/09/06","大昌-樹林",112,3,109
"3748","00715L期街口布蘭特正2","110/09/06","華南永昌-台中",19,141,-122
"3749","00715L期街口布蘭特正2","110/09/06","日盛-永康",107,0,107
"3750","00715L期街口布蘭特正2","110/09/06","永豐金-桃園",6,118,-112
"3751","8941關中","110/09/06","國泰-新莊",1,0,1
"3752","8941關中","110/09/06","華南永昌-公誠",0,1,-1
"3753","8941關中","110/09/06","凱基-文心",1,0,1
"3754","8941關中","110/09/06","華南永昌-潮州",0,1,-1
"3755","8941關中","110/09/06","彰銀-台中",0,0,0
"3756","8941關中","110/09/06","彰銀-台中",0,0,0
"3757","8941關中","110/09/06","宏遠-館前",0,0,0
"3758","8941關中","110/09/06","宏遠-館前",0,0,0
"3759","8941關中","110/09/06","康和-板橋",0,0,0
"3760","8941關中","110/09/06","康和-板橋",0,0,0
"3761","8941關中","110/09/06","元大-鹿港",0,0,0
"3762","8941關中","110/09/06","元大-鹿港",0,0,0
"3763","8941關中","110/09/06","",NA,NA,NA
"3764","8941關中","110/09/06","",NA,NA,NA
"3765","8941關中","110/09/06","",NA,NA,NA
"3766","8941關中","110/09/06","",NA,NA,NA
"3767","8941關中","110/09/06","",NA,NA,NA
"3768","8941關中","110/09/06","",NA,NA,NA
"3769","8941關中","110/09/06","",NA,NA,NA
"3770","8941關中","110/09/06","",NA,NA,NA
"3771","8941關中","110/09/06","",NA,NA,NA
"3772","8941關中","110/09/06","",NA,NA,NA
"3773","8941關中","110/09/06","",NA,NA,NA
"3774","8941關中","110/09/06","",NA,NA,NA
"3775","8941關中","110/09/06","",NA,NA,NA
"3776","8941關中","110/09/06","",NA,NA,NA
"3777","8941關中","110/09/06","",NA,NA,NA
"3778","8941關中","110/09/06","",NA,NA,NA
"3779","8941關中","110/09/06","",NA,NA,NA
"3780","8941關中","110/09/06","",NA,NA,NA
"3781","8936國統","110/09/06","凱基-台北",178,30,148
"3782","8936國統","110/09/06","永豐金-博愛",0,100,-100
"3783","8936國統","110/09/06","美林",81,0,81
"3784","8936國統","110/09/06","元大-屏東民生",0,86,-86
"3785","8936國統","110/09/06","摩根大通",108,35,73
"3786","8936國統","110/09/06","兆豐-大同",0,46,-46
"3787","8936國統","110/09/06","新加坡商瑞銀",62,36,26
"3788","8936國統","110/09/06","瑞士信貸",0,44,-44
"3789","8936國統","110/09/06","台新-高雄",35,10,25
"3790","8936國統","110/09/06","台灣摩根士丹利",0,40,-40
"3791","8936國統","110/09/06","元大-東泰",30,5,25
"3792","8936國統","110/09/06","元富-緯城",0,40,-40
"3793","8936國統","110/09/06","元富-敦南",24,0,24
"3794","8936國統","110/09/06","美商高盛",10,45,-35
"3795","8936國統","110/09/06","永豐金-忠孝",28,5,23
"3796","8936國統","110/09/06","凱基-高美館",9,37,-28
"3797","8936國統","110/09/06","富邦-建國",21,0,21
"3798","8936國統","110/09/06","兆豐-嘉義",0,25,-25
"3799","8936國統","110/09/06","富邦-中壢",20,1,19
"3800","8936國統","110/09/06","統一-台中",0,22,-22
"3801","8936國統","110/09/06","第一金-新興",17,0,17
"3802","8936國統","110/09/06","元大-承德",0,20,-20
"3803","8936國統","110/09/06","元大-旗山",17,0,17
"3804","8936國統","110/09/06","元大-左營",1,20,-19
"3805","8936國統","110/09/06","兆豐-來福",15,0,15
"3806","8936國統","110/09/06","永豐金-苓雅",2,20,-18
"3807","8936國統","110/09/06","元大-博愛",13,0,13
"3808","8936國統","110/09/06","玉山證券",3,19,-16
"3809","8936國統","110/09/06","元大-桃興",13,0,13
"3810","8936國統","110/09/06","港商野村",10,24,-14
"3811","6226光鼎","110/09/06","富邦-台北",120,6,114
"3812","6226光鼎","110/09/06","凱基-台北",112,220,-108
"3813","6226光鼎","110/09/06","永豐金-大園",72,0,72
"3814","6226光鼎","110/09/06","元大-北成功",2,107,-105
"3815","6226光鼎","110/09/06","瑞士信貸",63,0,63
"3816","6226光鼎","110/09/06","大昌-新店",21,111,-90
"3817","6226光鼎","110/09/06","合庫-鳳山",60,0,60
"3818","6226光鼎","110/09/06","摩根大通",118,200,-82
"3819","6226光鼎","110/09/06","臺銀-臺南",67,9,58
"3820","6226光鼎","110/09/06","華南永昌",11,83,-72
"3821","6226光鼎","110/09/06","國泰-板橋",94,44,50
"3822","6226光鼎","110/09/06","台灣企銀-三民",0,51,-51
"3823","6226光鼎","110/09/06","玉山-士林",46,4,42
"3824","6226光鼎","110/09/06","第一金-光復",13,60,-47
"3825","6226光鼎","110/09/06","永豐金-新莊",38,0,38
"3826","6226光鼎","110/09/06","元大-竹北",2,43,-41
"3827","6226光鼎","110/09/06","土銀-嘉義",34,0,34
"3828","6226光鼎","110/09/06","華南永昌-岡山",0,38,-38
"3829","6226光鼎","110/09/06","群益金鼎-開元",35,2,33
"3830","6226光鼎","110/09/06","富邦-彰化",1,39,-38
"3831","6226光鼎","110/09/06","日盛-大墩",34,2,32
"3832","6226光鼎","110/09/06","日盛-和美",0,35,-35
"3833","6226光鼎","110/09/06","永豐金-台南",49,17,32
"3834","6226光鼎","110/09/06","新光",61,96,-35
"3835","6226光鼎","110/09/06","元大-楊梅",34,3,31
"3836","6226光鼎","110/09/06","凱基-台南",5,40,-35
"3837","6226光鼎","110/09/06","元大-員林",44,13,31
"3838","6226光鼎","110/09/06","港商野村",57,91,-34
"3839","6226光鼎","110/09/06","永豐金證券",32,2,30
"3840","6226光鼎","110/09/06","群益金鼎-新竹",7,41,-34
"3841","2363矽統","110/09/06","合庫-基隆",1471,72,1399
"3842","2363矽統","110/09/06","凱基-松山",1312,10959,-9647
"3843","2363矽統","110/09/06","美林",6969,5651,1318
"3844","2363矽統","110/09/06","統一",1488,4742,-3254
"3845","2363矽統","110/09/06","元大-大里",1591,439,1152
"3846","2363矽統","110/09/06","摩根大通",4294,7186,-2892
"3847","2363矽統","110/09/06","玉山-大里",1189,225,964
"3848","2363矽統","110/09/06","日盛-文化",172,1199,-1027
"3849","2363矽統","110/09/06","國泰-敦南",5341,4502,839
"3850","2363矽統","110/09/06","統一-敦南",499,1515,-1016
"3851","2363矽統","110/09/06","元富-大裕",820,99,721
"3852","2363矽統","110/09/06","凱基-台北",4788,5774,-986
"3853","2363矽統","110/09/06","群益金鼎-敦南",730,205,525
"3854","2363矽統","110/09/06","凱基-大直",61,1043,-982
"3855","2363矽統","110/09/06","元大-佳里",964,440,524
"3856","2363矽統","110/09/06","統一-土城",151,1105,-954
"3857","2363矽統","110/09/06","合庫-高雄",582,81,501
"3858","2363矽統","110/09/06","台灣摩根士丹利",683,1562,-879
"3859","2363矽統","110/09/06","港商野村",714,235,479
"3860","2363矽統","110/09/06","統一-仁愛",306,851,-545
"3861","2363矽統","110/09/06","瑞士信貸",522,59,463
"3862","2363矽統","110/09/06","統一-城中",175,650,-475
"3863","2363矽統","110/09/06","新光-高雄",1086,669,417
"3864","2363矽統","110/09/06","康和",347,811,-464
"3865","2363矽統","110/09/06","合庫-台中",803,394,409
"3866","2363矽統","110/09/06","國票-敦北法人",159,589,-430
"3867","2363矽統","110/09/06","兆豐-板橋",431,37,394
"3868","2363矽統","110/09/06","凱基-復興",82,477,-395
"3869","2363矽統","110/09/06","第一金-新竹",1613,1222,391
"3870","2363矽統","110/09/06","美商高盛",1531,1889,-358
"3871","8112至上","110/09/06","元大-汐止",101,0,101
"3872","8112至上","110/09/06","凱基-敦北",0,201,-201
"3873","8112至上","110/09/06","玉山-桃園",87,0,87
"3874","8112至上","110/09/06","凱基-台北",68,213,-145
"3875","8112至上","110/09/06","群益金鼎-敦南",66,2,64
"3876","8112至上","110/09/06","美林",18,154,-136
"3877","8112至上","110/09/06","合庫證券",62,0,62
"3878","8112至上","110/09/06","大昌-桃園",0,115,-115
"3879","8112至上","110/09/06","宏遠證券",50,0,50
"3880","8112至上","110/09/06","摩根大通",47,150,-103
"3881","8112至上","110/09/06","群益金鼎-內湖",50,0,50
"3882","8112至上","110/09/06","凱基-竹科",2,81,-79
"3883","8112至上","110/09/06","富邦-仁愛",50,6,44
"3884","8112至上","110/09/06","港商野村",16,87,-71
"3885","8112至上","110/09/06","元大-文心",44,0,44
"3886","8112至上","110/09/06","國票-南京",10,80,-70
"3887","8112至上","110/09/06","群益金鼎-高盛",43,0,43
"3888","8112至上","110/09/06","元大-信義",0,65,-65
"3889","8112至上","110/09/06","永豐金-中盛",31,0,31
"3890","8112至上","110/09/06","新加坡商瑞銀",18,82,-64
"3891","8112至上","110/09/06","日盛-大墩",35,6,29
"3892","8112至上","110/09/06","美商高盛",29,75,-46
"3893","8112至上","110/09/06","臺銀",28,1,27
"3894","8112至上","110/09/06","玉山-城中",4,43,-39
"3895","8112至上","110/09/06","元大-善化",26,1,25
"3896","8112至上","110/09/06","(牛牛牛)亞-鑫豐",6,41,-35
"3897","8112至上","110/09/06","兆豐-台中港",26,2,24
"3898","8112至上","110/09/06","台灣摩根士丹利",11,39,-28
"3899","8112至上","110/09/06","統一-南京",21,0,21
"3900","8112至上","110/09/06","中國信託",1,27,-26
"3901","1570力肯","110/09/06","國票-和平",50,0,50
"3902","1570力肯","110/09/06","元大-板橋",1,65,-64
"3903","1570力肯","110/09/06","元大-北三重",36,0,36
"3904","1570力肯","110/09/06","元大-內湖",0,40,-40
"3905","1570力肯","110/09/06","國票-北高雄",23,0,23
"3906","1570力肯","110/09/06","凱基-台北",2,38,-36
"3907","1570力肯","110/09/06","凱基-天母",20,0,20
"3908","1570力肯","110/09/06","宏遠證券",15,50,-35
"3909","1570力肯","110/09/06","元大-員林",20,0,20
"3910","1570力肯","110/09/06","合庫-桃園",0,20,-20
"3911","1570力肯","110/09/06","永豐金-苓雅",20,0,20
"3912","1570力肯","110/09/06","永豐金-中和",0,20,-20
"3913","1570力肯","110/09/06","新光-新竹",12,0,12
"3914","1570力肯","110/09/06","摩根大通",0,18,-18
"3915","1570力肯","110/09/06","元大-莒光",12,0,12
"3916","1570力肯","110/09/06","元大-基隆",0,17,-17
"3917","1570力肯","110/09/06","元大-草屯",12,0,12
"3918","1570力肯","110/09/06","統一-松江",0,16,-16
"3919","1570力肯","110/09/06","兆豐-員林",10,0,10
"3920","1570力肯","110/09/06","聯邦商銀",0,10,-10
"3921","1570力肯","110/09/06","富邦-新營",10,0,10
"3922","1570力肯","110/09/06","富邦-台南",0,10,-10
"3923","1570力肯","110/09/06","國票-內壢",9,0,9
"3924","1570力肯","110/09/06","群益金鼎-松山",0,9,-9
"3925","1570力肯","110/09/06","臺銀-臺南",6,0,6
"3926","1570力肯","110/09/06","兆豐-民生",0,8,-8
"3927","1570力肯","110/09/06","大昌-桃園",6,0,6
"3928","1570力肯","110/09/06","群益金鼎-丹鳳",0,7,-7
"3929","1570力肯","110/09/06","彰銀-七賢",5,0,5
"3930","1570力肯","110/09/06","元大-竹科",0,7,-7
"3931","2929淘帝","110/09/06","新光-台中",20,0,20
"3932","2929淘帝","110/09/06","玉山-新竹",0,60,-60
"3933","2929淘帝","110/09/06","富邦-內湖",15,0,15
"3934","2929淘帝","110/09/06","美林",2,22,-20
"3935","2929淘帝","110/09/06","日盛-八德",10,0,10
"3936","2929淘帝","110/09/06","凱基-長庚",0,19,-19
"3937","2929淘帝","110/09/06","元富-大裕",10,0,10
"3938","2929淘帝","110/09/06","新加坡商瑞銀",1,19,-18
"3939","2929淘帝","110/09/06","富邦-台南",10,0,10
"3940","2929淘帝","110/09/06","日盛-南京",0,15,-15
"3941","2929淘帝","110/09/06","元富-新竹",7,0,7
"3942","2929淘帝","110/09/06","國泰-台中",0,8,-8
"3943","2929淘帝","110/09/06","凱基-林口",7,0,7
"3944","2929淘帝","110/09/06","元大-左營",0,6,-6
"3945","2929淘帝","110/09/06","華南永昌-古亭",7,0,7
"3946","2929淘帝","110/09/06","港商野村",0,5,-5
"3947","2929淘帝","110/09/06","富邦-台北",7,0,7
"3948","2929淘帝","110/09/06","第一金-自由",0,5,-5
"3949","2929淘帝","110/09/06","元大-承德",6,0,6
"3950","2929淘帝","110/09/06","元富-基隆",0,5,-5
"3951","2929淘帝","110/09/06","合庫-高雄",5,0,5
"3952","2929淘帝","110/09/06","光和-高雄",0,5,-5
"3953","2929淘帝","110/09/06","元富-草屯",5,0,5
"3954","2929淘帝","110/09/06","永豐金-忠孝",0,5,-5
"3955","2929淘帝","110/09/06","台新證券",6,1,5
"3956","2929淘帝","110/09/06","台新-高雄",0,4,-4
"3957","2929淘帝","110/09/06","台新-建北",5,0,5
"3958","2929淘帝","110/09/06","富邦-南屯",0,4,-4
"3959","2929淘帝","110/09/06","玉山-台南",5,0,5
"3960","2929淘帝","110/09/06","臺銀-臺南",0,3,-3
"3961","5410國眾","110/09/06","華南永昌-高雄",30,0,30
"3962","5410國眾","110/09/06","凱基-台北",1,12,-11
"3963","5410國眾","110/09/06","元大-木柵",8,0,8
"3964","5410國眾","110/09/06","新光-台中",0,10,-10
"3965","5410國眾","110/09/06","兆豐-嘉義",4,0,4
"3966","5410國眾","110/09/06","群益金鼎-中壢",0,10,-10
"3967","5410國眾","110/09/06","新光",3,0,3
"3968","5410國眾","110/09/06","臺銀-金山",0,9,-9
"3969","5410國眾","110/09/06","華南永昌-淡水",3,0,3
"3970","5410國眾","110/09/06","大昌",0,5,-5
"3971","5410國眾","110/09/06","元大-大灣",3,0,3
"3972","5410國眾","110/09/06","臺銀-高雄",0,3,-3
"3973","5410國眾","110/09/06","元富-緯城",2,0,2
"3974","5410國眾","110/09/06","元富-板橋",0,3,-3
"3975","5410國眾","110/09/06","元富-嘉義",2,0,2
"3976","5410國眾","110/09/06","元富-林園",0,2,-2
"3977","5410國眾","110/09/06","國泰-台中",2,0,2
"3978","5410國眾","110/09/06","國票-博愛",0,2,-2
"3979","5410國眾","110/09/06","群益金鼎-士林",2,0,2
"3980","5410國眾","110/09/06","康和-延平",0,2,-2
"3981","5410國眾","110/09/06","凱基-台東",2,0,2
"3982","5410國眾","110/09/06","玉山-數位",0,2,-2
"3983","5410國眾","110/09/06","元大-鳳中",2,0,2
"3984","5410國眾","110/09/06","國泰-敦南",2,4,-2
"3985","5410國眾","110/09/06","元大-左營",2,0,2
"3986","5410國眾","110/09/06","凱基-岡山",0,2,-2
"3987","5410國眾","110/09/06","永豐金-竹北",2,0,2
"3988","5410國眾","110/09/06","華南永昌-公誠",0,2,-2
"3989","5410國眾","110/09/06","元大-崇德",1,0,1
"3990","5410國眾","110/09/06","元大-苑裡",0,2,-2
"3991","2841台開","110/09/06","永豐金-員林",60,0,60
"3992","2841台開","110/09/06","華南永昌-潮州",0,75,-75
"3993","2841台開","110/09/06","群益金鼎-彰化",50,0,50
"3994","2841台開","110/09/06","富隆-長安",0,40,-40
"3995","2841台開","110/09/06","台中銀",40,0,40
"3996","2841台開","110/09/06","永豐金-南投",0,25,-25
"3997","2841台開","110/09/06","富邦-新店",24,0,24
"3998","2841台開","110/09/06","台灣摩根士丹利",0,13,-13
"3999","2841台開","110/09/06","宏遠-館前",21,0,21
"4000","2841台開","110/09/06","群益金鼎-永和",0,13,-13
"4001","2841台開","110/09/06","群益金鼎-崇德",20,0,20
"4002","2841台開","110/09/06","國票-中和",0,12,-12
"4003","2841台開","110/09/06","凱基-大里",16,0,16
"4004","2841台開","110/09/06","國票-和平",0,10,-10
"4005","2841台開","110/09/06","日盛證券",17,5,12
"4006","2841台開","110/09/06","富邦-新竹",0,10,-10
"4007","2841台開","110/09/06","群益金鼎-大甲",10,0,10
"4008","2841台開","110/09/06","元大-復北",0,10,-10
"4009","2841台開","110/09/06","永豐金-敦南",23,15,8
"4010","2841台開","110/09/06","富邦-苗栗",0,9,-9
"4011","2841台開","110/09/06","國泰-敦南",6,0,6
"4012","2841台開","110/09/06","凱基-三重",0,8,-8
"4013","2841台開","110/09/06","元大-南勢角",6,0,6
"4014","2841台開","110/09/06","群益金鼎-新竹",0,7,-7
"4015","2841台開","110/09/06","國票-天祥",2,0,2
"4016","2841台開","110/09/06","元大-歸仁",0,7,-7
"4017","2841台開","110/09/06","國泰-桃園",2,0,2
"4018","2841台開","110/09/06","台新-台中",0,5,-5
"4019","2841台開","110/09/06","群益金鼎-館前",1,0,1
"4020","2841台開","110/09/06","元大-東蘆",0,5,-5
"4021","6207雷科","110/09/06","台新-高雄",57,0,57
"4022","6207雷科","110/09/06","新加坡商瑞銀",11,65,-54
"4023","6207雷科","110/09/06","元大-高雄",52,0,52
"4024","6207雷科","110/09/06","凱基-台北",17,56,-39
"4025","6207雷科","110/09/06","群益金鼎-瑞豐",40,0,40
"4026","6207雷科","110/09/06","(牛牛牛)亞-鑫豐",0,28,-28
"4027","6207雷科","110/09/06","中國信託-高雄",17,0,17
"4028","6207雷科","110/09/06","港商野村",0,27,-27
"4029","6207雷科","110/09/06","永全-八德",9,0,9
"4030","6207雷科","110/09/06","美商高盛",2,28,-26
"4031","6207雷科","110/09/06","永豐金-北高雄",9,0,9
"4032","6207雷科","110/09/06","華南永昌-朴子",0,20,-20
"4033","6207雷科","110/09/06","大昌-桃園",8,0,8
"4034","6207雷科","110/09/06","摩根大通",1,20,-19
"4035","6207雷科","110/09/06","凱基-中山",8,0,8
"4036","6207雷科","110/09/06","元大-博愛",0,15,-15
"4037","6207雷科","110/09/06","元大-大灣",8,0,8
"4038","6207雷科","110/09/06","國票-九鼎",2,16,-14
"4039","6207雷科","110/09/06","國泰-敦南",7,0,7
"4040","6207雷科","110/09/06","美林",0,13,-13
"4041","6207雷科","110/09/06","玉山-台南",6,0,6
"4042","6207雷科","110/09/06","大慶-富順",4,17,-13
"4043","6207雷科","110/09/06","富邦-內湖",6,0,6
"4044","6207雷科","110/09/06","統一-台中",1,14,-13
"4045","6207雷科","110/09/06","玉山-大里",5,0,5
"4046","6207雷科","110/09/06","兆豐-嘉義",1,14,-13
"4047","6207雷科","110/09/06","群益金鼎-高盛",5,0,5
"4048","6207雷科","110/09/06","國票-台南",0,8,-8
"4049","6207雷科","110/09/06","富邦-高雄",5,0,5
"4050","6207雷科","110/09/06","台新-台中",0,5,-5
"4051","3679新至陞","110/09/06","元大-大天母",30,0,30
"4052","3679新至陞","110/09/06","凱基-台北",0,17,-17
"4053","3679新至陞","110/09/06","元大-成功",14,0,14
"4054","3679新至陞","110/09/06","摩根大通",1,17,-16
"4055","3679新至陞","110/09/06","永豐金-南投",5,0,5
"4056","3679新至陞","110/09/06","華南永昌-三重",0,13,-13
"4057","3679新至陞","110/09/06","大昌-桃園",3,0,3
"4058","3679新至陞","110/09/06","瑞士信貸",0,9,-9
"4059","3679新至陞","110/09/06","玉山-台大",3,0,3
"4060","3679新至陞","110/09/06","北城證券",0,6,-6
"4061","3679新至陞","110/09/06","永豐金-松山",3,0,3
"4062","3679新至陞","110/09/06","台灣摩根士丹利",0,5,-5
"4063","3679新至陞","110/09/06","日盛-嘉義",2,0,2
"4064","3679新至陞","110/09/06","美商高盛",0,3,-3
"4065","3679新至陞","110/09/06","兆豐-松德",2,0,2
"4066","3679新至陞","110/09/06","港商野村",0,3,-3
"4067","3679新至陞","110/09/06","凱基-彰化",2,0,2
"4068","3679新至陞","110/09/06","凱基-埔墘",0,3,-3
"4069","3679新至陞","110/09/06","元大-草屯",2,0,2
"4070","3679新至陞","110/09/06","元大-松山",0,3,-3
"4071","3679新至陞","110/09/06","土銀-和平",2,1,1
"4072","3679新至陞","110/09/06","安泰",0,2,-2
"4073","3679新至陞","110/09/06","土銀-士林",1,0,1
"4074","3679新至陞","110/09/06","元大-萬華",0,2,-2
"4075","3679新至陞","110/09/06","臺銀-高雄",1,0,1
"4076","3679新至陞","110/09/06","美林",1,2,-1
"4077","3679新至陞","110/09/06","統一",1,0,1
"4078","3679新至陞","110/09/06","亞東",0,1,-1
"4079","3679新至陞","110/09/06","元富-緯城",1,0,1
"4080","3679新至陞","110/09/06","元大證券",0,1,-1
"4081","2727王品","110/09/06","統一-三重",24,0,24
"4082","2727王品","110/09/06","美林",0,81,-81
"4083","2727王品","110/09/06","聯邦-興中",20,0,20
"4084","2727王品","110/09/06","華南永昌-麻豆",0,60,-60
"4085","2727王品","110/09/06","國泰-敦南",30,13,17
"4086","2727王品","110/09/06","港商野村",19,60,-41
"4087","2727王品","110/09/06","(牛牛牛)亞-鑫豐",17,3,14
"4088","2727王品","110/09/06","凱基-台北",32,69,-37
"4089","2727王品","110/09/06","元富-永和",13,0,13
"4090","2727王品","110/09/06","中國信託",0,33,-33
"4091","2727王品","110/09/06","凱基-板橋",14,1,13
"4092","2727王品","110/09/06","統一",0,20,-20
"4093","2727王品","110/09/06","國票-九鼎",15,3,12
"4094","2727王品","110/09/06","永豐金-桃盛",0,20,-20
"4095","2727王品","110/09/06","日盛-木柵",11,0,11
"4096","2727王品","110/09/06","富邦-新竹",0,15,-15
"4097","2727王品","110/09/06","永豐金-忠孝",11,0,11
"4098","2727王品","110/09/06","群益金鼎-大興",0,13,-13
"4099","2727王品","110/09/06","德信",10,0,10
"4100","2727王品","110/09/06","摩根大通",18,30,-12
"4101","2727王品","110/09/06","新光",12,3,9
"4102","2727王品","110/09/06","凱基-興隆",1,12,-11
"4103","2727王品","110/09/06","元富",8,0,8
"4104","2727王品","110/09/06","元大-南京",2,13,-11
"4105","2727王品","110/09/06","玉山-桃園",11,3,8
"4106","2727王品","110/09/06","元大-高雄",2,13,-11
"4107","2727王品","110/09/06","永豐金-彰化",9,1,8
"4108","2727王品","110/09/06","群益金鼎-士林",0,8,-8
"4109","2727王品","110/09/06","玉山-板橋",8,1,7
"4110","2727王品","110/09/06","華南永昌",1,8,-7
"4111","1570力肯","110/09/06","國票-和平",50,0,50
"4112","1570力肯","110/09/06","元大-板橋",1,65,-64
"4113","1570力肯","110/09/06","元大-北三重",36,0,36
"4114","1570力肯","110/09/06","元大-內湖",0,40,-40
"4115","1570力肯","110/09/06","國票-北高雄",23,0,23
"4116","1570力肯","110/09/06","凱基-台北",2,38,-36
"4117","1570力肯","110/09/06","凱基-天母",20,0,20
"4118","1570力肯","110/09/06","宏遠證券",15,50,-35
"4119","1570力肯","110/09/06","元大-員林",20,0,20
"4120","1570力肯","110/09/06","合庫-桃園",0,20,-20
"4121","1570力肯","110/09/06","永豐金-苓雅",20,0,20
"4122","1570力肯","110/09/06","永豐金-中和",0,20,-20
"4123","1570力肯","110/09/06","新光-新竹",12,0,12
"4124","1570力肯","110/09/06","摩根大通",0,18,-18
"4125","1570力肯","110/09/06","元大-莒光",12,0,12
"4126","1570力肯","110/09/06","元大-基隆",0,17,-17
"4127","1570力肯","110/09/06","元大-草屯",12,0,12
"4128","1570力肯","110/09/06","統一-松江",0,16,-16
"4129","1570力肯","110/09/06","兆豐-員林",10,0,10
"4130","1570力肯","110/09/06","聯邦商銀",0,10,-10
"4131","1570力肯","110/09/06","富邦-新營",10,0,10
"4132","1570力肯","110/09/06","富邦-台南",0,10,-10
"4133","1570力肯","110/09/06","國票-內壢",9,0,9
"4134","1570力肯","110/09/06","群益金鼎-松山",0,9,-9
"4135","1570力肯","110/09/06","臺銀-臺南",6,0,6
"4136","1570力肯","110/09/06","兆豐-民生",0,8,-8
"4137","1570力肯","110/09/06","大昌-桃園",6,0,6
"4138","1570力肯","110/09/06","群益金鼎-丹鳳",0,7,-7
"4139","1570力肯","110/09/06","彰銀-七賢",5,0,5
"4140","1570力肯","110/09/06","元大-竹科",0,7,-7
"4141","6180橘子","110/09/06","凱基-永康",90,0,90
"4142","6180橘子","110/09/06","凱基-台北",22,132,-110
"4143","6180橘子","110/09/06","國泰-敦南",19,3,16
"4144","6180橘子","110/09/06","元大-大安",0,25,-25
"4145","6180橘子","110/09/06","玉山-大里",13,0,13
"4146","6180橘子","110/09/06","美林",0,24,-24
"4147","6180橘子","110/09/06","日盛-文化",12,0,12
"4148","6180橘子","110/09/06","國票-長城",0,22,-22
"4149","6180橘子","110/09/06","台灣摩根士丹利",12,0,12
"4150","6180橘子","110/09/06","國泰-台南",1,23,-22
"4151","6180橘子","110/09/06","合庫-自強",10,0,10
"4152","6180橘子","110/09/06","元大-草屯",0,22,-22
"4153","6180橘子","110/09/06","元富-大裕",10,0,10
"4154","6180橘子","110/09/06","凱基-中壢",0,21,-21
"4155","6180橘子","110/09/06","元大-金華",10,0,10
"4156","6180橘子","110/09/06","大慶-蘆洲",0,20,-20
"4157","6180橘子","110/09/06","港商野村",10,1,9
"4158","6180橘子","110/09/06","凱基-高美館",0,20,-20
"4159","6180橘子","110/09/06","土銀-和平",8,0,8
"4160","6180橘子","110/09/06","富邦-員林",0,18,-18
"4161","6180橘子","110/09/06","永豐金證券",8,0,8
"4162","6180橘子","110/09/06","摩根大通",26,41,-15
"4163","6180橘子","110/09/06","新光-高雄",8,1,7
"4164","6180橘子","110/09/06","國泰-新莊",0,10,-10
"4165","6180橘子","110/09/06","永豐金-萬盛",7,0,7
"4166","6180橘子","110/09/06","元大-大里德芳",0,10,-10
"4167","6180橘子","110/09/06","臺銀-高雄",6,0,6
"4168","6180橘子","110/09/06","國票-中和",0,8,-8
"4169","6180橘子","110/09/06","華南永昌-古亭",8,2,6
"4170","6180橘子","110/09/06","台新-左楠",0,8,-8
"4171","2390云辰","110/09/06","台灣摩根士丹利",242,16,226
"4172","2390云辰","110/09/06","摩根大通",36,602,-566
"4173","2390云辰","110/09/06","群益金鼎-海山",164,5,159
"4174","2390云辰","110/09/06","美商高盛",139,334,-195
"4175","2390云辰","110/09/06","元大-松山",107,4,103
"4176","2390云辰","110/09/06","美林",67,190,-123
"4177","2390云辰","110/09/06","新光-桃園",64,13,51
"4178","2390云辰","110/09/06","新光-台中",0,81,-81
"4179","2390云辰","110/09/06","兆豐-北高雄",50,0,50
"4180","2390云辰","110/09/06","臺銀-臺中",26,93,-67
"4181","2390云辰","110/09/06","元大-嘉義",50,0,50
"4182","2390云辰","110/09/06","元大-館前",5,66,-61
"4183","2390云辰","110/09/06","新加坡商瑞銀",113,71,42
"4184","2390云辰","110/09/06","群益金鼎-延平",1,49,-48
"4185","2390云辰","110/09/06","元大-內湖",41,0,41
"4186","2390云辰","110/09/06","凱基-台北",113,160,-47
"4187","2390云辰","110/09/06","兆豐-寶成",41,1,40
"4188","2390云辰","110/09/06","瑞士信貸",0,31,-31
"4189","2390云辰","110/09/06","元大-北三重",41,1,40
"4190","2390云辰","110/09/06","元富-高雄",0,31,-31
"4191","2390云辰","110/09/06","元大-福營",36,0,36
"4192","2390云辰","110/09/06","國票-中和",10,40,-30
"4193","2390云辰","110/09/06","第一金-新竹",30,1,29
"4194","2390云辰","110/09/06","大慶-中壢",3,30,-27
"4195","2390云辰","110/09/06","國票-敦北法人",29,1,28
"4196","2390云辰","110/09/06","日盛-新莊",32,57,-25
"4197","2390云辰","110/09/06","元大-土城學府",135,108,27
"4198","2390云辰","110/09/06","中國信託-嘉義",2,26,-24
"4199","2390云辰","110/09/06","富邦-板橋",30,4,26
"4200","2390云辰","110/09/06","凱基-內埔",0,20,-20
"4201","2834臺企銀","110/09/03","凱基-台北",6916,1284,5632
"4202","2834臺企銀","110/09/03","新加坡商瑞銀",141,10693,-10552
"4203","2834臺企銀","110/09/03","摩根大通",2831,187,2644
"4204","2834臺企銀","110/09/03","新光-台中",69,1833,-1764
"4205","2834臺企銀","110/09/03","花旗環球",1989,0,1989
"4206","2834臺企銀","110/09/03","永豐金-彰化",0,1201,-1201
"4207","2834臺企銀","110/09/03","港商法國興業",1852,0,1852
"4208","2834臺企銀","110/09/03","元富-城東",0,1155,-1155
"4209","2834臺企銀","110/09/03","港商野村",1704,220,1484
"4210","2834臺企銀","110/09/03","台灣摩根士丹利",664,1433,-769
"4211","2834臺企銀","110/09/03","日盛證券",1112,12,1100
"4212","2834臺企銀","110/09/03","元大-蘆洲",92,716,-624
"4213","2834臺企銀","110/09/03","美商高盛",724,77,647
"4214","2834臺企銀","110/09/03","臺銀-臺南",11,630,-619
"4215","2834臺企銀","110/09/03","元大-竹南",611,12,599
"4216","2834臺企銀","110/09/03","華南永昌-麻豆",26,497,-471
"4217","2834臺企銀","110/09/03","中國信託-文心",529,2,527
"4218","2834臺企銀","110/09/03","統一-板橋",150,600,-450
"4219","2834臺企銀","110/09/03","新光",758,240,518
"4220","2834臺企銀","110/09/03","凱基-高美館",3,342,-339
"4221","2834臺企銀","110/09/03","瑞士信貸",4566,4083,483
"4222","2834臺企銀","110/09/03","日盛-新莊",0,306,-306
"4223","2834臺企銀","110/09/03","元大-大里",564,106,458
"4224","2834臺企銀","110/09/03","元富-松德",7,303,-296
"4225","2834臺企銀","110/09/03","元富-虎尾",420,1,419
"4226","2834臺企銀","110/09/03","第一金-忠孝",2,284,-282
"4227","2834臺企銀","110/09/03","華南永昌-嘉義",402,0,402
"4228","2834臺企銀","110/09/03","永豐金-中和",0,282,-282
"4229","2834臺企銀","110/09/03","永豐金-埔里",406,21,385
"4230","2834臺企銀","110/09/03","臺銀-民權",43,292,-249
"4231","5511德昌","110/09/03","永豐金-內湖",35,0,35
"4232","5511德昌","110/09/03","寶盛",0,30,-30
"4233","5511德昌","110/09/03","華南永昌-忠孝",25,0,25
"4234","5511德昌","110/09/03","第一金-台中",0,15,-15
"4235","5511德昌","110/09/03","統一-士林",24,0,24
"4236","5511德昌","110/09/03","康和-內湖",0,10,-10
"4237","5511德昌","110/09/03","永豐金-市政",7,0,7
"4238","5511德昌","110/09/03","玉山-台南",0,5,-5
"4239","5511德昌","110/09/03","凱基-台北",5,0,5
"4240","5511德昌","110/09/03","致和-崇德",0,5,-5
"4241","5511德昌","110/09/03","兆豐-南京",3,0,3
"4242","5511德昌","110/09/03","大昌",0,4,-4
"4243","5511德昌","110/09/03","摩根大通",1,0,1
"4244","5511德昌","110/09/03","凱基-復興",0,3,-3
"4245","5511德昌","110/09/03","元大-清水",1,0,1
"4246","5511德昌","110/09/03","永豐金-台南",0,3,-3
"4247","5511德昌","110/09/03","元富-城中",0,0,0
"4248","5511德昌","110/09/03","群益金鼎-海山",0,2,-2
"4249","5511德昌","110/09/03","元富-中原",0,0,0
"4250","5511德昌","110/09/03","富邦-建國",0,2,-2
"4251","5511德昌","110/09/03","大昌-新竹",0,0,0
"4252","5511德昌","110/09/03","元大-新盛",0,2,-2
"4253","5511德昌","110/09/03","國票-南崁",0,0,0
"4254","5511德昌","110/09/03","元大-新莊",0,2,-2
"4255","5511德昌","110/09/03","台新-屏東",0,0,0
"4256","5511德昌","110/09/03","永豐金-中壢",0,2,-2
"4257","5511德昌","110/09/03","凱基-文心",0,0,0
"4258","5511德昌","110/09/03","永豐金-三重",0,2,-2
"4259","5511德昌","110/09/03","元大-沙鹿",0,0,0
"4260","5511德昌","110/09/03","兆豐-城中",0,1,-1
"4261","2489瑞軒","110/09/03","元大-豐原",137,0,137
"4262","2489瑞軒","110/09/03","台新-高雄",1,155,-154
"4263","2489瑞軒","110/09/03","瑞士信貸",136,0,136
"4264","2489瑞軒","110/09/03","美商高盛",0,101,-101
"4265","2489瑞軒","110/09/03","群益金鼎-大安",130,0,130
"4266","2489瑞軒","110/09/03","兆豐-岡山",0,100,-100
"4267","2489瑞軒","110/09/03","摩根大通",142,17,125
"4268","2489瑞軒","110/09/03","合庫-桃園",0,60,-60
"4269","2489瑞軒","110/09/03","美林",164,86,78
"4270","2489瑞軒","110/09/03","元大-東泰",0,60,-60
"4271","2489瑞軒","110/09/03","台灣摩根士丹利",74,13,61
"4272","2489瑞軒","110/09/03","康和-台中",0,51,-51
"4273","2489瑞軒","110/09/03","華南永昌-忠孝",60,0,60
"4274","2489瑞軒","110/09/03","第一金-路竹",0,50,-50
"4275","2489瑞軒","110/09/03","富邦-岡山",55,0,55
"4276","2489瑞軒","110/09/03","元大-汐止",1,44,-43
"4277","2489瑞軒","110/09/03","凱基-台北",152,104,48
"4278","2489瑞軒","110/09/03","合庫-台南",0,30,-30
"4279","2489瑞軒","110/09/03","花旗環球",46,0,46
"4280","2489瑞軒","110/09/03","國票-南科",0,30,-30
"4281","2489瑞軒","110/09/03","華南永昌-頭份",37,0,37
"4282","2489瑞軒","110/09/03","凱基-中山",0,25,-25
"4283","2489瑞軒","110/09/03","元大-歸仁",32,0,32
"4284","2489瑞軒","110/09/03","國票-長城",0,24,-24
"4285","2489瑞軒","110/09/03","富邦-陽明",30,1,29
"4286","2489瑞軒","110/09/03","群益金鼎-民權",0,22,-22
"4287","2489瑞軒","110/09/03","日盛-忠孝",25,0,25
"4288","2489瑞軒","110/09/03","群益金鼎-潭子",0,22,-22
"4289","2489瑞軒","110/09/03","永豐金-中正",28,5,23
"4290","2489瑞軒","110/09/03","大慶-富順",0,21,-21
"4291","2428興勤","110/09/03","美林",40,0,40
"4292","2428興勤","110/09/03","港商麥格理",0,46,-46
"4293","2428興勤","110/09/03","台灣摩根士丹利",32,2,30
"4294","2428興勤","110/09/03","宏遠-桃園",0,25,-25
"4295","2428興勤","110/09/03","摩根大通",31,4,27
"4296","2428興勤","110/09/03","永豐金證券",0,12,-12
"4297","2428興勤","110/09/03","美商高盛",26,0,26
"4298","2428興勤","110/09/03","永豐金-天母",0,12,-12
"4299","2428興勤","110/09/03","凱基-台北",27,3,24
"4300","2428興勤","110/09/03","國泰證券",0,10,-10
"4301","2428興勤","110/09/03","瑞士信貸",18,1,17
"4302","2428興勤","110/09/03","凱基-桃園",0,10,-10
"4303","2428興勤","110/09/03","新加坡商瑞銀",12,1,11
"4304","2428興勤","110/09/03","元大-旗山",0,10,-10
"4305","2428興勤","110/09/03","富邦-台南",10,0,10
"4306","2428興勤","110/09/03","永豐金-市政",0,10,-10
"4307","2428興勤","110/09/03","花旗環球",7,0,7
"4308","2428興勤","110/09/03","日盛-花蓮",3,10,-7
"4309","2428興勤","110/09/03","日盛-新竹",5,0,5
"4310","2428興勤","110/09/03","中國信託",0,7,-7
"4311","2428興勤","110/09/03","中國信託-高雄",5,0,5
"4312","2428興勤","110/09/03","聯邦-富強",0,6,-6
"4313","2428興勤","110/09/03","富邦-仁愛",5,0,5
"4314","2428興勤","110/09/03","國票-安和",2,7,-5
"4315","2428興勤","110/09/03","永興",4,0,4
"4316","2428興勤","110/09/03","元大-鹿港",0,5,-5
"4317","2428興勤","110/09/03","兆豐-公益",6,2,4
"4318","2428興勤","110/09/03","大昌-桃園",0,4,-4
"4319","2428興勤","110/09/03","凱基",3,0,3
"4320","2428興勤","110/09/03","台新-台中",1,5,-4
"4321","3176基亞","110/09/03","玉山-城中",44,0,44
"4322","3176基亞","110/09/03","永豐金-南投",0,67,-67
"4323","3176基亞","110/09/03","康和-板橋",25,0,25
"4324","3176基亞","110/09/03","台中銀",0,55,-55
"4325","3176基亞","110/09/03","第一金-路竹",20,0,20
"4326","3176基亞","110/09/03","元大-虎尾",0,25,-25
"4327","3176基亞","110/09/03","群益金鼎-板橋",20,0,20
"4328","3176基亞","110/09/03","群益金鼎-中壢",0,18,-18
"4329","3176基亞","110/09/03","元大-新竹經國",20,0,20
"4330","3176基亞","110/09/03","群益金鼎-敦南",0,13,-13
"4331","3176基亞","110/09/03","日盛-板橋",17,0,17
"4332","3176基亞","110/09/03","日盛-南京",0,10,-10
"4333","3176基亞","110/09/03","元富-高雄",12,0,12
"4334","3176基亞","110/09/03","元大-南京",0,10,-10
"4335","3176基亞","110/09/03","玉山-雙和",10,0,10
"4336","3176基亞","110/09/03","富邦-台中",0,9,-9
"4337","3176基亞","110/09/03","群益金鼎-大興",10,0,10
"4338","3176基亞","110/09/03","宏遠-台南",0,8,-8
"4339","3176基亞","110/09/03","日盛-高雄",8,0,8
"4340","3176基亞","110/09/03","新光",9,16,-7
"4341","3176基亞","110/09/03","富邦-台北",10,2,8
"4342","3176基亞","110/09/03","國泰-台中",0,7,-7
"4343","3176基亞","110/09/03","日盛-中壢",6,0,6
"4344","3176基亞","110/09/03","台灣摩根士丹利",0,6,-6
"4345","3176基亞","110/09/03","宏遠-光隆",6,0,6
"4346","3176基亞","110/09/03","第一金-新竹",0,6,-6
"4347","3176基亞","110/09/03","臺灣企銀-桃園",5,0,5
"4348","3176基亞","110/09/03","華南永昌-林口",0,6,-6
"4349","3176基亞","110/09/03","日盛-永康",5,0,5
"4350","3176基亞","110/09/03","第一金-桃園",0,5,-5
"4351","2409友達","110/09/03","永豐金證券",10515,756,9759
"4352","2409友達","110/09/03","台灣摩根士丹利",3924,11957,-8033
"4353","2409友達","110/09/03","摩根大通",6728,2458,4270
"4354","2409友達","110/09/03","元大-前金",33,1976,-1943
"4355","2409友達","110/09/03","合庫證券",2441,63,2378
"4356","2409友達","110/09/03","港商野村",1517,2516,-999
"4357","2409友達","110/09/03","凱基-台北",2289,1219,1070
"4358","2409友達","110/09/03","美商高盛",1046,1706,-660
"4359","2409友達","110/09/03","瑞士信貸",945,31,914
"4360","2409友達","110/09/03","日盛證券",148,796,-648
"4361","2409友達","110/09/03","花旗環球",830,0,830
"4362","2409友達","110/09/03","華南永昌-忠孝",0,606,-606
"4363","2409友達","110/09/03","元大-南屯",896,77,819
"4364","2409友達","110/09/03","兆豐-南京",68,580,-512
"4365","2409友達","110/09/03","康和-新竹",835,41,794
"4366","2409友達","110/09/03","元富-城東",66,563,-497
"4367","2409友達","110/09/03","凱基-中山",765,51,714
"4368","2409友達","110/09/03","玉山-桃園",20,382,-362
"4369","2409友達","110/09/03","元富-安南",705,23,682
"4370","2409友達","110/09/03","日盛-永康",198,528,-330
"4371","2409友達","110/09/03","宏遠-台中",618,1,617
"4372","2409友達","110/09/03","富邦-建國",99,418,-319
"4373","2409友達","110/09/03","華南永昌-南京",1042,532,510
"4374","2409友達","110/09/03","新光-桃園",92,379,-287
"4375","2409友達","110/09/03","玉山-雙和",579,129,450
"4376","2409友達","110/09/03","國泰-台中",119,399,-280
"4377","2409友達","110/09/03","元大-東泰",376,22,354
"4378","2409友達","110/09/03","統一-三重",20,297,-277
"4379","2409友達","110/09/03","玉山-高雄",773,437,336
"4380","2409友達","110/09/03","國票-台中",14,270,-256
"4381","1315達新","110/09/03","凱基-中港",16,0,16
"4382","1315達新","110/09/03","摩根大通",3,15,-12
"4383","1315達新","110/09/03","凱基",11,0,11
"4384","1315達新","110/09/03","富邦-台北",0,7,-7
"4385","1315達新","110/09/03","花旗環球",8,0,8
"4386","1315達新","110/09/03","國泰-桃園",0,5,-5
"4387","1315達新","110/09/03","豐農",8,0,8
"4388","1315達新","110/09/03","元大-花蓮",0,4,-4
"4389","1315達新","110/09/03","台灣摩根士丹利",5,0,5
"4390","1315達新","110/09/03","土銀",0,3,-3
"4391","1315達新","110/09/03","元大-文心興安",5,0,5
"4392","1315達新","110/09/03","台灣企銀-台中",0,3,-3
"4393","1315達新","110/09/03","美林",4,0,4
"4394","1315達新","110/09/03","群益金鼎-彰化",0,3,-3
"4395","1315達新","110/09/03","美商高盛",4,0,4
"4396","1315達新","110/09/03","元大-博愛",0,3,-3
"4397","1315達新","110/09/03","凱基-台北",4,1,3
"4398","1315達新","110/09/03","臺灣企銀-桃園",0,2,-2
"4399","1315達新","110/09/03","凱基-文心",3,0,3
"4400","1315達新","110/09/03","統一",0,2,-2
"4401","1315達新","110/09/03","亞東-板橋",2,0,2
"4402","1315達新","110/09/03","國票-桃園",0,2,-2
"4403","1315達新","110/09/03","元大-新店中正",2,0,2
"4404","1315達新","110/09/03","台新證券",0,2,-2
"4405","1315達新","110/09/03","新加坡商瑞銀",1,0,1
"4406","1315達新","110/09/03","富邦-內湖",0,2,-2
"4407","1315達新","110/09/03","元富-文心",1,0,1
"4408","1315達新","110/09/03","富邦-宜蘭",0,2,-2
"4409","1315達新","110/09/03","群益金鼎-板橋",1,0,1
"4410","1315達新","110/09/03","元大-南屯",0,2,-2
"4411","2609陽明","110/09/03","港商麥格理",610,0,610
"4412","2609陽明","110/09/03","富邦證券",308,2406,-2098
"4413","2609陽明","110/09/03","永豐金證券",610,65,545
"4414","2609陽明","110/09/03","康和",42,2053,-2011
"4415","2609陽明","110/09/03","元大-大天母",502,111,391
"4416","2609陽明","110/09/03","美林",26,1612,-1586
"4417","2609陽明","110/09/03","凱基-復興",2259,1887,372
"4418","2609陽明","110/09/03","富邦-新竹",258,1413,-1155
"4419","2609陽明","110/09/03","華南永昌-桃園",360,15,345
"4420","2609陽明","110/09/03","日盛-雙和",67,1210,-1143
"4421","2609陽明","110/09/03","兆豐-板橋",612,330,282
"4422","2609陽明","110/09/03","統一",717,1794,-1077
"4423","2609陽明","110/09/03","國泰-敦南",1931,1665,266
"4424","2609陽明","110/09/03","富邦-虎尾",5084,5917,-833
"4425","2609陽明","110/09/03","國票-桃園",277,35,242
"4426","2609陽明","110/09/03","新加坡商瑞銀",1267,2013,-746
"4427","2609陽明","110/09/03","華南永昌-竹北",1313,1073,240
"4428","2609陽明","110/09/03","元富-緯城",140,829,-689
"4429","2609陽明","110/09/03","玉山-新莊",419,182,237
"4430","2609陽明","110/09/03","美商高盛",340,1019,-679
"4431","2609陽明","110/09/03","台中銀",299,65,234
"4432","2609陽明","110/09/03","凱基-台北",2120,2780,-660
"4433","2609陽明","110/09/03","永豐金-竹科",381,155,226
"4434","2609陽明","110/09/03","國泰證券",61,682,-621
"4435","2609陽明","110/09/03","玉山-台大",267,47,220
"4436","2609陽明","110/09/03","中國信託-新竹",161,673,-512
"4437","2609陽明","110/09/03","國票-安和",420,201,219
"4438","2609陽明","110/09/03","日盛-大墩",223,708,-485
"4439","2609陽明","110/09/03","凱基-彰化",308,94,214
"4440","2609陽明","110/09/03","兆豐-三民",109,565,-456
"4441","2636台驊投控","110/09/03","摩根大通",610,329,281
"4442","2636台驊投控","110/09/03","凱基-復興",33,624,-591
"4443","2636台驊投控","110/09/03","統一-新台中",194,12,182
"4444","2636台驊投控","110/09/03","富邦證券",0,512,-512
"4445","2636台驊投控","110/09/03","第一金-桃園",148,24,124
"4446","2636台驊投控","110/09/03","統一",86,544,-458
"4447","2636台驊投控","110/09/03","新光",234,145,89
"4448","2636台驊投控","110/09/03","元富-嘉義",4,227,-223
"4449","2636台驊投控","110/09/03","宏遠-新化",79,1,78
"4450","2636台驊投控","110/09/03","兆豐-中壢",2,200,-198
"4451","2636台驊投控","110/09/03","國泰-敦南",258,184,74
"4452","2636台驊投控","110/09/03","凱基-信義",5,178,-173
"4453","2636台驊投控","110/09/03","大慶-中壢",91,18,73
"4454","2636台驊投控","110/09/03","華南永昌-朴子",10,148,-138
"4455","2636台驊投控","110/09/03","國泰-台中",113,52,61
"4456","2636台驊投控","110/09/03","元大-南屯",8,137,-129
"4457","2636台驊投控","110/09/03","永豐金-市政",109,52,57
"4458","2636台驊投控","110/09/03","國票-安和",8,136,-128
"4459","2636台驊投控","110/09/03","國泰-松江",64,8,56
"4460","2636台驊投控","110/09/03","國票-南港",7,121,-114
"4461","2636台驊投控","110/09/03","永豐金-豐原",67,11,56
"4462","2636台驊投控","110/09/03","美林",235,339,-104
"4463","2636台驊投控","110/09/03","玉山-南京東路",120,65,55
"4464","2636台驊投控","110/09/03","中國信託",21,115,-94
"4465","2636台驊投控","110/09/03","群益金鼎-竹南",46,1,45
"4466","2636台驊投控","110/09/03","永豐金-嘉義",1,92,-91
"4467","2636台驊投控","110/09/03","國泰-忠孝",106,62,44
"4468","2636台驊投控","110/09/03","瑞士信貸",0,89,-89
"4469","2636台驊投控","110/09/03","玉山-高雄",53,12,41
"4470","2636台驊投控","110/09/03","統一-基隆",6,90,-84
"4471","2867三商壽","110/09/03","美林",479,40,439
"4472","2867三商壽","110/09/03","元大-桃園",30,800,-770
"4473","2867三商壽","110/09/03","摩根大通",412,67,345
"4474","2867三商壽","110/09/03","日盛-中和",0,301,-301
"4475","2867三商壽","110/09/03","台新證券",261,7,254
"4476","2867三商壽","110/09/03","新光",22,322,-300
"4477","2867三商壽","110/09/03","元大-苑裡",220,0,220
"4478","2867三商壽","110/09/03","日盛-頭份",0,100,-100
"4479","2867三商壽","110/09/03","兆豐-東門",200,0,200
"4480","2867三商壽","110/09/03","新光-新竹",0,100,-100
"4481","2867三商壽","110/09/03","凱基",193,0,193
"4482","2867三商壽","110/09/03","新光-台中",6,89,-83
"4483","2867三商壽","110/09/03","凱基-台北",309,119,190
"4484","2867三商壽","110/09/03","元大-永春",0,75,-75
"4485","2867三商壽","110/09/03","統一-士林",180,0,180
"4486","2867三商壽","110/09/03","玉山-板橋",0,72,-72
"4487","2867三商壽","110/09/03","台灣摩根士丹利",183,5,178
"4488","2867三商壽","110/09/03","宏遠-高雄",0,64,-64
"4489","2867三商壽","110/09/03","花旗環球",142,0,142
"4490","2867三商壽","110/09/03","兆豐-新營",0,59,-59
"4491","2867三商壽","110/09/03","大展",134,1,133
"4492","2867三商壽","110/09/03","群益金鼎-中港",0,51,-51
"4493","2867三商壽","110/09/03","瑞士信貸",124,0,124
"4494","2867三商壽","110/09/03","群益金鼎-開元",0,50,-50
"4495","2867三商壽","110/09/03","台新-台中",102,2,100
"4496","2867三商壽","110/09/03","凱基-林口",0,50,-50
"4497","2867三商壽","110/09/03","新加坡商瑞銀",60,0,60
"4498","2867三商壽","110/09/03","國泰-台中",5,53,-48
"4499","2867三商壽","110/09/03","元大-前金",60,0,60
"4500","2867三商壽","110/09/03","宏遠-台中",0,44,-44
"4501","5521工信","110/09/03","摩根大通",434,12,422
"4502","5521工信","110/09/03","元大-成功",0,185,-185
"4503","5521工信","110/09/03","美林",175,1,174
"4504","5521工信","110/09/03","光和-溪湖",5,155,-150
"4505","5521工信","110/09/03","台新證券",175,29,146
"4506","5521工信","110/09/03","富邦-員林",2,108,-106
"4507","5521工信","110/09/03","康和-澎湖",110,0,110
"4508","5521工信","110/09/03","日盛-板橋中山",0,103,-103
"4509","5521工信","110/09/03","瑞士信貸",77,0,77
"4510","5521工信","110/09/03","大慶",0,100,-100
"4511","5521工信","110/09/03","美商高盛",72,0,72
"4512","5521工信","110/09/03","富邦-南屯",0,100,-100
"4513","5521工信","110/09/03","港商法國興業",72,0,72
"4514","5521工信","110/09/03","國泰-高雄",7,100,-93
"4515","5521工信","110/09/03","光和-花壇",60,0,60
"4516","5521工信","110/09/03","凱基-台北",620,701,-81
"4517","5521工信","110/09/03","第一金-豐原",50,0,50
"4518","5521工信","110/09/03","凱基-斗六",0,73,-73
"4519","5521工信","110/09/03","玉山-左營",50,2,48
"4520","5521工信","110/09/03","元大-林森",1,68,-67
"4521","5521工信","110/09/03","港商野村",45,0,45
"4522","5521工信","110/09/03","元富-板橋",0,64,-64
"4523","5521工信","110/09/03","富邦-台北",51,14,37
"4524","5521工信","110/09/03","華南永昌-民權",0,50,-50
"4525","5521工信","110/09/03","(牛牛牛)亞-鑫豐",45,13,32
"4526","5521工信","110/09/03","元大證券",0,50,-50
"4527","5521工信","110/09/03","群益金鼎-萬華",27,0,27
"4528","5521工信","110/09/03","元大-大里德芳",0,50,-50
"4529","5521工信","110/09/03","台灣摩根士丹利",39,16,23
"4530","5521工信","110/09/03","兆豐-三民",0,43,-43
"4531","1471首利","110/09/03","台新-松江",39,0,39
"4532","1471首利","110/09/03","元大-路竹",0,121,-121
"4533","1471首利","110/09/03","元大-西門",27,0,27
"4534","1471首利","110/09/03","日盛-文化",0,50,-50
"4535","1471首利","110/09/03","富邦-新竹",22,0,22
"4536","1471首利","110/09/03","大慶-蘆洲",0,20,-20
"4537","1471首利","110/09/03","日盛-景美",20,0,20
"4538","1471首利","110/09/03","摩根大通",14,29,-15
"4539","1471首利","110/09/03","日盛-大墩",18,0,18
"4540","1471首利","110/09/03","聯邦-高雄",0,14,-14
"4541","1471首利","110/09/03","元富-民權",15,0,15
"4542","1471首利","110/09/03","臺銀",1,14,-13
"4543","1471首利","110/09/03","群益金鼎-桃園",15,0,15
"4544","1471首利","110/09/03","臺銀-臺中",0,11,-11
"4545","1471首利","110/09/03","凱基-三多",15,0,15
"4546","1471首利","110/09/03","兆豐-麻豆",0,10,-10
"4547","1471首利","110/09/03","兆豐-桃園",14,0,14
"4548","1471首利","110/09/03","兆豐-高雄",0,10,-10
"4549","1471首利","110/09/03","統一-新台中",13,0,13
"4550","1471首利","110/09/03","國票-嘉義",0,10,-10
"4551","1471首利","110/09/03","花旗環球",11,0,11
"4552","1471首利","110/09/03","聯邦-大業",0,10,-10
"4553","1471首利","110/09/03","凱基-東勢",10,0,10
"4554","1471首利","110/09/03","華南永昌-鳳山",0,10,-10
"4555","1471首利","110/09/03","華南永昌-公誠",10,0,10
"4556","1471首利","110/09/03","富邦-嘉義",0,10,-10
"4557","1471首利","110/09/03","元大-鳳山",10,0,10
"4558","1471首利","110/09/03","元大-楊梅",0,10,-10
"4559","1471首利","110/09/03","國泰-敦南",12,3,9
"4560","1471首利","110/09/03","元富-宜蘭",1,10,-9
"4561","2883開發金","110/09/03","凱基-台北",2700,224,2476
"4562","2883開發金","110/09/03","國泰證券",41,2505,-2464
"4563","2883開發金","110/09/03","美商高盛",1463,120,1343
"4564","2883開發金","110/09/03","台灣摩根士丹利",981,3375,-2394
"4565","2883開發金","110/09/03","新加坡商瑞銀",1717,492,1225
"4566","2883開發金","110/09/03","亞東-新竹",1,1198,-1197
"4567","2883開發金","110/09/03","美林",1358,164,1194
"4568","2883開發金","110/09/03","富邦-內湖",60,1193,-1133
"4569","2883開發金","110/09/03","花旗環球",1093,0,1093
"4570","2883開發金","110/09/03","華南永昌-竹北",0,859,-859
"4571","2883開發金","110/09/03","元大-林森",805,1,804
"4572","2883開發金","110/09/03","富邦-台北",24,613,-589
"4573","2883開發金","110/09/03","摩根大通",941,308,633
"4574","2883開發金","110/09/03","元大-四維",4,530,-526
"4575","2883開發金","110/09/03","凱基-中壢",656,28,628
"4576","2883開發金","110/09/03","第一金-豐原",12,404,-392
"4577","2883開發金","110/09/03","玉山證券",706,97,609
"4578","2883開發金","110/09/03","元大-苗栗",0,386,-386
"4579","2883開發金","110/09/03","港商野村",757,239,518
"4580","2883開發金","110/09/03","亞東-台中",0,321,-321
"4581","2883開發金","110/09/03","永豐金-台南",447,10,437
"4582","2883開發金","110/09/03","新光-台南",58,377,-319
"4583","2883開發金","110/09/03","法銀巴黎",434,0,434
"4584","2883開發金","110/09/03","康和-延平",1,300,-299
"4585","2883開發金","110/09/03","元大-成功",475,46,429
"4586","2883開發金","110/09/03","國泰-新莊",4,278,-274
"4587","2883開發金","110/09/03","元大-民雄",310,3,307
"4588","2883開發金","110/09/03","國泰-敦南",125,383,-258
"4589","2883開發金","110/09/03","臺銀-鳳山",321,19,302
"4590","2883開發金","110/09/03","國泰-館前",52,293,-241
"4591","6205詮欣","110/09/03","元大-汐止",16,3,13
"4592","6205詮欣","110/09/03","元大-中和",0,26,-26
"4593","6205詮欣","110/09/03","美林",9,0,9
"4594","6205詮欣","110/09/03","日盛-木柵",0,6,-6
"4595","6205詮欣","110/09/03","摩根大通",8,0,8
"4596","6205詮欣","110/09/03","元富-花蓮",0,5,-5
"4597","6205詮欣","110/09/03","凱基-台北",6,0,6
"4598","6205詮欣","110/09/03","華南永昌-東昇",0,5,-5
"4599","6205詮欣","110/09/03","新光",5,0,5
"4600","6205詮欣","110/09/03","元大-基隆孝二",0,5,-5
"4601","6205詮欣","110/09/03","永豐金證券",5,0,5
"4602","6205詮欣","110/09/03","富邦-板橋",0,4,-4
"4603","6205詮欣","110/09/03","瑞士信貸",4,0,4
"4604","6205詮欣","110/09/03","永豐金-新竹",0,4,-4
"4605","6205詮欣","110/09/03","花旗環球",4,0,4
"4606","6205詮欣","110/09/03","亞東",0,2,-2
"4607","6205詮欣","110/09/03","玉山-城中",3,0,3
"4608","6205詮欣","110/09/03","光和",0,2,-2
"4609","6205詮欣","110/09/03","元大-崇德",3,0,3
"4610","6205詮欣","110/09/03","兆豐-台中",0,2,-2
"4611","6205詮欣","110/09/03","元大-新店中正",3,0,3
"4612","6205詮欣","110/09/03","兆豐-岡山",0,2,-2
"4613","6205詮欣","110/09/03","日盛-新莊",2,0,2
"4614","6205詮欣","110/09/03","富邦-仁愛",0,2,-2
"4615","6205詮欣","110/09/03","新光-桃園",3,1,2
"4616","6205詮欣","110/09/03","第一金-新興",0,1,-1
"4617","6205詮欣","110/09/03","凱基",2,0,2
"4618","6205詮欣","110/09/03","元富-同大",0,1,-1
"4619","6205詮欣","110/09/03","元大-大安",2,0,2
"4620","6205詮欣","110/09/03","元富-桃園",0,1,-1
"4621","1540喬福","110/09/03","國票-台南",6,0,6
"4622","1540喬福","110/09/03","亞東-高雄",0,6,-6
"4623","1540喬福","110/09/03","群益金鼎-館前",6,0,6
"4624","1540喬福","110/09/03","元大-龍潭",0,6,-6
"4625","1540喬福","110/09/03","凱基",6,0,6
"4626","1540喬福","110/09/03","兆豐-鹿港",0,3,-3
"4627","1540喬福","110/09/03","花旗環球",5,0,5
"4628","1540喬福","110/09/03","群益金鼎-永和",0,2,-2
"4629","1540喬福","110/09/03","元大-鳳中",1,0,1
"4630","1540喬福","110/09/03","永豐金-忠孝",0,1,-1
"4631","1540喬福","110/09/03","元大-土城永寧",1,0,1
"4632","1540喬福","110/09/03","美林",0,1,-1
"4633","1540喬福","110/09/03","日盛-土城",1,1,0
"4634","1540喬福","110/09/03","元富",0,1,-1
"4635","1540喬福","110/09/03","新光",0,0,0
"4636","1540喬福","110/09/03","元富-虎尾",0,1,-1
"4637","1540喬福","110/09/03","玉山-台中",0,0,0
"4638","1540喬福","110/09/03","中國信託-新竹",0,1,-1
"4639","1540喬福","110/09/03","國泰-敦南",0,0,0
"4640","1540喬福","110/09/03","新光-新竹",0,1,-1
"4641","1540喬福","110/09/03","群益金鼎-北高雄",0,0,0
"4642","1540喬福","110/09/03","土銀-和平",0,1,-1
"4643","1540喬福","110/09/03","華南永昌-高雄",0,0,0
"4644","1540喬福","110/09/03","元大-台北",0,1,-1
"4645","1540喬福","110/09/03","華南永昌-苗栗",0,0,0
"4646","1540喬福","110/09/03","群益金鼎-台中",0,1,-1
"4647","1540喬福","110/09/03","富邦-北港",0,0,0
"4648","1540喬福","110/09/03","國泰-敦南",0,0,0
"4649","1540喬福","110/09/03","元大-新竹經國",0,0,0
"4650","1540喬福","110/09/03","元大-新竹經國",0,0,0
"4651","2888新光金","110/09/03","元大-館前",4899,31,4868
"4652","2888新光金","110/09/03","永豐金證券",17,2041,-2024
"4653","2888新光金","110/09/03","摩根大通",2598,419,2179
"4654","2888新光金","110/09/03","元大證券",32,1634,-1602
"4655","2888新光金","110/09/03","美林",2132,22,2110
"4656","2888新光金","110/09/03","瑞士信貸",706,1308,-602
"4657","2888新光金","110/09/03","永豐金-板橋",2028,227,1801
"4658","2888新光金","110/09/03","群益金鼎-台中",8,554,-546
"4659","2888新光金","110/09/03","凱基-台北",2476,1063,1413
"4660","2888新光金","110/09/03","元大-大甲",18,557,-539
"4661","2888新光金","110/09/03","花旗環球",1073,0,1073
"4662","2888新光金","110/09/03","宏遠-桃園",0,520,-520
"4663","2888新光金","110/09/03","新加坡商瑞銀",936,0,936
"4664","2888新光金","110/09/03","日盛-雙和",2,515,-513
"4665","2888新光金","110/09/03","凱基",789,0,789
"4666","2888新光金","110/09/03","統一-台中",101,595,-494
"4667","2888新光金","110/09/03","元大-苑裡",512,1,511
"4668","2888新光金","110/09/03","國票-嘉義",5,407,-402
"4669","2888新光金","110/09/03","(牛牛牛)亞-鑫豐",570,231,339
"4670","2888新光金","110/09/03","元大-景美",8,372,-364
"4671","2888新光金","110/09/03","元大-彰化民生",413,104,309
"4672","2888新光金","110/09/03","永全-南崁",0,361,-361
"4673","2888新光金","110/09/03","台新-新營",318,13,305
"4674","2888新光金","110/09/03","新光",273,603,-330
"4675","2888新光金","110/09/03","法銀巴黎",300,0,300
"4676","2888新光金","110/09/03","凱基-頭份",0,303,-303
"4677","2888新光金","110/09/03","日進",300,8,292
"4678","2888新光金","110/09/03","合庫證券",60,335,-275
"4679","2888新光金","110/09/03","台灣摩根士丹利",494,257,237
"4680","2888新光金","110/09/03","統一-板橋",112,361,-249
"4681","1340勝悅","110/09/03","元大-前金",63,0,63
"4682","1340勝悅","110/09/03","台中銀",0,26,-26
"4683","1340勝悅","110/09/03","玉山-新竹",20,0,20
"4684","1340勝悅","110/09/03","元大-忠孝鼎富",0,15,-15
"4685","1340勝悅","110/09/03","摩根大通",13,3,10
"4686","1340勝悅","110/09/03","統一-宜蘭",0,11,-11
"4687","1340勝悅","110/09/03","花旗環球",7,0,7
"4688","1340勝悅","110/09/03","合庫-西台中",0,10,-10
"4689","1340勝悅","110/09/03","港商法國興業",6,0,6
"4690","1340勝悅","110/09/03","大昌-新店",0,10,-10
"4691","1340勝悅","110/09/03","瑞士信貸",4,0,4
"4692","1340勝悅","110/09/03","宏遠-桃園",0,8,-8
"4693","1340勝悅","110/09/03","凱基-台北",5,1,4
"4694","1340勝悅","110/09/03","(牛牛牛)亞-鑫豐",0,7,-7
"4695","1340勝悅","110/09/03","美商高盛",3,0,3
"4696","1340勝悅","110/09/03","玉山-桃園",0,7,-7
"4697","1340勝悅","110/09/03","大昌-樹林",3,0,3
"4698","1340勝悅","110/09/03","凱基-北門",0,7,-7
"4699","1340勝悅","110/09/03","凱基",3,0,3
"4700","1340勝悅","110/09/03","新光",1,7,-6
"4701","1340勝悅","110/09/03","元大-大雅",3,0,3
"4702","1340勝悅","110/09/03","統一-城中",0,5,-5
"4703","1340勝悅","110/09/03","元大-和平",3,0,3
"4704","1340勝悅","110/09/03","富邦-陽明",0,4,-4
"4705","1340勝悅","110/09/03","中國信託-文心",2,0,2
"4706","1340勝悅","110/09/03","元大-敦南",0,4,-4
"4707","1340勝悅","110/09/03","凱基-湖口",2,0,2
"4708","1340勝悅","110/09/03","日盛-員林",1,4,-3
"4709","1340勝悅","110/09/03","富邦-北港",2,0,2
"4710","1340勝悅","110/09/03","國泰-敦南",1,4,-3
"4711","6246臺龍","110/09/03","富邦-新竹",11,0,11
"4712","6246臺龍","110/09/03","元富-新店",0,11,-11
"4713","6246臺龍","110/09/03","統一-土城",9,1,8
"4714","6246臺龍","110/09/03","大慶-苗栗",0,8,-8
"4715","6246臺龍","110/09/03","群益金鼎-古亭",7,0,7
"4716","6246臺龍","110/09/03","港商野村",1,8,-7
"4717","6246臺龍","110/09/03","凱基-台北",5,0,5
"4718","6246臺龍","110/09/03","華南永昌-彰化",0,6,-6
"4719","6246臺龍","110/09/03","元富-屏東",4,0,4
"4720","6246臺龍","110/09/03","群益金鼎-永和",0,5,-5
"4721","6246臺龍","110/09/03","日盛-大墩",3,0,3
"4722","6246臺龍","110/09/03","富邦-彰化",0,5,-5
"4723","6246臺龍","110/09/03","元富-台中",3,0,3
"4724","6246臺龍","110/09/03","華南永昌-楠梓",0,4,-4
"4725","6246臺龍","110/09/03","元大-台中中港",3,0,3
"4726","6246臺龍","110/09/03","中國信託-永康",0,2,-2
"4727","6246臺龍","110/09/03","永豐金-苓雅",3,0,3
"4728","6246臺龍","110/09/03","臺銀-金山",0,1,-1
"4729","6246臺龍","110/09/03","日盛-中和",1,0,1
"4730","6246臺龍","110/09/03","第一金-台南",0,1,-1
"4731","6246臺龍","110/09/03","盈溢-楠梓",1,0,1
"4732","6246臺龍","110/09/03","兆豐-岡山",0,1,-1
"4733","6246臺龍","110/09/03","兆豐-新營",1,0,1
"4734","6246臺龍","110/09/03","台新-台中",0,1,-1
"4735","6246臺龍","110/09/03","台新-屏東",2,1,1
"4736","6246臺龍","110/09/03","國泰-桃園",0,1,-1
"4737","6246臺龍","110/09/03","玉山證券",1,0,1
"4738","6246臺龍","110/09/03","群益金鼎-東門",0,1,-1
"4739","6246臺龍","110/09/03","玉山-嘉義",1,0,1
"4740","6246臺龍","110/09/03","華南永昌",0,1,-1
"4741","00715L期街口布蘭特正2","110/09/03","元大證券",14101,122,13979
"4742","00715L期街口布蘭特正2","110/09/03","第一金-台中",2,4435,-4433
"4743","00715L期街口布蘭特正2","110/09/03","永豐金證券",6178,185,5993
"4744","00715L期街口布蘭特正2","110/09/03","豐農",0,1100,-1100
"4745","00715L期街口布蘭特正2","110/09/03","群益金鼎",4720,0,4720
"4746","00715L期街口布蘭特正2","110/09/03","國泰-板橋",0,1068,-1068
"4747","00715L期街口布蘭特正2","110/09/03","凱基-台北",3427,108,3319
"4748","00715L期街口布蘭特正2","110/09/03","群益金鼎-士林",0,900,-900
"4749","00715L期街口布蘭特正2","110/09/03","國票",2729,7,2722
"4750","00715L期街口布蘭特正2","110/09/03","元大-復北",0,890,-890
"4751","00715L期街口布蘭特正2","110/09/03","凱基-市政",2138,7,2131
"4752","00715L期街口布蘭特正2","110/09/03","永豐金-羅東",0,734,-734
"4753","00715L期街口布蘭特正2","110/09/03","富邦證券",1801,266,1535
"4754","00715L期街口布蘭特正2","110/09/03","群益金鼎-板橋",0,720,-720
"4755","00715L期街口布蘭特正2","110/09/03","永豐金-內湖",1500,0,1500
"4756","00715L期街口布蘭特正2","110/09/03","群益金鼎-宜蘭",0,707,-707
"4757","00715L期街口布蘭特正2","110/09/03","元富",1509,29,1480
"4758","00715L期街口布蘭特正2","110/09/03","日盛-新莊",0,666,-666
"4759","00715L期街口布蘭特正2","110/09/03","合庫證券",1190,9,1181
"4760","00715L期街口布蘭特正2","110/09/03","群益金鼎-大甲",14,652,-638
"4761","00715L期街口布蘭特正2","110/09/03","國票-中港",1000,40,960
"4762","00715L期街口布蘭特正2","110/09/03","日盛-和美",6,616,-610
"4763","00715L期街口布蘭特正2","110/09/03","康和",957,0,957
"4764","00715L期街口布蘭特正2","110/09/03","元大-大灣",0,599,-599
"4765","00715L期街口布蘭特正2","110/09/03","統一",720,9,711
"4766","00715L期街口布蘭特正2","110/09/03","中國信託-新竹",0,460,-460
"4767","00715L期街口布蘭特正2","110/09/03","永豐金-三重",625,1,624
"4768","00715L期街口布蘭特正2","110/09/03","玉山-高雄",25,478,-453
"4769","00715L期街口布蘭特正2","110/09/03","永豐金-博愛",500,20,480
"4770","00715L期街口布蘭特正2","110/09/03","宏遠-光隆",0,435,-435
"4771","8941關中","110/09/03","元大-士林",2,0,2
"4772","8941關中","110/09/03","彰銀-台中",0,1,-1
"4773","8941關中","110/09/03","國泰-新莊",1,0,1
"4774","8941關中","110/09/03","玉山-桃園",0,1,-1
"4775","8941關中","110/09/03","凱基-虎尾",1,0,1
"4776","8941關中","110/09/03","元大-豐原",0,1,-1
"4777","8941關中","110/09/03","國泰-高雄",0,0,0
"4778","8941關中","110/09/03","元大-金華",0,1,-1
"4779","8941關中","110/09/03","元大-斗信",0,0,0
"4780","8941關中","110/09/03","國泰-高雄",0,0,0
"4781","8941關中","110/09/03","元大-鹿港",0,0,0
"4782","8941關中","110/09/03","元大-斗信",0,0,0
"4783","8941關中","110/09/03","",NA,NA,NA
"4784","8941關中","110/09/03","元大-鹿港",0,0,0
"4785","8941關中","110/09/03","",NA,NA,NA
"4786","8941關中","110/09/03","",NA,NA,NA
"4787","8941關中","110/09/03","",NA,NA,NA
"4788","8941關中","110/09/03","",NA,NA,NA
"4789","8941關中","110/09/03","",NA,NA,NA
"4790","8941關中","110/09/03","",NA,NA,NA
"4791","8941關中","110/09/03","",NA,NA,NA
"4792","8941關中","110/09/03","",NA,NA,NA
"4793","8941關中","110/09/03","",NA,NA,NA
"4794","8941關中","110/09/03","",NA,NA,NA
"4795","8941關中","110/09/03","",NA,NA,NA
"4796","8941關中","110/09/03","",NA,NA,NA
"4797","8941關中","110/09/03","",NA,NA,NA
"4798","8941關中","110/09/03","",NA,NA,NA
"4799","8941關中","110/09/03","",NA,NA,NA
"4800","8941關中","110/09/03","",NA,NA,NA
"4801","8936國統","110/09/03","華南永昌-高雄",405,0,405
"4802","8936國統","110/09/03","美商高盛",24,188,-164
"4803","8936國統","110/09/03","凱基-台北",306,200,106
"4804","8936國統","110/09/03","台新證券",8,165,-157
"4805","8936國統","110/09/03","第一金-路竹",85,0,85
"4806","8936國統","110/09/03","摩根大通",65,214,-149
"4807","8936國統","110/09/03","凱基-信義",54,0,54
"4808","8936國統","110/09/03","瑞士信貸",0,105,-105
"4809","8936國統","110/09/03","康和-高雄",41,0,41
"4810","8936國統","110/09/03","新加坡商瑞銀",115,216,-101
"4811","8936國統","110/09/03","元大-東泰",61,24,37
"4812","8936國統","110/09/03","合庫-自強",0,100,-100
"4813","8936國統","110/09/03","日盛-北高雄",40,5,35
"4814","8936國統","110/09/03","國泰-高雄",2,100,-98
"4815","8936國統","110/09/03","台新-高雄",36,10,26
"4816","8936國統","110/09/03","合庫-高雄",1,95,-94
"4817","8936國統","110/09/03","統一-新台中",27,2,25
"4818","8936國統","110/09/03","國票-北高雄",2,90,-88
"4819","8936國統","110/09/03","永豐金-竹科",22,0,22
"4820","8936國統","110/09/03","中國信託-高雄",13,100,-87
"4821","8936國統","110/09/03","元大-博愛",22,1,21
"4822","8936國統","110/09/03","港商野村",91,173,-82
"4823","8936國統","110/09/03","元大-鳳山",22,1,21
"4824","8936國統","110/09/03","元富-敦南",17,92,-75
"4825","8936國統","110/09/03","統一-桃園",20,0,20
"4826","8936國統","110/09/03","元大-高雄",2,50,-48
"4827","8936國統","110/09/03","元富-林園",20,0,20
"4828","8936國統","110/09/03","元大-莒光",2,49,-47
"4829","8936國統","110/09/03","元富-緯城",25,5,20
"4830","8936國統","110/09/03","光和-溪湖",3,44,-41
"4831","6226光鼎","110/09/03","台新-台中",348,25,323
"4832","6226光鼎","110/09/03","合庫-台中",0,229,-229
"4833","6226光鼎","110/09/03","摩根大通",251,83,168
"4834","6226光鼎","110/09/03","大展-台南",0,130,-130
"4835","6226光鼎","110/09/03","美林",203,44,159
"4836","6226光鼎","110/09/03","台新-左楠",0,110,-110
"4837","6226光鼎","110/09/03","美商高盛",158,11,147
"4838","6226光鼎","110/09/03","玉山-士林",8,62,-54
"4839","6226光鼎","110/09/03","凱基-台北",141,41,100
"4840","6226光鼎","110/09/03","群益金鼎-開元",31,83,-52
"4841","6226光鼎","110/09/03","臺銀-新竹",72,1,71
"4842","6226光鼎","110/09/03","群益金鼎-西松",1,50,-49
"4843","6226光鼎","110/09/03","大慶-富順",60,0,60
"4844","6226光鼎","110/09/03","元大-板橋三民",14,61,-47
"4845","6226光鼎","110/09/03","凱基-岡山",60,1,59
"4846","6226光鼎","110/09/03","統一-竹南",1,47,-46
"4847","6226光鼎","110/09/03","第一金-桃園",52,0,52
"4848","6226光鼎","110/09/03","日盛-新竹",1,41,-40
"4849","6226光鼎","110/09/03","新加坡商瑞銀",59,9,50
"4850","6226光鼎","110/09/03","元大-員林中山",12,47,-35
"4851","6226光鼎","110/09/03","元大-中壢",70,24,46
"4852","6226光鼎","110/09/03","國泰-館前",35,67,-32
"4853","6226光鼎","110/09/03","元大-新營",46,4,42
"4854","6226光鼎","110/09/03","元大-新莊",4,35,-31
"4855","6226光鼎","110/09/03","華南永昌-世貿",42,1,41
"4856","6226光鼎","110/09/03","元富-敦南",0,30,-30
"4857","6226光鼎","110/09/03","群益金鼎-新竹",38,0,38
"4858","6226光鼎","110/09/03","群益金鼎-台北",6,36,-30
"4859","6226光鼎","110/09/03","元大-路竹",38,2,36
"4860","6226光鼎","110/09/03","元大-大雅",5,34,-29
"4861","2363矽統","110/09/03","凱基-松山",21948,12385,9563
"4862","2363矽統","110/09/03","元大-前金",139,785,-646
"4863","2363矽統","110/09/03","台灣摩根士丹利",5089,3,5086
"4864","2363矽統","110/09/03","國泰-敦南",1244,1857,-613
"4865","2363矽統","110/09/03","統一",4355,245,4110
"4866","2363矽統","110/09/03","新光",893,1469,-576
"4867","2363矽統","110/09/03","摩根大通",5484,2094,3390
"4868","2363矽統","110/09/03","統一-南京",33,497,-464
"4869","2363矽統","110/09/03","凱基-台北",5687,3262,2425
"4870","2363矽統","110/09/03","永豐金-竹科",24,456,-432
"4871","2363矽統","110/09/03","美商高盛",1980,496,1484
"4872","2363矽統","110/09/03","元大-佳里",77,479,-402
"4873","2363矽統","110/09/03","瑞士信貸",1319,12,1307
"4874","2363矽統","110/09/03","群益金鼎-士林",103,503,-400
"4875","2363矽統","110/09/03","統一-土城",1030,41,989
"4876","2363矽統","110/09/03","富邦-彰化",33,393,-360
"4877","2363矽統","110/09/03","日盛-文化",1068,94,974
"4878","2363矽統","110/09/03","華南永昌-公誠",101,459,-358
"4879","2363矽統","110/09/03","凱基-大直",1064,92,972
"4880","2363矽統","110/09/03","台新-左楠",85,441,-356
"4881","2363矽統","110/09/03","新加坡商瑞銀",1692,905,787
"4882","2363矽統","110/09/03","日盛-和美",64,387,-323
"4883","2363矽統","110/09/03","富邦-北港",921,155,766
"4884","2363矽統","110/09/03","光和-和美",7,324,-317
"4885","2363矽統","110/09/03","康和",1172,512,660
"4886","2363矽統","110/09/03","富邦-新竹",198,503,-305
"4887","2363矽統","110/09/03","美林",717,85,632
"4888","2363矽統","110/09/03","凱基-士林",68,364,-296
"4889","2363矽統","110/09/03","永豐金證券",1674,1126,548
"4890","2363矽統","110/09/03","永豐金-南投",60,355,-295
"4891","8112至上","110/09/03","凱基-台北",204,76,128
"4892","8112至上","110/09/03","元大-信義",0,185,-185
"4893","8112至上","110/09/03","美林",146,20,126
"4894","8112至上","110/09/03","富邦-北港",0,70,-70
"4895","8112至上","110/09/03","瑞士信貸",78,0,78
"4896","8112至上","110/09/03","華南永昌-鳳山",0,54,-54
"4897","8112至上","110/09/03","國票-南京",45,0,45
"4898","8112至上","110/09/03","富邦-新竹",2,49,-47
"4899","8112至上","110/09/03","永豐金-竹科",36,0,36
"4900","8112至上","110/09/03","臺灣企銀-桃園",1,45,-44
"4901","8112至上","110/09/03","群益金鼎-士林",25,0,25
"4902","8112至上","110/09/03","元大-北港",8,48,-40
"4903","8112至上","110/09/03","凱基-長庚",25,0,25
"4904","8112至上","110/09/03","國票-九鼎",0,34,-34
"4905","8112至上","110/09/03","美商高盛",23,1,22
"4906","8112至上","110/09/03","摩根大通",85,119,-34
"4907","8112至上","110/09/03","元富-古亭",20,0,20
"4908","8112至上","110/09/03","中國信託",0,20,-20
"4909","8112至上","110/09/03","凱基-文心",20,0,20
"4910","8112至上","110/09/03","永全",0,20,-20
"4911","8112至上","110/09/03","台新證券",19,0,19
"4912","8112至上","110/09/03","富邦-南屯",0,20,-20
"4913","8112至上","110/09/03","(牛牛牛)亞-鑫豐",18,2,16
"4914","8112至上","110/09/03","中國信託-中壢",0,16,-16
"4915","8112至上","110/09/03","凱基-市政",15,0,15
"4916","8112至上","110/09/03","新光-桃園",0,15,-15
"4917","8112至上","110/09/03","元大-善化",15,0,15
"4918","8112至上","110/09/03","元大-林園",0,15,-15
"4919","8112至上","110/09/03","元大-嘉義",15,0,15
"4920","8112至上","110/09/03","宏遠-館前",0,13,-13
"4921","1570力肯","110/09/03","大展",39,0,39
"4922","1570力肯","110/09/03","元大-北成功",0,35,-35
"4923","1570力肯","110/09/03","宏遠證券",35,0,35
"4924","1570力肯","110/09/03","元大-新店中正",0,30,-30
"4925","1570力肯","110/09/03","元大-北三重",16,0,16
"4926","1570力肯","110/09/03","新光",20,43,-23
"4927","1570力肯","110/09/03","元大-新竹經國",15,0,15
"4928","1570力肯","110/09/03","兆豐-寶成",0,18,-18
"4929","1570力肯","110/09/03","大昌",10,0,10
"4930","1570力肯","110/09/03","兆豐-公益",0,15,-15
"4931","1570力肯","110/09/03","兆豐-彰化",10,0,10
"4932","1570力肯","110/09/03","兆豐-嘉義",0,14,-14
"4933","1570力肯","110/09/03","凱基-永康",10,0,10
"4934","1570力肯","110/09/03","國票-博愛",0,9,-9
"4935","1570力肯","110/09/03","元大-內湖",10,0,10
"4936","1570力肯","110/09/03","元大-東泰",0,9,-9
"4937","1570力肯","110/09/03","瑞士信貸",8,0,8
"4938","1570力肯","110/09/03","元大-竹南",0,9,-9
"4939","1570力肯","110/09/03","國泰-台中",6,0,6
"4940","1570力肯","110/09/03","永豐金-虎尾",0,7,-7
"4941","1570力肯","110/09/03","康和-台中",5,0,5
"4942","1570力肯","110/09/03","大慶-泰山",0,6,-6
"4943","1570力肯","110/09/03","凱基-三峽",5,0,5
"4944","1570力肯","110/09/03","元富-敦南",0,6,-6
"4945","1570力肯","110/09/03","華南永昌-苑裡",5,0,5
"4946","1570力肯","110/09/03","凱基-文心",0,6,-6
"4947","1570力肯","110/09/03","元富-緯城",4,0,4
"4948","1570力肯","110/09/03","合庫-台中",0,5,-5
"4949","1570力肯","110/09/03","台新證券",5,1,4
"4950","1570力肯","110/09/03","富邦-內湖",0,5,-5
"4951","2929淘帝","110/09/03","摩根大通",27,0,27
"4952","2929淘帝","110/09/03","兆豐-新營",0,11,-11
"4953","2929淘帝","110/09/03","兆豐-大同",20,0,20
"4954","2929淘帝","110/09/03","日盛-台南",0,10,-10
"4955","2929淘帝","110/09/03","元大-前金",13,0,13
"4956","2929淘帝","110/09/03","元富-基隆",0,10,-10
"4957","2929淘帝","110/09/03","港商法國興業",6,0,6
"4958","2929淘帝","110/09/03","日盛-中壢",0,9,-9
"4959","2929淘帝","110/09/03","花旗環球",6,0,6
"4960","2929淘帝","110/09/03","新光",0,8,-8
"4961","2929淘帝","110/09/03","中國信託-高雄",5,0,5
"4962","2929淘帝","110/09/03","玉山-士林",0,7,-7
"4963","2929淘帝","110/09/03","美林",10,7,3
"4964","2929淘帝","110/09/03","元大-潮州",0,7,-7
"4965","2929淘帝","110/09/03","元富-世貿",3,0,3
"4966","2929淘帝","110/09/03","第一金-忠孝",0,5,-5
"4967","2929淘帝","110/09/03","新光-新竹",3,0,3
"4968","2929淘帝","110/09/03","台新-台中",0,5,-5
"4969","2929淘帝","110/09/03","陽信",3,0,3
"4970","2929淘帝","110/09/03","富邦-新竹",0,5,-5
"4971","2929淘帝","110/09/03","元富-文心",2,0,2
"4972","2929淘帝","110/09/03","國泰-敦南",0,4,-4
"4973","2929淘帝","110/09/03","台新-高雄",4,2,2
"4974","2929淘帝","110/09/03","元富-大裕",0,3,-3
"4975","2929淘帝","110/09/03","群益金鼎-三民",2,0,2
"4976","2929淘帝","110/09/03","富邦-仁愛",0,3,-3
"4977","2929淘帝","110/09/03","華南永昌-公誠",2,0,2
"4978","2929淘帝","110/09/03","富邦-台北",0,2,-2
"4979","2929淘帝","110/09/03","富邦-新店",1,0,1
"4980","2929淘帝","110/09/03","元大-斗六",0,2,-2
"4981","5410國眾","110/09/03","華南永昌-高雄",25,0,25
"4982","5410國眾","110/09/03","群益金鼎-中壢",0,50,-50
"4983","5410國眾","110/09/03","兆豐-嘉義",7,0,7
"4984","5410國眾","110/09/03","永豐金-萬盛",0,17,-17
"4985","5410國眾","110/09/03","凱基-中山",6,0,6
"4986","5410國眾","110/09/03","日盛-屏東",0,6,-6
"4987","5410國眾","110/09/03","國泰-台中",6,1,5
"4988","5410國眾","110/09/03","新光-台中",0,6,-6
"4989","5410國眾","110/09/03","群益金鼎-桃園",5,0,5
"4990","5410國眾","110/09/03","德信-和平",0,5,-5
"4991","5410國眾","110/09/03","富邦-台北",5,0,5
"4992","5410國眾","110/09/03","兆豐-桃園",0,5,-5
"4993","5410國眾","110/09/03","國票-北高雄",4,0,4
"4994","5410國眾","110/09/03","凱基-永康",0,3,-3
"4995","5410國眾","110/09/03","元大-和平",4,0,4
"4996","5410國眾","110/09/03","華南永昌-內壢",0,3,-3
"4997","5410國眾","110/09/03","宏遠-館前",3,0,3
"4998","5410國眾","110/09/03","元大-板橋",0,3,-3
"4999","5410國眾","110/09/03","國泰-敦南",3,0,3
"5000","5410國眾","110/09/03","玉山-新莊",0,2,-2
"5001","5410國眾","110/09/03","永豐金-桃園",3,0,3
"5002","5410國眾","110/09/03","群益金鼎-宜蘭",0,2,-2
"5003","5410國眾","110/09/03","臺銀-新竹",2,0,2
"5004","5410國眾","110/09/03","永豐金-台南",0,2,-2
"5005","5410國眾","110/09/03","台灣企銀-建成",2,0,2
"5006","5410國眾","110/09/03","日盛-高雄",0,1,-1
"5007","5410國眾","110/09/03","中國信託-新竹",2,0,2
"5008","5410國眾","110/09/03","台新-建北",0,1,-1
"5009","5410國眾","110/09/03","富邦-新店",2,0,2
"5010","5410國眾","110/09/03","安泰",0,1,-1
"5011","2841台開","110/09/03","群益金鼎-彰化",150,0,150
"5012","2841台開","110/09/03","華南永昌-台南",1,96,-95
"5013","2841台開","110/09/03","群益金鼎-海山",50,0,50
"5014","2841台開","110/09/03","兆豐-北高雄",0,60,-60
"5015","2841台開","110/09/03","元大-天母",40,0,40
"5016","2841台開","110/09/03","統一-嘉義",0,50,-50
"5017","2841台開","110/09/03","永豐金-板橋",35,0,35
"5018","2841台開","110/09/03","富邦-新竹",0,50,-50
"5019","2841台開","110/09/03","元大-福營",20,0,20
"5020","2841台開","110/09/03","華南永昌-潮州",0,25,-25
"5021","2841台開","110/09/03","宏遠-館前",16,0,16
"5022","2841台開","110/09/03","元大-員林",0,11,-11
"5023","2841台開","110/09/03","元大-歸仁",14,0,14
"5024","2841台開","110/09/03","台新證券",0,10,-10
"5025","2841台開","110/09/03","富邦-岡山",10,0,10
"5026","2841台開","110/09/03","永豐金-敦南",65,75,-10
"5027","2841台開","110/09/03","富邦-建國",6,0,6
"5028","2841台開","110/09/03","日盛證券",5,13,-8
"5029","2841台開","110/09/03","台中銀",5,0,5
"5030","2841台開","110/09/03","永豐金-高雄",0,6,-6
"5031","2841台開","110/09/03","台新-新營",3,0,3
"5032","2841台開","110/09/03","大昌-安康",23,28,-5
"5033","2841台開","110/09/03","群益金鼎-崇德",3,0,3
"5034","2841台開","110/09/03","國泰-館前",0,5,-5
"5035","2841台開","110/09/03","中國信託",2,0,2
"5036","2841台開","110/09/03","新光-桃園",0,4,-4
"5037","2841台開","110/09/03","中國信託-永康",2,0,2
"5038","2841台開","110/09/03","永豐金-桃園",0,4,-4
"5039","2841台開","110/09/03","國泰-台中",2,0,2
"5040","2841台開","110/09/03","兆豐-三民",0,3,-3
"5041","6207雷科","110/09/03","凱基-高美館",41,0,41
"5042","6207雷科","110/09/03","(牛牛牛)亞-鑫豐",0,30,-30
"5043","6207雷科","110/09/03","新加坡商瑞銀",33,4,29
"5044","6207雷科","110/09/03","元大-北成功",0,15,-15
"5045","6207雷科","110/09/03","摩根大通",26,6,20
"5046","6207雷科","110/09/03","元富-板橋",0,10,-10
"5047","6207雷科","110/09/03","美林",16,0,16
"5048","6207雷科","110/09/03","光和-和美",0,10,-10
"5049","6207雷科","110/09/03","凱基-中山",12,0,12
"5050","6207雷科","110/09/03","康和-延平",0,10,-10
"5051","6207雷科","110/09/03","元大-高雄",15,3,12
"5052","6207雷科","110/09/03","元富-成功",0,9,-9
"5053","6207雷科","110/09/03","元大-大里",15,4,11
"5054","6207雷科","110/09/03","致和-金華",0,7,-7
"5055","6207雷科","110/09/03","元大-大統",11,0,11
"5056","6207雷科","110/09/03","凱基-南崁",0,7,-7
"5057","6207雷科","110/09/03","凱基-台北",17,8,9
"5058","6207雷科","110/09/03","新光-台中",0,6,-6
"5059","6207雷科","110/09/03","美商高盛",8,1,7
"5060","6207雷科","110/09/03","玉山-台南",0,6,-6
"5061","6207雷科","110/09/03","宏遠-高雄",6,0,6
"5062","6207雷科","110/09/03","國泰-敦南",0,6,-6
"5063","6207雷科","110/09/03","富隆-長安",6,0,6
"5064","6207雷科","110/09/03","富邦-中壢",0,6,-6
"5065","6207雷科","110/09/03","統一-敦南",5,0,5
"5066","6207雷科","110/09/03","富邦-彰化",0,6,-6
"5067","6207雷科","110/09/03","元大-中壢",5,0,5
"5068","6207雷科","110/09/03","永豐金-板新",0,6,-6
"5069","6207雷科","110/09/03","群益金鼎-瑞豐",7,3,4
"5070","6207雷科","110/09/03","元大-四維",0,5,-5
"5071","3679新至陞","110/09/03","華南永昌-淡水",10,0,10
"5072","3679新至陞","110/09/03","元大-民生",0,8,-8
"5073","3679新至陞","110/09/03","花旗環球",4,0,4
"5074","3679新至陞","110/09/03","瑞士信貸",2,8,-6
"5075","3679新至陞","110/09/03","福邦-新竹",4,0,4
"5076","3679新至陞","110/09/03","美林",0,3,-3
"5077","3679新至陞","110/09/03","元大-大同",3,0,3
"5078","3679新至陞","110/09/03","第一金-澎湖",0,3,-3
"5079","3679新至陞","110/09/03","日盛-文化",2,0,2
"5080","3679新至陞","110/09/03","元大-板橋",0,3,-3
"5081","3679新至陞","110/09/03","國票-新莊",2,0,2
"5082","3679新至陞","110/09/03","宏遠-光隆",0,2,-2
"5083","3679新至陞","110/09/03","富邦-建國",2,0,2
"5084","3679新至陞","110/09/03","港商野村",0,2,-2
"5085","3679新至陞","110/09/03","元大-屏南",2,0,2
"5086","3679新至陞","110/09/03","高橋",0,2,-2
"5087","3679新至陞","110/09/03","日盛-三重",1,0,1
"5088","3679新至陞","110/09/03","元大證券",0,2,-2
"5089","3679新至陞","110/09/03","盈溢-楠梓",1,0,1
"5090","3679新至陞","110/09/03","元大-永春",2,4,-2
"5091","3679新至陞","110/09/03","元富-永和",1,0,1
"5092","3679新至陞","110/09/03","日盛-內湖",0,1,-1
"5093","3679新至陞","110/09/03","兆豐-西螺",1,0,1
"5094","3679新至陞","110/09/03","第一金-新竹",0,1,-1
"5095","3679新至陞","110/09/03","兆豐-彰化",1,0,1
"5096","3679新至陞","110/09/03","元富-松德",0,1,-1
"5097","3679新至陞","110/09/03","國泰-板橋",1,0,1
"5098","3679新至陞","110/09/03","台新-松江",0,1,-1
"5099","3679新至陞","110/09/03","群益金鼎-新莊",1,0,1
"5100","3679新至陞","110/09/03","安泰-大發",0,1,-1
"5101","2727王品","110/09/03","美商高盛",51,0,51
"5102","2727王品","110/09/03","第一金-台中",0,14,-14
"5103","2727王品","110/09/03","台灣摩根士丹利",37,6,31
"5104","2727王品","110/09/03","富邦-仁愛",0,11,-11
"5105","2727王品","110/09/03","港商野村",28,5,23
"5106","2727王品","110/09/03","日茂-埔里",0,10,-10
"5107","2727王品","110/09/03","凱基-台北",30,11,19
"5108","2727王品","110/09/03","摩根大通",12,21,-9
"5109","2727王品","110/09/03","美林",21,6,15
"5110","2727王品","110/09/03","新光",4,13,-9
"5111","2727王品","110/09/03","國泰-敦南",16,5,11
"5112","2727王品","110/09/03","元大-博愛",0,7,-7
"5113","2727王品","110/09/03","群益金鼎-士林",10,0,10
"5114","2727王品","110/09/03","兆豐-台南",0,6,-6
"5115","2727王品","110/09/03","玉山-板橋",10,2,8
"5116","2727王品","110/09/03","華南永昌-合泰",0,6,-6
"5117","2727王品","110/09/03","瑞士信貸",10,3,7
"5118","2727王品","110/09/03","日盛-木柵",0,5,-5
"5119","2727王品","110/09/03","永豐金-中盛",5,0,5
"5120","2727王品","110/09/03","玉山-嘉義",0,5,-5
"5121","2727王品","110/09/03","花旗環球",4,0,4
"5122","2727王品","110/09/03","富邦-陽明",0,5,-5
"5123","2727王品","110/09/03","元大-太平",4,0,4
"5124","2727王品","110/09/03","富邦-中壢",1,6,-5
"5125","2727王品","110/09/03","台新證券",4,1,3
"5126","2727王品","110/09/03","康和",0,4,-4
"5127","2727王品","110/09/03","國泰證券",3,0,3
"5128","2727王品","110/09/03","凱基-竹東",0,4,-4
"5129","2727王品","110/09/03","國泰-桃園",3,0,3
"5130","2727王品","110/09/03","元大-大雅",0,4,-4
"5131","1570力肯","110/09/03","大展",39,0,39
"5132","1570力肯","110/09/03","元大-北成功",0,35,-35
"5133","1570力肯","110/09/03","宏遠證券",35,0,35
"5134","1570力肯","110/09/03","元大-新店中正",0,30,-30
"5135","1570力肯","110/09/03","元大-北三重",16,0,16
"5136","1570力肯","110/09/03","新光",20,43,-23
"5137","1570力肯","110/09/03","元大-新竹經國",15,0,15
"5138","1570力肯","110/09/03","兆豐-寶成",0,18,-18
"5139","1570力肯","110/09/03","大昌",10,0,10
"5140","1570力肯","110/09/03","兆豐-公益",0,15,-15
"5141","1570力肯","110/09/03","兆豐-彰化",10,0,10
"5142","1570力肯","110/09/03","兆豐-嘉義",0,14,-14
"5143","1570力肯","110/09/03","凱基-永康",10,0,10
"5144","1570力肯","110/09/03","國票-博愛",0,9,-9
"5145","1570力肯","110/09/03","元大-內湖",10,0,10
"5146","1570力肯","110/09/03","元大-東泰",0,9,-9
"5147","1570力肯","110/09/03","瑞士信貸",8,0,8
"5148","1570力肯","110/09/03","元大-竹南",0,9,-9
"5149","1570力肯","110/09/03","國泰-台中",6,0,6
"5150","1570力肯","110/09/03","永豐金-虎尾",0,7,-7
"5151","1570力肯","110/09/03","康和-台中",5,0,5
"5152","1570力肯","110/09/03","大慶-泰山",0,6,-6
"5153","1570力肯","110/09/03","凱基-三峽",5,0,5
"5154","1570力肯","110/09/03","元富-敦南",0,6,-6
"5155","1570力肯","110/09/03","華南永昌-苑裡",5,0,5
"5156","1570力肯","110/09/03","凱基-文心",0,6,-6
"5157","1570力肯","110/09/03","元富-緯城",4,0,4
"5158","1570力肯","110/09/03","合庫-台中",0,5,-5
"5159","1570力肯","110/09/03","台新證券",5,1,4
"5160","1570力肯","110/09/03","富邦-內湖",0,5,-5
"5161","6180橘子","110/09/03","台灣摩根士丹利",93,9,84
"5162","6180橘子","110/09/03","康和-澎湖",0,20,-20
"5163","6180橘子","110/09/03","玉山-新莊",14,0,14
"5164","6180橘子","110/09/03","美林",0,14,-14
"5165","6180橘子","110/09/03","凱基-中壢",10,0,10
"5166","6180橘子","110/09/03","凱基-科園",0,10,-10
"5167","6180橘子","110/09/03","摩根大通",12,4,8
"5168","6180橘子","110/09/03","華南永昌-內壢",0,10,-10
"5169","6180橘子","110/09/03","大慶-苗栗",7,0,7
"5170","6180橘子","110/09/03","元大-大雅",4,14,-10
"5171","6180橘子","110/09/03","永豐金-大園",7,0,7
"5172","6180橘子","110/09/03","統一-士林",0,9,-9
"5173","6180橘子","110/09/03","日盛-桃園",5,0,5
"5174","6180橘子","110/09/03","元大-新店中正",0,9,-9
"5175","6180橘子","110/09/03","元富-彰化",5,0,5
"5176","6180橘子","110/09/03","群益金鼎-嘉義",0,8,-8
"5177","6180橘子","110/09/03","兆豐-高雄",5,0,5
"5178","6180橘子","110/09/03","致和證券",0,7,-7
"5179","6180橘子","110/09/03","國泰-敦南",7,2,5
"5180","6180橘子","110/09/03","元大-竹山",0,7,-7
"5181","6180橘子","110/09/03","群益金鼎-敦南",5,0,5
"5182","6180橘子","110/09/03","第一金-台中",0,6,-6
"5183","6180橘子","110/09/03","元大證券",5,0,5
"5184","6180橘子","110/09/03","第一金-中壢",0,5,-5
"5185","6180橘子","110/09/03","合庫-新竹",5,1,4
"5186","6180橘子","110/09/03","第一金-安和",0,5,-5
"5187","6180橘子","110/09/03","美商高盛",4,0,4
"5188","6180橘子","110/09/03","台新證券",2,7,-5
"5189","6180橘子","110/09/03","凱基-土城",4,0,4
"5190","6180橘子","110/09/03","合庫-台中",0,4,-4
"5191","2390云辰","110/09/03","摩根大通",667,46,621
"5192","2390云辰","110/09/03","統一-新台中",2,442,-440
"5193","2390云辰","110/09/03","新加坡商瑞銀",402,0,402
"5194","2390云辰","110/09/03","元富-草屯",5,364,-359
"5195","2390云辰","110/09/03","美商高盛",302,75,227
"5196","2390云辰","110/09/03","凱基-台中",12,184,-172
"5197","2390云辰","110/09/03","凱基-台北",256,86,170
"5198","2390云辰","110/09/03","元大-忠孝",1,150,-149
"5199","2390云辰","110/09/03","美林",116,9,107
"5200","2390云辰","110/09/03","日盛-新莊",29,174,-145
"5201","2390云辰","110/09/03","台灣摩根士丹利",156,73,83
"5202","2390云辰","110/09/03","國票-中和",10,120,-110
"5203","2390云辰","110/09/03","華南永昌-合泰",51,0,51
"5204","2390云辰","110/09/03","統一-新營",2,111,-109
"5205","2390云辰","110/09/03","元大-竹山",52,1,51
"5206","2390云辰","110/09/03","華南永昌-中正",91,173,-82
"5207","2390云辰","110/09/03","港商野村",98,51,47
"5208","2390云辰","110/09/03","元富-安南",2,72,-70
"5209","2390云辰","110/09/03","玉山-台中",46,2,44
"5210","2390云辰","110/09/03","群益金鼎-民權",2,71,-69
"5211","2390云辰","110/09/03","元大-小港",42,0,42
"5212","2390云辰","110/09/03","元大-內湖",3,53,-50
"5213","2390云辰","110/09/03","元富-林園",40,0,40
"5214","2390云辰","110/09/03","國泰-館前",7,56,-49
"5215","2390云辰","110/09/03","凱基-湖口",35,0,35
"5216","2390云辰","110/09/03","凱基-和平",0,46,-46
"5217","2390云辰","110/09/03","凱基-長庚",40,5,35
"5218","2390云辰","110/09/03","土銀-花蓮",0,39,-39
"5219","2390云辰","110/09/03","玉山-高雄",33,1,32
"5220","2390云辰","110/09/03","凱基-彰化",2,34,-32
"5221","2834臺企銀","110/09/02","凱基-台北",3603,1646,1957
"5222","2834臺企銀","110/09/02","新加坡商瑞銀",900,9806,-8906
"5223","2834臺企銀","110/09/02","瑞士信貸",1919,1,1918
"5224","2834臺企銀","110/09/02","台灣摩根士丹利",1313,5660,-4347
"5225","2834臺企銀","110/09/02","新光-台中",1886,26,1860
"5226","2834臺企銀","110/09/02","凱基-宜蘭",10,2003,-1993
"5227","2834臺企銀","110/09/02","港商法國興業",1787,0,1787
"5228","2834臺企銀","110/09/02","美商高盛",485,1313,-828
"5229","2834臺企銀","110/09/02","華南永昌-高雄",617,21,596
"5230","2834臺企銀","110/09/02","兆豐-寶成",4,800,-796
"5231","2834臺企銀","110/09/02","彰銀",505,10,495
"5232","2834臺企銀","110/09/02","港商野村",12,645,-633
"5233","2834臺企銀","110/09/02","元大-高雄",495,0,495
"5234","2834臺企銀","110/09/02","港商麥格理",0,585,-585
"5235","2834臺企銀","110/09/02","永豐金證券",430,0,430
"5236","2834臺企銀","110/09/02","元大-南海",0,550,-550
"5237","2834臺企銀","110/09/02","康和",405,0,405
"5238","2834臺企銀","110/09/02","富邦-台北",32,503,-471
"5239","2834臺企銀","110/09/02","元富-城中",404,16,388
"5240","2834臺企銀","110/09/02","美林",186,515,-329
"5241","2834臺企銀","110/09/02","元大-斗六",329,1,328
"5242","2834臺企銀","110/09/02","摩根大通",800,1106,-306
"5243","2834臺企銀","110/09/02","統一-板橋",565,250,315
"5244","2834臺企銀","110/09/02","元富-虎尾",17,280,-263
"5245","2834臺企銀","110/09/02","兆豐-中壢",222,0,222
"5246","2834臺企銀","110/09/02","元富-林園",3,264,-261
"5247","2834臺企銀","110/09/02","統一-松江",220,0,220
"5248","2834臺企銀","110/09/02","新光-桃園",63,324,-261
"5249","2834臺企銀","110/09/02","大昌",230,10,220
"5250","2834臺企銀","110/09/02","高橋",83,340,-257
"5251","5511德昌","110/09/02","永豐金-市政",122,1,121
"5252","5511德昌","110/09/02","兆豐-台中港",0,50,-50
"5253","5511德昌","110/09/02","玉山-台大",10,0,10
"5254","5511德昌","110/09/02","元大-台中",0,39,-39
"5255","5511德昌","110/09/02","兆豐-南京",9,0,9
"5256","5511德昌","110/09/02","寶盛",0,21,-21
"5257","5511德昌","110/09/02","元大-清水",4,0,4
"5258","5511德昌","110/09/02","永豐金-南京",0,10,-10
"5259","5511德昌","110/09/02","凱基-中壢",3,0,3
"5260","5511德昌","110/09/02","(牛牛牛)亞-鑫豐",0,4,-4
"5261","5511德昌","110/09/02","群益金鼎-潭子",2,0,2
"5262","5511德昌","110/09/02","永豐金-羅東",0,3,-3
"5263","5511德昌","110/09/02","新光",1,0,1
"5264","5511德昌","110/09/02","致和-崇德",0,2,-2
"5265","5511德昌","110/09/02","元富-城中",0,0,0
"5266","5511德昌","110/09/02","凱基-八德",0,2,-2
"5267","5511德昌","110/09/02","元富-新竹",0,0,0
"5268","5511德昌","110/09/02","群益金鼎-中壢",0,2,-2
"5269","5511德昌","110/09/02","國票-台中",0,0,0
"5270","5511德昌","110/09/02","國票-北高雄",0,2,-2
"5271","5511德昌","110/09/02","玉山-數位",0,0,0
"5272","5511德昌","110/09/02","臺銀-高雄",0,2,-2
"5273","5511德昌","110/09/02","華南永昌-彰化",1,1,0
"5274","5511德昌","110/09/02","合庫-彰化",0,2,-2
"5275","5511德昌","110/09/02","元大-西門",0,0,0
"5276","5511德昌","110/09/02","大昌-新店",0,1,-1
"5277","5511德昌","110/09/02","",NA,NA,NA
"5278","5511德昌","110/09/02","合庫-台南",0,1,-1
"5279","5511德昌","110/09/02","",NA,NA,NA
"5280","5511德昌","110/09/02","日盛-宜蘭",0,1,-1
"5281","2489瑞軒","110/09/02","瑞士信貸",150,0,150
"5282","2489瑞軒","110/09/02","美林",51,321,-270
"5283","2489瑞軒","110/09/02","合庫-台中",134,0,134
"5284","2489瑞軒","110/09/02","摩根大通",58,259,-201
"5285","2489瑞軒","110/09/02","兆豐-東門",100,0,100
"5286","2489瑞軒","110/09/02","港商野村",27,173,-146
"5287","2489瑞軒","110/09/02","凱基-竹北",100,1,99
"5288","2489瑞軒","110/09/02","第一金-新興",2,137,-135
"5289","2489瑞軒","110/09/02","華南永昌-虎尾",113,21,92
"5290","2489瑞軒","110/09/02","美商高盛",0,127,-127
"5291","2489瑞軒","110/09/02","日盛-大墩",60,0,60
"5292","2489瑞軒","110/09/02","元大-內湖",1,122,-121
"5293","2489瑞軒","110/09/02","元大-清水",60,0,60
"5294","2489瑞軒","110/09/02","永豐金-新竹",0,100,-100
"5295","2489瑞軒","110/09/02","康和-台中",60,2,58
"5296","2489瑞軒","110/09/02","凱基-台北",37,105,-68
"5297","2489瑞軒","110/09/02","富邦-陽明",50,3,47
"5298","2489瑞軒","110/09/02","台灣摩根士丹利",16,72,-56
"5299","2489瑞軒","110/09/02","元大-土城永寧",41,0,41
"5300","2489瑞軒","110/09/02","元富-四維",0,42,-42
"5301","2489瑞軒","110/09/02","玉山-左營",34,2,32
"5302","2489瑞軒","110/09/02","凱基-和平",22,63,-41
"5303","2489瑞軒","110/09/02","合庫-台南",31,0,31
"5304","2489瑞軒","110/09/02","新加坡商瑞銀",31,65,-34
"5305","2489瑞軒","110/09/02","兆豐-鹿港",30,0,30
"5306","2489瑞軒","110/09/02","元大-楊梅",45,71,-26
"5307","2489瑞軒","110/09/02","華南永昌-苗栗",30,0,30
"5308","2489瑞軒","110/09/02","日茂-埔里",0,23,-23
"5309","2489瑞軒","110/09/02","元大-員林中山",30,1,29
"5310","2489瑞軒","110/09/02","群益金鼎-高盛",2,23,-21
"5311","2428興勤","110/09/02","元大-南京",20,0,20
"5312","2428興勤","110/09/02","港商麥格理",0,69,-69
"5313","2428興勤","110/09/02","台灣摩根士丹利",25,14,11
"5314","2428興勤","110/09/02","富邦-敦南",0,50,-50
"5315","2428興勤","110/09/02","美商高盛",12,2,10
"5316","2428興勤","110/09/02","元大-虎尾",0,40,-40
"5317","2428興勤","110/09/02","中國信託",11,1,10
"5318","2428興勤","110/09/02","新光",6,35,-29
"5319","2428興勤","110/09/02","永豐金-中正",11,1,10
"5320","2428興勤","110/09/02","凱基-台北",11,34,-23
"5321","2428興勤","110/09/02","亞東-高雄",9,0,9
"5322","2428興勤","110/09/02","國票-安和",0,19,-19
"5323","2428興勤","110/09/02","元富-緯城",9,0,9
"5324","2428興勤","110/09/02","台新證券",5,24,-19
"5325","2428興勤","110/09/02","新加坡商瑞銀",35,27,8
"5326","2428興勤","110/09/02","摩根大通",44,59,-15
"5327","2428興勤","110/09/02","國泰-高雄",8,0,8
"5328","2428興勤","110/09/02","瑞士信貸",9,23,-14
"5329","2428興勤","110/09/02","台新-台中",7,0,7
"5330","2428興勤","110/09/02","日盛-南京",0,13,-13
"5331","2428興勤","110/09/02","玉山-左營",7,0,7
"5332","2428興勤","110/09/02","統一",1,13,-12
"5333","2428興勤","110/09/02","凱基-中山",7,0,7
"5334","2428興勤","110/09/02","凱基-信義",0,10,-10
"5335","2428興勤","110/09/02","臺銀-民權",6,0,6
"5336","2428興勤","110/09/02","元富-台中",0,7,-7
"5337","2428興勤","110/09/02","宏遠-桃園",6,0,6
"5338","2428興勤","110/09/02","富邦-新竹",0,6,-6
"5339","2428興勤","110/09/02","凱基-三重",6,0,6
"5340","2428興勤","110/09/02","安泰",0,5,-5
"5341","3176基亞","110/09/02","國票-北投",110,0,110
"5342","3176基亞","110/09/02","宏遠-民生",0,43,-43
"5343","3176基亞","110/09/02","統一-土城",61,0,61
"5344","3176基亞","110/09/02","玉山-南京東路",0,35,-35
"5345","3176基亞","110/09/02","康和-板橋",25,0,25
"5346","3176基亞","110/09/02","富邦-永和",0,35,-35
"5347","3176基亞","110/09/02","凱基-高美館",18,1,17
"5348","3176基亞","110/09/02","富邦-高雄",1,31,-30
"5349","3176基亞","110/09/02","元富-高雄",16,0,16
"5350","3176基亞","110/09/02","萬泰",1,22,-21
"5351","3176基亞","110/09/02","摩根大通",17,1,16
"5352","3176基亞","110/09/02","凱基-三重",0,21,-21
"5353","3176基亞","110/09/02","富邦-仁愛",11,0,11
"5354","3176基亞","110/09/02","新光",4,23,-19
"5355","3176基亞","110/09/02","第一金-嘉義",10,0,10
"5356","3176基亞","110/09/02","國泰-敦南",0,15,-15
"5357","3176基亞","110/09/02","凱基-高雄",8,0,8
"5358","3176基亞","110/09/02","國泰-板橋",4,19,-15
"5359","3176基亞","110/09/02","台新證券",7,0,7
"5360","3176基亞","110/09/02","富邦-竹東",0,12,-12
"5361","3176基亞","110/09/02","富邦-員林",9,2,7
"5362","3176基亞","110/09/02","中國信託-忠孝",0,11,-11
"5363","3176基亞","110/09/02","富邦-虎尾",6,0,6
"5364","3176基亞","110/09/02","統一-員林",0,10,-10
"5365","3176基亞","110/09/02","元大證券",6,0,6
"5366","3176基亞","110/09/02","富邦-北港",1,11,-10
"5367","3176基亞","110/09/02","日盛-永康",5,0,5
"5368","3176基亞","110/09/02","元大-和平",0,10,-10
"5369","3176基亞","110/09/02","宏遠-光隆",5,0,5
"5370","3176基亞","110/09/02","富邦-板橋",1,10,-9
"5371","2409友達","110/09/02","摩根大通",13939,2902,11037
"5372","2409友達","110/09/02","台灣摩根士丹利",3905,23925,-20020
"5373","2409友達","110/09/02","瑞士信貸",7765,239,7526
"5374","2409友達","110/09/02","美林",2916,8870,-5954
"5375","2409友達","110/09/02","凱基-台北",9079,3811,5268
"5376","2409友達","110/09/02","群益金鼎",18,4663,-4645
"5377","2409友達","110/09/02","合庫證券",4069,211,3858
"5378","2409友達","110/09/02","富邦-虎尾",5052,7783,-2731
"5379","2409友達","110/09/02","寶盛",1560,60,1500
"5380","2409友達","110/09/02","第一金-華江",90,2245,-2155
"5381","2409友達","110/09/02","宏遠證券",1286,52,1234
"5382","2409友達","110/09/02","凱基-苗栗",53,1409,-1356
"5383","2409友達","110/09/02","土銀-和平",1014,20,994
"5384","2409友達","110/09/02","康和",734,2081,-1347
"5385","2409友達","110/09/02","玉山-高雄",1134,377,757
"5386","2409友達","110/09/02","港商野村",2398,3664,-1266
"5387","2409友達","110/09/02","陽信",596,17,579
"5388","2409友達","110/09/02","日茂-埔里",13,1105,-1092
"5389","2409友達","110/09/02","富邦-竹北",561,27,534
"5390","2409友達","110/09/02","日盛-和美",174,1250,-1076
"5391","2409友達","110/09/02","新光",1902,1400,502
"5392","2409友達","110/09/02","美商高盛",940,2011,-1071
"5393","2409友達","110/09/02","北城證券",525,46,479
"5394","2409友達","110/09/02","元大-開元",76,1015,-939
"5395","2409友達","110/09/02","中國信託-新竹",566,95,471
"5396","2409友達","110/09/02","花旗環球",1254,2093,-839
"5397","2409友達","110/09/02","國泰-敦南",1371,913,458
"5398","2409友達","110/09/02","元大-南屯",314,1123,-809
"5399","2409友達","110/09/02","宏遠-高雄",445,4,441
"5400","2409友達","110/09/02","康和-新竹",29,812,-783
"5401","1315達新","110/09/02","凱基-中港",12,0,12
"5402","1315達新","110/09/02","永豐金證券",0,6,-6
"5403","1315達新","110/09/02","元大-文心興安",5,0,5
"5404","1315達新","110/09/02","統一-桃園",0,5,-5
"5405","1315達新","110/09/02","永豐金-高雄",5,0,5
"5406","1315達新","110/09/02","致和-東門",0,5,-5
"5407","1315達新","110/09/02","台灣摩根士丹利",4,0,4
"5408","1315達新","110/09/02","富邦-宜蘭",0,3,-3
"5409","1315達新","110/09/02","群益金鼎-彰化",3,0,3
"5410","1315達新","110/09/02","凱基-台北",0,2,-2
"5411","1315達新","110/09/02","美商高盛",2,0,2
"5412","1315達新","110/09/02","富邦-高雄",0,2,-2
"5413","1315達新","110/09/02","亞東-板橋",1,0,1
"5414","1315達新","110/09/02","元富-成功",0,2,-2
"5415","1315達新","110/09/02","台新證券",3,2,1
"5416","1315達新","110/09/02","日盛-大墩",0,2,-2
"5417","1315達新","110/09/02","摩根大通",1,0,1
"5418","1315達新","110/09/02","國票-桃園",0,1,-1
"5419","1315達新","110/09/02","元大證券",1,0,1
"5420","1315達新","110/09/02","國泰-板橋",0,1,-1
"5421","1315達新","110/09/02","元大-花蓮",1,0,1
"5422","1315達新","110/09/02","富邦-台北",0,1,-1
"5423","1315達新","110/09/02","日盛-雙和",0,0,0
"5424","1315達新","110/09/02","元富-大昌",0,1,-1
"5425","1315達新","110/09/02","玉山-數位",0,0,0
"5426","1315達新","110/09/02","元大-天母",0,1,-1
"5427","1315達新","110/09/02","元大-屏東民生",0,0,0
"5428","1315達新","110/09/02","元大-大安",0,1,-1
"5429","1315達新","110/09/02","元大-豐原站前",0,0,0
"5430","1315達新","110/09/02","元大-龍潭",0,1,-1
"5431","2609陽明","110/09/02","康和",4708,555,4153
"5432","2609陽明","110/09/02","富邦證券",986,2072,-1086
"5433","2609陽明","110/09/02","摩根大通",5457,2911,2546
"5434","2609陽明","110/09/02","凱基-台北",977,1940,-963
"5435","2609陽明","110/09/02","新加坡商瑞銀",2881,338,2543
"5436","2609陽明","110/09/02","元大-仁愛",48,601,-553
"5437","2609陽明","110/09/02","美林",3860,2164,1696
"5438","2609陽明","110/09/02","統一-新台中",73,607,-534
"5439","2609陽明","110/09/02","台灣摩根士丹利",1541,85,1456
"5440","2609陽明","110/09/02","群益金鼎-高雄",70,506,-436
"5441","2609陽明","110/09/02","港商麥格理",1258,0,1258
"5442","2609陽明","110/09/02","永豐金證券",153,459,-306
"5443","2609陽明","110/09/02","富邦-虎尾",5424,4714,710
"5444","2609陽明","110/09/02","統一-三重",140,439,-299
"5445","2609陽明","110/09/02","永豐金-信義",749,51,698
"5446","2609陽明","110/09/02","統一-桃園",158,447,-289
"5447","2609陽明","110/09/02","統一-仁愛",3359,2671,688
"5448","2609陽明","110/09/02","國泰-敦南",1735,2011,-276
"5449","2609陽明","110/09/02","元大-開元",661,64,597
"5450","2609陽明","110/09/02","元大-南崁",43,316,-273
"5451","2609陽明","110/09/02","凱基-桃園",713,174,539
"5452","2609陽明","110/09/02","永豐金-古亭",44,310,-266
"5453","2609陽明","110/09/02","元大-南屯",523,129,394
"5454","2609陽明","110/09/02","兆豐-板橋",224,478,-254
"5455","2609陽明","110/09/02","第一金-桃園",498,121,377
"5456","2609陽明","110/09/02","新光",1385,1635,-250
"5457","2609陽明","110/09/02","元富",290,30,260
"5458","2609陽明","110/09/02","凱基-竹北",102,352,-250
"5459","2609陽明","110/09/02","兆豐-虎尾",628,369,259
"5460","2609陽明","110/09/02","富邦-南屯",136,384,-248
"5461","2636台驊投控","110/09/02","美商高盛",219,22,197
"5462","2636台驊投控","110/09/02","統一-新台中",3,162,-159
"5463","2636台驊投控","110/09/02","摩根大通",262,70,192
"5464","2636台驊投控","110/09/02","日盛-景美",8,120,-112
"5465","2636台驊投控","110/09/02","台灣摩根士丹利",185,3,182
"5466","2636台驊投控","110/09/02","台新證券",16,60,-44
"5467","2636台驊投控","110/09/02","美林",226,45,181
"5468","2636台驊投控","110/09/02","群益金鼎-古亭",32,73,-41
"5469","2636台驊投控","110/09/02","國票-安和",150,1,149
"5470","2636台驊投控","110/09/02","群益金鼎-中壢",0,36,-36
"5471","2636台驊投控","110/09/02","國票-南港",120,0,120
"5472","2636台驊投控","110/09/02","第一金-員林",1,35,-34
"5473","2636台驊投控","110/09/02","新加坡商瑞銀",141,23,118
"5474","2636台驊投控","110/09/02","華南永昌-虎尾",12,44,-32
"5475","2636台驊投控","110/09/02","凱基-台北",179,89,90
"5476","2636台驊投控","110/09/02","元大-左營",0,29,-29
"5477","2636台驊投控","110/09/02","港商野村",604,521,83
"5478","2636台驊投控","110/09/02","日盛-台中",3,30,-27
"5479","2636台驊投控","110/09/02","瑞士信貸",83,11,72
"5480","2636台驊投控","110/09/02","永豐金-員林",1,27,-26
"5481","2636台驊投控","110/09/02","群益金鼎-南京",42,0,42
"5482","2636台驊投控","110/09/02","花旗環球",0,25,-25
"5483","2636台驊投控","110/09/02","元大-林森",72,42,30
"5484","2636台驊投控","110/09/02","凱基-鳳山",2,27,-25
"5485","2636台驊投控","110/09/02","元大-敦南",44,16,28
"5486","2636台驊投控","110/09/02","永豐金-中正",2,26,-24
"5487","2636台驊投控","110/09/02","永豐金-屏東",30,4,26
"5488","2636台驊投控","110/09/02","康和-延平",50,73,-23
"5489","2636台驊投控","110/09/02","元大-天母",28,4,24
"5490","2636台驊投控","110/09/02","元富-成功",3,25,-22
"5491","2867三商壽","110/09/02","統一-平鎮",850,0,850
"5492","2867三商壽","110/09/02","新光-新竹",0,709,-709
"5493","2867三商壽","110/09/02","元大-桃園",150,0,150
"5494","2867三商壽","110/09/02","元富-新興",5,300,-295
"5495","2867三商壽","110/09/02","凱基-中壢",140,0,140
"5496","2867三商壽","110/09/02","新光",115,367,-252
"5497","2867三商壽","110/09/02","美商高盛",177,38,139
"5498","2867三商壽","110/09/02","美林",36,281,-245
"5499","2867三商壽","110/09/02","凱基-台北",131,22,109
"5500","2867三商壽","110/09/02","摩根大通",0,211,-211
"5501","2867三商壽","110/09/02","日盛-頭份",100,0,100
"5502","2867三商壽","110/09/02","台新證券",7,114,-107
"5503","2867三商壽","110/09/02","新光-台中",109,21,88
"5504","2867三商壽","110/09/02","臺銀-臺南",1,100,-99
"5505","2867三商壽","110/09/02","元大-豐原站前",79,0,79
"5506","2867三商壽","110/09/02","新加坡商瑞銀",8,99,-91
"5507","2867三商壽","110/09/02","永豐金-永康",61,0,61
"5508","2867三商壽","110/09/02","國票-南京",0,80,-80
"5509","2867三商壽","110/09/02","日盛-中和",60,3,57
"5510","2867三商壽","110/09/02","凱基-士林",0,50,-50
"5511","2867三商壽","110/09/02","國票-台南",50,0,50
"5512","2867三商壽","110/09/02","元大-四維",5,50,-45
"5513","2867三商壽","110/09/02","華南永昌-虎尾",64,14,50
"5514","2867三商壽","110/09/02","兆豐-新營",0,41,-41
"5515","2867三商壽","110/09/02","元大-彰化民生",50,0,50
"5516","2867三商壽","110/09/02","永豐金-高雄",0,40,-40
"5517","2867三商壽","110/09/02","凱基-高雄",50,1,49
"5518","2867三商壽","110/09/02","日茂-南投",0,34,-34
"5519","2867三商壽","110/09/02","瑞士信貸",46,0,46
"5520","2867三商壽","110/09/02","(牛牛牛)亞-網路",0,26,-26
"5521","5521工信","110/09/02","群益金鼎-台南",150,0,150
"5522","5521工信","110/09/02","永豐金證券",2,223,-221
"5523","5521工信","110/09/02","富邦-台北",130,0,130
"5524","5521工信","110/09/02","台灣摩根士丹利",27,188,-161
"5525","5521工信","110/09/02","玉山-台大",95,0,95
"5526","5521工信","110/09/02","元大-成功",0,100,-100
"5527","5521工信","110/09/02","華南永昌",68,5,63
"5528","5521工信","110/09/02","元富-大昌",2,100,-98
"5529","5521工信","110/09/02","富邦-板橋",62,0,62
"5530","5521工信","110/09/02","凱基-台北",468,542,-74
"5531","5521工信","110/09/02","凱基-宜蘭",55,0,55
"5532","5521工信","110/09/02","新百王",0,50,-50
"5533","5521工信","110/09/02","日盛-高雄",50,0,50
"5534","5521工信","110/09/02","群益金鼎-崇德",0,50,-50
"5535","5521工信","110/09/02","康和-澎湖",50,0,50
"5536","5521工信","110/09/02","華南永昌-民權",0,50,-50
"5537","5521工信","110/09/02","玉山-左營",50,0,50
"5538","5521工信","110/09/02","福勝",3,49,-46
"5539","5521工信","110/09/02","元大-小港",44,0,44
"5540","5521工信","110/09/02","摩根大通",162,206,-44
"5541","5521工信","110/09/02","凱基-站前",45,2,43
"5542","5521工信","110/09/02","臺銀",1,35,-34
"5543","5521工信","110/09/02","富邦-員林",43,0,43
"5544","5521工信","110/09/02","高橋-內壢",0,30,-30
"5545","5521工信","110/09/02","國票-中港",40,0,40
"5546","5521工信","110/09/02","第一金-華江",0,30,-30
"5547","5521工信","110/09/02","元大-旗山",40,0,40
"5548","5521工信","110/09/02","華南永昌-彰化",0,28,-28
"5549","5521工信","110/09/02","瑞士信貸",39,0,39
"5550","5521工信","110/09/02","台新-新莊",3,30,-27
"5551","1471首利","110/09/02","元富-民權",60,0,60
"5552","1471首利","110/09/02","摩根大通",12,98,-86
"5553","1471首利","110/09/02","元富-花蓮",20,0,20
"5554","1471首利","110/09/02","中國信託-文心",0,40,-40
"5555","1471首利","110/09/02","大昌-桃園",20,0,20
"5556","1471首利","110/09/02","宏遠-桃園",0,35,-35
"5557","1471首利","110/09/02","台新-松江",20,0,20
"5558","1471首利","110/09/02","台灣摩根士丹利",0,34,-34
"5559","1471首利","110/09/02","凱基-內埔",15,0,15
"5560","1471首利","110/09/02","元大-西門",0,29,-29
"5561","1471首利","110/09/02","凱基-市府",12,0,12
"5562","1471首利","110/09/02","美林",0,24,-24
"5563","1471首利","110/09/02","元大-頭份",12,0,12
"5564","1471首利","110/09/02","瑞士信貸",1,23,-22
"5565","1471首利","110/09/02","日盛-鳳山",10,0,10
"5566","1471首利","110/09/02","宏遠-光隆",0,20,-20
"5567","1471首利","110/09/02","中國信託",10,0,10
"5568","1471首利","110/09/02","台中銀-員林",0,20,-20
"5569","1471首利","110/09/02","國泰-台南",10,0,10
"5570","1471首利","110/09/02","元大-莒光",1,20,-19
"5571","1471首利","110/09/02","富邦-永和",10,0,10
"5572","1471首利","110/09/02","聯邦-高雄",0,13,-13
"5573","1471首利","110/09/02","富邦-南屯",10,0,10
"5574","1471首利","110/09/02","日盛-八德",0,11,-11
"5575","1471首利","110/09/02","富邦-新營",10,0,10
"5576","1471首利","110/09/02","凱基-台北",3,14,-11
"5577","1471首利","110/09/02","元大-南崁",10,0,10
"5578","1471首利","110/09/02","國泰-館前",0,10,-10
"5579","1471首利","110/09/02","元大-松山",10,0,10
"5580","1471首利","110/09/02","元大-中壢",0,10,-10
"5581","2883開發金","110/09/02","玉山證券",4630,30,4600
"5582","2883開發金","110/09/02","臺銀-新竹",2429,10392,-7963
"5583","2883開發金","110/09/02","凱基-新店",1053,0,1053
"5584","2883開發金","110/09/02","元大證券",934,7552,-6618
"5585","2883開發金","110/09/02","玉山-大里",1094,61,1033
"5586","2883開發金","110/09/02","元富",1212,6466,-5254
"5587","2883開發金","110/09/02","台新證券",1142,197,945
"5588","2883開發金","110/09/02","台灣摩根士丹利",873,4900,-4027
"5589","2883開發金","110/09/02","新光",2576,1805,771
"5590","2883開發金","110/09/02","瑞士信貸",101,3288,-3187
"5591","2883開發金","110/09/02","國泰-敦南",1107,404,703
"5592","2883開發金","110/09/02","凱基-台北",2289,4969,-2680
"5593","2883開發金","110/09/02","臺銀",649,25,624
"5594","2883開發金","110/09/02","國票-南京",0,2000,-2000
"5595","2883開發金","110/09/02","新光-台中",629,24,605
"5596","2883開發金","110/09/02","美林",1044,2979,-1935
"5597","2883開發金","110/09/02","國票-安和",569,0,569
"5598","2883開發金","110/09/02","兆豐-北高雄",115,1602,-1487
"5599","2883開發金","110/09/02","國泰-板橋",617,57,560
"5600","2883開發金","110/09/02","港商野村",1290,2552,-1262
"5601","2883開發金","110/09/02","兆豐-台中港",583,30,553
"5602","2883開發金","110/09/02","兆豐-竹北",234,1375,-1141
"5603","2883開發金","110/09/02","國票-長城",510,2,508
"5604","2883開發金","110/09/02","群益金鼎-南京",9,1125,-1116
"5605","2883開發金","110/09/02","中國信託",550,47,503
"5606","2883開發金","110/09/02","永豐金-台南",139,1126,-987
"5607","2883開發金","110/09/02","兆豐-高雄",413,12,401
"5608","2883開發金","110/09/02","亞東-新竹",1173,2062,-889
"5609","2883開發金","110/09/02","統一-新竹",369,0,369
"5610","2883開發金","110/09/02","日盛-台中",3,635,-632
"5611","6205詮欣","110/09/02","合庫-三重",33,0,33
"5612","6205詮欣","110/09/02","日盛-三重",0,53,-53
"5613","6205詮欣","110/09/02","元大-向上",19,0,19
"5614","6205詮欣","110/09/02","元大-中和",0,17,-17
"5615","6205詮欣","110/09/02","摩根大通",9,2,7
"5616","6205詮欣","110/09/02","玉山證券",0,5,-5
"5617","6205詮欣","110/09/02","永豐金證券",4,0,4
"5618","6205詮欣","110/09/02","群益金鼎-基隆",0,3,-3
"5619","6205詮欣","110/09/02","元大-南投",4,0,4
"5620","6205詮欣","110/09/02","日盛-台中",0,2,-2
"5621","6205詮欣","110/09/02","元大-汐止",3,0,3
"5622","6205詮欣","110/09/02","美林",0,2,-2
"5623","6205詮欣","110/09/02","國票",3,0,3
"5624","6205詮欣","110/09/02","兆豐-桃園",0,2,-2
"5625","6205詮欣","110/09/02","玉山-高雄",3,0,3
"5626","6205詮欣","110/09/02","兆豐-新營",0,1,-1
"5627","6205詮欣","110/09/02","玉山-新莊",2,0,2
"5628","6205詮欣","110/09/02","凱基-桃園",0,1,-1
"5629","6205詮欣","110/09/02","臺銀-臺中",1,0,1
"5630","6205詮欣","110/09/02","華南永昌-東昇",0,1,-1
"5631","6205詮欣","110/09/02","台新-台中",1,0,1
"5632","6205詮欣","110/09/02","富邦-板橋",0,1,-1
"5633","6205詮欣","110/09/02","台新-高雄",1,0,1
"5634","6205詮欣","110/09/02","永豐金-中和",0,1,-1
"5635","6205詮欣","110/09/02","兆豐-竹北",1,0,1
"5636","6205詮欣","110/09/02","康和-板橋",0,0,0
"5637","6205詮欣","110/09/02","瑞士信貸",2,1,1
"5638","6205詮欣","110/09/02","華南永昌-高雄",0,0,0
"5639","6205詮欣","110/09/02","日盛-中和",1,0,1
"5640","6205詮欣","110/09/02","元大-民生",2,2,0
"5641","1540喬福","110/09/02","元富-板橋",17,0,17
"5642","1540喬福","110/09/02","富邦-中壢",0,13,-13
"5643","1540喬福","110/09/02","元大-四維",5,0,5
"5644","1540喬福","110/09/02","摩根大通",0,5,-5
"5645","1540喬福","110/09/02","元富-中原",3,0,3
"5646","1540喬福","110/09/02","富邦-台南",0,5,-5
"5647","1540喬福","110/09/02","元大-大雅",2,0,2
"5648","1540喬福","110/09/02","富邦-虎尾",0,5,-5
"5649","1540喬福","110/09/02","元大-竹東",2,0,2
"5650","1540喬福","110/09/02","永豐金-鳳山",0,5,-5
"5651","1540喬福","110/09/02","兆豐-員林",2,0,2
"5652","1540喬福","110/09/02","元大-斗信",0,4,-4
"5653","1540喬福","110/09/02","元大-頭份",2,0,2
"5654","1540喬福","110/09/02","元大-龍潭",0,2,-2
"5655","1540喬福","110/09/02","群益金鼎-館前",5,3,2
"5656","1540喬福","110/09/02","永豐金-高雄",0,2,-2
"5657","1540喬福","110/09/02","富邦-建國",2,0,2
"5658","1540喬福","110/09/02","台新證券",0,1,-1
"5659","1540喬福","110/09/02","富邦-仁愛",2,0,2
"5660","1540喬福","110/09/02","元大-東蘆",0,1,-1
"5661","1540喬福","110/09/02","統一-汐止",1,0,1
"5662","1540喬福","110/09/02","美林",1,1,0
"5663","1540喬福","110/09/02","元大-彰化",1,0,1
"5664","1540喬福","110/09/02","康和-板橋",0,0,0
"5665","1540喬福","110/09/02","凱基-台北",1,0,1
"5666","1540喬福","110/09/02","新光",0,0,0
"5667","1540喬福","110/09/02","元富",1,0,1
"5668","1540喬福","110/09/02","元大-竹北",0,0,0
"5669","1540喬福","110/09/02","元大-竹北",0,0,0
"5670","1540喬福","110/09/02","元大-鹿港",0,0,0
"5671","2888新光金","110/09/02","瑞士信貸",4150,60,4090
"5672","2888新光金","110/09/02","臺銀-高雄",126,7509,-7383
"5673","2888新光金","110/09/02","元大證券",2179,241,1938
"5674","2888新光金","110/09/02","國票-長城",23,3040,-3017
"5675","2888新光金","110/09/02","凱基-台北",2132,1288,844
"5676","2888新光金","110/09/02","日盛-台中",68,2972,-2904
"5677","2888新光金","110/09/02","凱基-站前",856,16,840
"5678","2888新光金","110/09/02","美林",275,3018,-2743
"5679","2888新光金","110/09/02","(牛牛牛)亞-網路",850,48,802
"5680","2888新光金","110/09/02","台灣摩根士丹利",279,2624,-2345
"5681","2888新光金","110/09/02","台新-台中",681,49,632
"5682","2888新光金","110/09/02","台新-三民",74,2010,-1936
"5683","2888新光金","110/09/02","宏遠-桃園",637,20,617
"5684","2888新光金","110/09/02","永豐金證券",270,2043,-1773
"5685","2888新光金","110/09/02","元大-南海",595,0,595
"5686","2888新光金","110/09/02","港商野村",8,1614,-1606
"5687","2888新光金","110/09/02","富邦-建國",659,70,589
"5688","2888新光金","110/09/02","永豐金-桃園",50,1504,-1454
"5689","2888新光金","110/09/02","兆豐-台中港",539,3,536
"5690","2888新光金","110/09/02","永全-南崁",611,1862,-1251
"5691","2888新光金","110/09/02","兆豐-三民",530,0,530
"5692","2888新光金","110/09/02","凱基-新店",3,1150,-1147
"5693","2888新光金","110/09/02","日盛-雙和",606,80,526
"5694","2888新光金","110/09/02","元大-豐原",47,1060,-1013
"5695","2888新光金","110/09/02","群益金鼎-台中",621,112,509
"5696","2888新光金","110/09/02","美商高盛",12,861,-849
"5697","2888新光金","110/09/02","中農",499,20,479
"5698","2888新光金","110/09/02","臺銀-金山",125,833,-708
"5699","2888新光金","110/09/02","華南永昌-中正",438,6,432
"5700","2888新光金","110/09/02","元大-四維",76,779,-703
"5701","1340勝悅","110/09/02","玉山-新竹",33,0,33
"5702","1340勝悅","110/09/02","台中銀",0,27,-27
"5703","1340勝悅","110/09/02","宏遠-館前",10,0,10
"5704","1340勝悅","110/09/02","日盛證券",0,10,-10
"5705","1340勝悅","110/09/02","華南永昌-虎尾",6,0,6
"5706","1340勝悅","110/09/02","群益金鼎-敦南",0,10,-10
"5707","1340勝悅","110/09/02","臺銀",5,0,5
"5708","1340勝悅","110/09/02","美林",0,9,-9
"5709","1340勝悅","110/09/02","臺銀-鳳山",5,0,5
"5710","1340勝悅","110/09/02","統一-新營",0,8,-8
"5711","1340勝悅","110/09/02","凱基-北門",5,0,5
"5712","1340勝悅","110/09/02","玉山-桃園",0,8,-8
"5713","1340勝悅","110/09/02","元富-新店",4,0,4
"5714","1340勝悅","110/09/02","摩根大通",0,7,-7
"5715","1340勝悅","110/09/02","新光",4,0,4
"5716","1340勝悅","110/09/02","日盛-員林",0,6,-6
"5717","1340勝悅","110/09/02","國泰-敦南",4,0,4
"5718","1340勝悅","110/09/02","元大-龍潭",0,5,-5
"5719","1340勝悅","110/09/02","美商高盛",3,0,3
"5720","1340勝悅","110/09/02","大慶-苗栗",0,4,-4
"5721","1340勝悅","110/09/02","元大-基隆",3,0,3
"5722","1340勝悅","110/09/02","凱基-台中",0,4,-4
"5723","1340勝悅","110/09/02","臺灣企銀-埔墘",2,0,2
"5724","1340勝悅","110/09/02","元富-板橋",0,3,-3
"5725","1340勝悅","110/09/02","光和",2,0,2
"5726","1340勝悅","110/09/02","永豐金-苓雅",0,3,-3
"5727","1340勝悅","110/09/02","兆豐-大安",2,0,2
"5728","1340勝悅","110/09/02","日盛-景美",0,2,-2
"5729","1340勝悅","110/09/02","國票-長城",2,0,2
"5730","1340勝悅","110/09/02","統一-城中",6,8,-2
"5731","6246臺龍","110/09/02","宏遠-館前",32,13,19
"5732","6246臺龍","110/09/02","元大-南投",0,19,-19
"5733","6246臺龍","110/09/02","元富-新店",11,0,11
"5734","6246臺龍","110/09/02","永豐金-松山",0,15,-15
"5735","6246臺龍","110/09/02","德信-新營",10,0,10
"5736","6246臺龍","110/09/02","群益金鼎-古亭",0,10,-10
"5737","6246臺龍","110/09/02","元大-屏南",10,0,10
"5738","6246臺龍","110/09/02","大昌-桃園",0,5,-5
"5739","6246臺龍","110/09/02","華南永昌-彰化",6,0,6
"5740","6246臺龍","110/09/02","凱基-台北",1,6,-5
"5741","6246臺龍","110/09/02","群益金鼎-永和",5,0,5
"5742","6246臺龍","110/09/02","元大-金門",0,5,-5
"5743","6246臺龍","110/09/02","(牛牛牛)亞-鑫豐",4,0,4
"5744","6246臺龍","110/09/02","元富-吉利",0,4,-4
"5745","6246臺龍","110/09/02","華南永昌-公誠",4,0,4
"5746","6246臺龍","110/09/02","國泰-板橋",0,4,-4
"5747","6246臺龍","110/09/02","富邦-板橋",5,1,4
"5748","6246臺龍","110/09/02","第一金-頭份",0,3,-3
"5749","6246臺龍","110/09/02","元富-埔里",3,0,3
"5750","6246臺龍","110/09/02","新光-新竹",0,3,-3
"5751","6246臺龍","110/09/02","元富-新興",3,0,3
"5752","6246臺龍","110/09/02","港商野村",3,5,-2
"5753","6246臺龍","110/09/02","兆豐-新營",3,0,3
"5754","6246臺龍","110/09/02","國票-北高雄",0,2,-2
"5755","6246臺龍","110/09/02","國票-桃園",3,0,3
"5756","6246臺龍","110/09/02","國票-敦北法人",0,2,-2
"5757","6246臺龍","110/09/02","華南永昌-台中",3,0,3
"5758","6246臺龍","110/09/02","台新-台南",0,2,-2
"5759","6246臺龍","110/09/02","元大-大雅",3,0,3
"5760","6246臺龍","110/09/02","台新-屏東",0,2,-2
"5761","00715L期街口布蘭特正2","110/09/02","元大證券",5620,931,4689
"5762","00715L期街口布蘭特正2","110/09/02","元大-復北",0,1372,-1372
"5763","00715L期街口布蘭特正2","110/09/02","(牛牛牛)亞-鑫豐",1283,115,1168
"5764","00715L期街口布蘭特正2","110/09/02","凱基-新豐",0,1053,-1053
"5765","00715L期街口布蘭特正2","110/09/02","永豐金證券",1199,60,1139
"5766","00715L期街口布蘭特正2","110/09/02","永豐金-市政",0,829,-829
"5767","00715L期街口布蘭特正2","110/09/02","元大-萬華",920,0,920
"5768","00715L期街口布蘭特正2","110/09/02","新光-台中",221,719,-498
"5769","00715L期街口布蘭特正2","110/09/02","群益金鼎",829,0,829
"5770","00715L期街口布蘭特正2","110/09/02","玉山-雙和",0,420,-420
"5771","00715L期街口布蘭特正2","110/09/02","統一",787,0,787
"5772","00715L期街口布蘭特正2","110/09/02","中國信託-新竹",0,400,-400
"5773","00715L期街口布蘭特正2","110/09/02","康和",1080,412,668
"5774","00715L期街口布蘭特正2","110/09/02","兆豐-台中港",12,362,-350
"5775","00715L期街口布蘭特正2","110/09/02","元富",609,0,609
"5776","00715L期街口布蘭特正2","110/09/02","康和-嘉義",0,300,-300
"5777","00715L期街口布蘭特正2","110/09/02","台新-台中",543,43,500
"5778","00715L期街口布蘭特正2","110/09/02","台中銀-豐原",12,310,-298
"5779","00715L期街口布蘭特正2","110/09/02","元富-大裕",478,0,478
"5780","00715L期街口布蘭特正2","110/09/02","元大-草屯",7,254,-247
"5781","00715L期街口布蘭特正2","110/09/02","群益金鼎-台中",354,1,353
"5782","00715L期街口布蘭特正2","110/09/02","凱基-站前",0,245,-245
"5783","00715L期街口布蘭特正2","110/09/02","元大-花蓮",146,11,135
"5784","00715L期街口布蘭特正2","110/09/02","凱基-城中",0,237,-237
"5785","00715L期街口布蘭特正2","110/09/02","元大-前金",102,0,102
"5786","00715L期街口布蘭特正2","110/09/02","富邦-台北",5,223,-218
"5787","00715L期街口布蘭特正2","110/09/02","中國信託-高雄",102,19,83
"5788","00715L期街口布蘭特正2","110/09/02","新光",125,342,-217
"5789","00715L期街口布蘭特正2","110/09/02","元大-大雅",95,22,73
"5790","00715L期街口布蘭特正2","110/09/02","兆豐-嘉義",0,206,-206
"5791","8941關中","110/09/02","高橋-內壢",2,0,2
"5792","8941關中","110/09/02","元大-金華",0,2,-2
"5793","8941關中","110/09/02","日盛-板橋",1,0,1
"5794","8941關中","110/09/02","統一-彰化",0,1,-1
"5795","8941關中","110/09/02","凱基-市府",1,0,1
"5796","8941關中","110/09/02","國泰-忠孝",0,1,-1
"5797","8941關中","110/09/02","宏遠-館前",0,0,0
"5798","8941關中","110/09/02","宏遠-館前",0,0,0
"5799","8941關中","110/09/02","元大-淡水",0,0,0
"5800","8941關中","110/09/02","元大-淡水",0,0,0
"5801","8941關中","110/09/02","元大-鹿港",0,0,0
"5802","8941關中","110/09/02","元大-鹿港",0,0,0
"5803","8941關中","110/09/02","永豐金-敦北",0,0,0
"5804","8941關中","110/09/02","永豐金-敦北",0,0,0
"5805","8941關中","110/09/02","永豐金-萬盛",0,0,0
"5806","8941關中","110/09/02","永豐金-萬盛",0,0,0
"5807","8941關中","110/09/02","永豐金-南投",0,0,0
"5808","8941關中","110/09/02","永豐金-南投",0,0,0
"5809","8941關中","110/09/02","",NA,NA,NA
"5810","8941關中","110/09/02","",NA,NA,NA
"5811","8941關中","110/09/02","",NA,NA,NA
"5812","8941關中","110/09/02","",NA,NA,NA
"5813","8941關中","110/09/02","",NA,NA,NA
"5814","8941關中","110/09/02","",NA,NA,NA
"5815","8941關中","110/09/02","",NA,NA,NA
"5816","8941關中","110/09/02","",NA,NA,NA
"5817","8941關中","110/09/02","",NA,NA,NA
"5818","8941關中","110/09/02","",NA,NA,NA
"5819","8941關中","110/09/02","",NA,NA,NA
"5820","8941關中","110/09/02","",NA,NA,NA
"5821","8936國統","110/09/02","台新證券",163,5,158
"5822","8936國統","110/09/02","永豐金-竹科",10,150,-140
"5823","8936國統","110/09/02","新加坡商瑞銀",163,51,112
"5824","8936國統","110/09/02","摩根大通",59,163,-104
"5825","8936國統","110/09/02","美林",120,13,107
"5826","8936國統","110/09/02","永豐金-高雄",1,100,-99
"5827","8936國統","110/09/02","華南永昌-高雄",91,0,91
"5828","8936國統","110/09/02","瑞士信貸",1,72,-71
"5829","8936國統","110/09/02","凱基-台北",174,108,66
"5830","8936國統","110/09/02","永豐金-彰化",5,56,-51
"5831","8936國統","110/09/02","元大-東泰",59,9,50
"5832","8936國統","110/09/02","元大-旗山",0,24,-24
"5833","8936國統","110/09/02","日盛-樹林",40,0,40
"5834","8936國統","110/09/02","大昌-新店",0,19,-19
"5835","8936國統","110/09/02","台新-高雄",40,9,31
"5836","8936國統","110/09/02","元大-南京",2,20,-18
"5837","8936國統","110/09/02","新光-台中",37,9,28
"5838","8936國統","110/09/02","國票-中正",0,16,-16
"5839","8936國統","110/09/02","美商高盛",57,31,26
"5840","8936國統","110/09/02","富邦-高雄",0,15,-15
"5841","8936國統","110/09/02","日盛-北高雄",41,16,25
"5842","8936國統","110/09/02","宏遠-新化",0,14,-14
"5843","8936國統","110/09/02","元富-敦南",25,0,25
"5844","8936國統","110/09/02","中國信託-高雄",0,13,-13
"5845","8936國統","110/09/02","國泰-敦南",29,9,20
"5846","8936國統","110/09/02","群益金鼎-忠孝",8,21,-13
"5847","8936國統","110/09/02","凱基-信義",20,1,19
"5848","8936國統","110/09/02","臺銀-金山",0,11,-11
"5849","8936國統","110/09/02","玉山-大里",16,0,16
"5850","8936國統","110/09/02","台灣摩根士丹利",0,11,-11
"5851","6226光鼎","110/09/02","元大-大灣",118,3,115
"5852","6226光鼎","110/09/02","港商野村",148,254,-106
"5853","6226光鼎","110/09/02","大昌-新店",95,5,90
"5854","6226光鼎","110/09/02","台新證券",65,150,-85
"5855","6226光鼎","110/09/02","統一-桃園",76,0,76
"5856","6226光鼎","110/09/02","日盛-鳳山",0,80,-80
"5857","6226光鼎","110/09/02","元大-小港",78,7,71
"5858","6226光鼎","110/09/02","台灣摩根士丹利",0,77,-77
"5859","6226光鼎","110/09/02","元大-嘉義",60,0,60
"5860","6226光鼎","110/09/02","元大-龍潭",1,71,-70
"5861","6226光鼎","110/09/02","元富-松德",52,0,52
"5862","6226光鼎","110/09/02","凱基-岡山",1,61,-60
"5863","6226光鼎","110/09/02","元富-高雄",62,11,51
"5864","6226光鼎","110/09/02","台新-新營",4,63,-59
"5865","6226光鼎","110/09/02","群益金鼎-中壢",45,1,44
"5866","6226光鼎","110/09/02","元大-北投",5,61,-56
"5867","6226光鼎","110/09/02","大展-台南",43,0,43
"5868","6226光鼎","110/09/02","大慶-富順",0,45,-45
"5869","6226光鼎","110/09/02","華南永昌-楠梓",62,19,43
"5870","6226光鼎","110/09/02","元大-虎尾",5,50,-45
"5871","6226光鼎","110/09/02","元大-楊梅",43,1,42
"5872","6226光鼎","110/09/02","元大-台中中港",10,55,-45
"5873","6226光鼎","110/09/02","元大-員林中山",40,0,40
"5874","6226光鼎","110/09/02","台新-台南",3,40,-37
"5875","6226光鼎","110/09/02","元大-汐止",40,0,40
"5876","6226光鼎","110/09/02","中國信託-忠孝",11,46,-35
"5877","6226光鼎","110/09/02","日盛-景美",34,0,34
"5878","6226光鼎","110/09/02","華南永昌-東勢",20,54,-34
"5879","6226光鼎","110/09/02","群益金鼎-開元",61,31,30
"5880","6226光鼎","110/09/02","元大-新竹經國",9,43,-34
"5881","2363矽統","110/09/02","日盛-南京",869,3,866
"5882","2363矽統","110/09/02","美林",216,1191,-975
"5883","2363矽統","110/09/02","台灣摩根士丹利",437,2,435
"5884","2363矽統","110/09/02","永豐金-南投",29,917,-888
"5885","2363矽統","110/09/02","元大-佳里",547,264,283
"5886","2363矽統","110/09/02","摩根大通",540,1319,-779
"5887","2363矽統","110/09/02","元大-前金",268,49,219
"5888","2363矽統","110/09/02","德信-中正",56,575,-519
"5889","2363矽統","110/09/02","國泰-敦南",958,758,200
"5890","2363矽統","110/09/02","凱基-台北",2310,2708,-398
"5891","2363矽統","110/09/02","永豐金-竹科",184,41,143
"5892","2363矽統","110/09/02","台新-三民",75,444,-369
"5893","2363矽統","110/09/02","新加坡商瑞銀",419,282,137
"5894","2363矽統","110/09/02","瑞士信貸",62,392,-330
"5895","2363矽統","110/09/02","中國信託-忠孝",153,18,135
"5896","2363矽統","110/09/02","永豐金證券",124,377,-253
"5897","2363矽統","110/09/02","國泰-館前",271,144,127
"5898","2363矽統","110/09/02","凱基-南崁",51,235,-184
"5899","2363矽統","110/09/02","元大-南京",139,16,123
"5900","2363矽統","110/09/02","富邦-北港",101,284,-183
"5901","2363矽統","110/09/02","臺銀-金山",170,50,120
"5902","2363矽統","110/09/02","群益金鼎",105,252,-147
"5903","2363矽統","110/09/02","北城證券",135,18,117
"5904","2363矽統","110/09/02","凱基-科園",82,224,-142
"5905","2363矽統","110/09/02","兆豐-公益",142,27,115
"5906","2363矽統","110/09/02","富邦-台北",145,286,-141
"5907","2363矽統","110/09/02","台新證券",636,521,115
"5908","2363矽統","110/09/02","富邦證券",98,235,-137
"5909","2363矽統","110/09/02","元大證券",217,105,112
"5910","2363矽統","110/09/02","康和",30,162,-132
"5911","8112至上","110/09/02","合庫證券",92,0,92
"5912","8112至上","110/09/02","摩根大通",4,169,-165
"5913","8112至上","110/09/02","元大-竹東",70,0,70
"5914","8112至上","110/09/02","元大-東門",0,90,-90
"5915","8112至上","110/09/02","新光",51,5,46
"5916","8112至上","110/09/02","港商野村",36,114,-78
"5917","8112至上","110/09/02","凱基-長庚",46,0,46
"5918","8112至上","110/09/02","美林",52,115,-63
"5919","8112至上","110/09/02","群益金鼎-士林",36,0,36
"5920","8112至上","110/09/02","國票-南京",0,62,-62
"5921","8112至上","110/09/02","台新-新營",32,0,32
"5922","8112至上","110/09/02","凱基-台北",58,117,-59
"5923","8112至上","110/09/02","臺銀",27,0,27
"5924","8112至上","110/09/02","美商高盛",0,52,-52
"5925","8112至上","110/09/02","新光-高雄",29,2,27
"5926","8112至上","110/09/02","元大-南屯",0,52,-52
"5927","8112至上","110/09/02","富邦-台中",25,0,25
"5928","8112至上","110/09/02","瑞士信貸",0,48,-48
"5929","8112至上","110/09/02","元富-大裕",24,1,23
"5930","8112至上","110/09/02","元大-大里",9,55,-46
"5931","8112至上","110/09/02","大慶-楊梅",22,0,22
"5932","8112至上","110/09/02","元大-士林",0,45,-45
"5933","8112至上","110/09/02","國票-內壢",21,0,21
"5934","8112至上","110/09/02","香港上海匯豐",0,42,-42
"5935","8112至上","110/09/02","華南永昌-鳳山",21,0,21
"5936","8112至上","110/09/02","凱基-松山",0,37,-37
"5937","8112至上","110/09/02","元大-淡水",21,0,21
"5938","8112至上","110/09/02","日盛-三峽",0,30,-30
"5939","8112至上","110/09/02","群益金鼎-北高雄",20,0,20
"5940","8112至上","110/09/02","台灣匯立證券",0,29,-29
"5941","1570力肯","110/09/02","國票-和平",85,0,85
"5942","1570力肯","110/09/02","新光",25,211,-186
"5943","1570力肯","110/09/02","元大-北三重",68,0,68
"5944","1570力肯","110/09/02","群益金鼎-高雄",5,60,-55
"5945","1570力肯","110/09/02","國票",30,0,30
"5946","1570力肯","110/09/02","摩根大通",0,54,-54
"5947","1570力肯","110/09/02","元大-內湖",30,1,29
"5948","1570力肯","110/09/02","元大-東泰",0,41,-41
"5949","1570力肯","110/09/02","第一金-嘉義",25,0,25
"5950","1570力肯","110/09/02","凱基-台北",1,32,-31
"5951","1570力肯","110/09/02","光和-田中",19,0,19
"5952","1570力肯","110/09/02","合庫-嘉義",1,30,-29
"5953","1570力肯","110/09/02","元大-板橋",16,0,16
"5954","1570力肯","110/09/02","元大-南屯",0,22,-22
"5955","1570力肯","110/09/02","兆豐-嘉義",16,1,15
"5956","1570力肯","110/09/02","元大-永和",0,22,-22
"5957","1570力肯","110/09/02","凱基-高美館",15,0,15
"5958","1570力肯","110/09/02","富邦-嘉義",0,20,-20
"5959","1570力肯","110/09/02","富邦-建國",15,0,15
"5960","1570力肯","110/09/02","華南永昌-彰化",0,15,-15
"5961","1570力肯","110/09/02","彰銀-七賢",14,0,14
"5962","1570力肯","110/09/02","(牛牛牛)亞-網路",1,15,-14
"5963","1570力肯","110/09/02","大慶-蘆洲",11,0,11
"5964","1570力肯","110/09/02","元大-員林中山",0,13,-13
"5965","1570力肯","110/09/02","富邦-新營",10,0,10
"5966","1570力肯","110/09/02","聯邦-三重",0,10,-10
"5967","1570力肯","110/09/02","永豐金-中和",10,0,10
"5968","1570力肯","110/09/02","群益金鼎-三民",0,8,-8
"5969","1570力肯","110/09/02","群益金鼎-瑞豐",9,0,9
"5970","1570力肯","110/09/02","日盛-園區",0,6,-6
"5971","2929淘帝","110/09/02","摩根大通",11,0,11
"5972","2929淘帝","110/09/02","日盛-板橋中山",0,30,-30
"5973","2929淘帝","110/09/02","凱基-東門",11,0,11
"5974","2929淘帝","110/09/02","美林",0,16,-16
"5975","2929淘帝","110/09/02","臺銀-臺南",10,0,10
"5976","2929淘帝","110/09/02","日盛-台南",0,12,-12
"5977","2929淘帝","110/09/02","元大-太平",6,0,6
"5978","2929淘帝","110/09/02","元富-大裕",0,12,-12
"5979","2929淘帝","110/09/02","日盛-台中",5,0,5
"5980","2929淘帝","110/09/02","港商野村",0,6,-6
"5981","2929淘帝","110/09/02","台新-建北",5,0,5
"5982","2929淘帝","110/09/02","新加坡商瑞銀",0,6,-6
"5983","2929淘帝","110/09/02","富邦-新竹",5,0,5
"5984","2929淘帝","110/09/02","元大-竹科",0,4,-4
"5985","2929淘帝","110/09/02","富邦-南屯",5,0,5
"5986","2929淘帝","110/09/02","元富-板橋",0,3,-3
"5987","2929淘帝","110/09/02","群益金鼎",4,0,4
"5988","2929淘帝","110/09/02","群益金鼎-敦南",0,3,-3
"5989","2929淘帝","110/09/02","元大-府城",4,0,4
"5990","2929淘帝","110/09/02","凱基-敦北",0,3,-3
"5991","2929淘帝","110/09/02","元大-大雅",4,0,4
"5992","2929淘帝","110/09/02","元大-虎尾",0,3,-3
"5993","2929淘帝","110/09/02","(牛牛牛)亞-鑫豐",4,1,3
"5994","2929淘帝","110/09/02","新光-高雄",0,2,-2
"5995","2929淘帝","110/09/02","新光-新竹",3,0,3
"5996","2929淘帝","110/09/02","國泰-館前",0,2,-2
"5997","2929淘帝","110/09/02","玉山-大里",3,0,3
"5998","2929淘帝","110/09/02","富邦-花蓮",0,2,-2
"5999","2929淘帝","110/09/02","臺銀-臺中",2,0,2
"6000","2929淘帝","110/09/02","富邦-建國",0,2,-2
"6001","5410國眾","110/09/02","富邦-板橋",10,0,10
"6002","5410國眾","110/09/02","群益金鼎-民權",0,10,-10
"6003","5410國眾","110/09/02","臺銀",5,0,5
"6004","5410國眾","110/09/02","玉山-南京東路",0,5,-5
"6005","5410國眾","110/09/02","台新-左楠",5,0,5
"6006","5410國眾","110/09/02","元大-新莊",0,5,-5
"6007","5410國眾","110/09/02","玉山-板橋",5,0,5
"6008","5410國眾","110/09/02","摩根大通",0,3,-3
"6009","5410國眾","110/09/02","凱基-科園",5,0,5
"6010","5410國眾","110/09/02","國泰-敦南",1,4,-3
"6011","5410國眾","110/09/02","元大-彰化民生",3,0,3
"6012","5410國眾","110/09/02","華南永昌-鶯歌",0,3,-3
"6013","5410國眾","110/09/02","台新-中壢",2,0,2
"6014","5410國眾","110/09/02","台新證券",0,2,-2
"6015","5410國眾","110/09/02","新光",2,0,2
"6016","5410國眾","110/09/02","台新-新營",0,2,-2
"6017","5410國眾","110/09/02","元大-虎尾",2,0,2
"6018","5410國眾","110/09/02","凱基-雙和",0,2,-2
"6019","5410國眾","110/09/02","永豐金-中正",2,0,2
"6020","5410國眾","110/09/02","永豐金-中盛",0,2,-2
"6021","5410國眾","110/09/02","元富-新店",1,0,1
"6022","5410國眾","110/09/02","元富-大昌",0,1,-1
"6023","5410國眾","110/09/02","元富-敦南",1,0,1
"6024","5410國眾","110/09/02","元富-埔里",0,1,-1
"6025","5410國眾","110/09/02","中國信託-中壢",1,0,1
"6026","5410國眾","110/09/02","兆豐-北高雄",0,1,-1
"6027","5410國眾","110/09/02","群益金鼎-基隆",1,0,1
"6028","5410國眾","110/09/02","台新-建北",0,1,-1
"6029","5410國眾","110/09/02","富邦-彰化",1,0,1
"6030","5410國眾","110/09/02","富邦-員林",0,1,-1
"6031","2841台開","110/09/02","群益金鼎-海山",100,0,100
"6032","2841台開","110/09/02","元大-八德",0,100,-100
"6033","2841台開","110/09/02","宏遠-館前",65,0,65
"6034","2841台開","110/09/02","兆豐-彰化",0,60,-60
"6035","2841台開","110/09/02","台中銀",40,3,37
"6036","2841台開","110/09/02","港商野村",0,43,-43
"6037","2841台開","110/09/02","群益金鼎-崇德",26,0,26
"6038","2841台開","110/09/02","兆豐-新營",0,20,-20
"6039","2841台開","110/09/02","台新-三民",20,0,20
"6040","2841台開","110/09/02","玉山-台中",0,20,-20
"6041","2841台開","110/09/02","大慶-蘆洲",10,0,10
"6042","2841台開","110/09/02","永豐金-中正",0,20,-20
"6043","2841台開","110/09/02","元大-新竹經國",10,0,10
"6044","2841台開","110/09/02","日盛證券",6,25,-19
"6045","2841台開","110/09/02","富邦-左營",8,0,8
"6046","2841台開","110/09/02","台灣摩根士丹利",0,19,-19
"6047","2841台開","110/09/02","富邦-台北",7,0,7
"6048","2841台開","110/09/02","元大-復北",0,11,-11
"6049","2841台開","110/09/02","日盛-忠孝",6,0,6
"6050","2841台開","110/09/02","日盛-台中",10,20,-10
"6051","2841台開","110/09/02","大昌-安康",27,21,6
"6052","2841台開","110/09/02","富邦-新店",0,10,-10
"6053","2841台開","110/09/02","台新-台中",6,0,6
"6054","2841台開","110/09/02","國票-中和",0,8,-8
"6055","2841台開","110/09/02","新光-桃園",6,0,6
"6056","2841台開","110/09/02","元大-萬華",0,8,-8
"6057","2841台開","110/09/02","國泰-館前",6,0,6
"6058","2841台開","110/09/02","兆豐-高雄",0,6,-6
"6059","2841台開","110/09/02","元大-屏南",6,0,6
"6060","2841台開","110/09/02","群益金鼎-民權",0,6,-6
"6061","6207雷科","110/09/02","元大-高雄",52,3,49
"6062","6207雷科","110/09/02","新加坡商瑞銀",4,48,-44
"6063","6207雷科","110/09/02","凱基-高美館",21,0,21
"6064","6207雷科","110/09/02","摩根大通",9,30,-21
"6065","6207雷科","110/09/02","群益金鼎-大甲",12,0,12
"6066","6207雷科","110/09/02","元大-大灣",0,21,-21
"6067","6207雷科","110/09/02","永豐金-高雄",12,0,12
"6068","6207雷科","110/09/02","康和-石牌",0,20,-20
"6069","6207雷科","110/09/02","國泰-台南",20,10,10
"6070","6207雷科","110/09/02","群益金鼎-館前",0,20,-20
"6071","6207雷科","110/09/02","群益金鼎-瑞豐",10,0,10
"6072","6207雷科","110/09/02","華南永昌-虎尾",0,19,-19
"6073","6207雷科","110/09/02","元大-博愛",10,0,10
"6074","6207雷科","110/09/02","(牛牛牛)亞-鑫豐",0,13,-13
"6075","6207雷科","110/09/02","元富-板橋",5,0,5
"6076","6207雷科","110/09/02","大慶-泰山",0,10,-10
"6077","6207雷科","110/09/02","兆豐-桃園",5,0,5
"6078","6207雷科","110/09/02","元富-民權",0,10,-10
"6079","6207雷科","110/09/02","國泰-台中",5,0,5
"6080","6207雷科","110/09/02","港商野村",1,8,-7
"6081","6207雷科","110/09/02","凱基-市政",5,0,5
"6082","6207雷科","110/09/02","統一-員林",1,7,-6
"6083","6207雷科","110/09/02","富邦-左營",5,0,5
"6084","6207雷科","110/09/02","元大-木柵",0,6,-6
"6085","6207雷科","110/09/02","富邦-宜蘭",5,0,5
"6086","6207雷科","110/09/02","日盛-中壢",0,5,-5
"6087","6207雷科","110/09/02","元大-士林",6,1,5
"6088","6207雷科","110/09/02","兆豐-台中",0,5,-5
"6089","6207雷科","110/09/02","元大-六合",5,0,5
"6090","6207雷科","110/09/02","康和-延平",0,5,-5
"6091","3679新至陞","110/09/02","元大-成功",12,0,12
"6092","3679新至陞","110/09/02","凱基-台北",4,18,-14
"6093","3679新至陞","110/09/02","元大-大天母",10,0,10
"6094","3679新至陞","110/09/02","美林",0,10,-10
"6095","3679新至陞","110/09/02","富邦-嘉義",5,0,5
"6096","3679新至陞","110/09/02","兆豐-高雄",0,10,-10
"6097","3679新至陞","110/09/02","致和-東門",3,0,3
"6098","3679新至陞","110/09/02","摩根大通",0,9,-9
"6099","3679新至陞","110/09/02","元大-福營",3,0,3
"6100","3679新至陞","110/09/02","瑞士信貸",1,8,-7
"6101","3679新至陞","110/09/02","元大-小港",3,0,3
"6102","3679新至陞","110/09/02","美商高盛",0,3,-3
"6103","3679新至陞","110/09/02","元富-緯城",2,0,2
"6104","3679新至陞","110/09/02","新加坡商瑞銀",0,3,-3
"6105","3679新至陞","110/09/02","台中銀-員林",2,0,2
"6106","3679新至陞","110/09/02","日盛-樹林",0,2,-2
"6107","3679新至陞","110/09/02","新百王",2,0,2
"6108","3679新至陞","110/09/02","港商野村",0,2,-2
"6109","3679新至陞","110/09/02","國票-台東",2,0,2
"6110","3679新至陞","110/09/02","兆豐-公益",0,2,-2
"6111","3679新至陞","110/09/02","玉山證券",2,0,2
"6112","3679新至陞","110/09/02","玉山-台中",0,2,-2
"6113","3679新至陞","110/09/02","群益金鼎-台中",2,0,2
"6114","3679新至陞","110/09/02","凱基-高雄",0,2,-2
"6115","3679新至陞","110/09/02","群益金鼎-三民",2,0,2
"6116","3679新至陞","110/09/02","凱基-新店",0,2,-2
"6117","3679新至陞","110/09/02","富邦-岡山",2,0,2
"6118","3679新至陞","110/09/02","亞東-板橋",0,1,-1
"6119","3679新至陞","110/09/02","元大-文心興安",2,0,2
"6120","3679新至陞","110/09/02","富隆-長安",0,1,-1
"6121","2727王品","110/09/02","台灣摩根士丹利",50,32,18
"6122","2727王品","110/09/02","永豐金證券",1,32,-31
"6123","2727王品","110/09/02","摩根大通",15,0,15
"6124","2727王品","110/09/02","凱基-台北",12,34,-22
"6125","2727王品","110/09/02","美商高盛",15,3,12
"6126","2727王品","110/09/02","美林",8,27,-19
"6127","2727王品","110/09/02","富邦-桃園",10,0,10
"6128","2727王品","110/09/02","國泰-板橋",6,19,-13
"6129","2727王品","110/09/02","日盛-木柵",6,0,6
"6130","2727王品","110/09/02","凱基-板橋",0,11,-11
"6131","2727王品","110/09/02","新光",11,6,5
"6132","2727王品","110/09/02","國泰-台南",0,10,-10
"6133","2727王品","110/09/02","群益金鼎-高雄",5,0,5
"6134","2727王品","110/09/02","富邦-建國",10,20,-10
"6135","2727王品","110/09/02","凱基-基隆",5,0,5
"6136","2727王品","110/09/02","元大-內湖",0,10,-10
"6137","2727王品","110/09/02","元大-桃興",5,0,5
"6138","2727王品","110/09/02","永豐金-竹科",1,10,-9
"6139","2727王品","110/09/02","永豐金-新店",5,0,5
"6140","2727王品","110/09/02","元大-高雄",1,9,-8
"6141","2727王品","110/09/02","元富-延平",4,0,4
"6142","2727王品","110/09/02","玉山-台南",1,8,-7
"6143","2727王品","110/09/02","玉山-大里",4,0,4
"6144","2727王品","110/09/02","統一",1,7,-6
"6145","2727王品","110/09/02","國泰-台中",5,1,4
"6146","2727王品","110/09/02","中國信託-文心",0,6,-6
"6147","2727王品","110/09/02","元大-民生",4,0,4
"6148","2727王品","110/09/02","群益金鼎-東大",0,6,-6
"6149","2727王品","110/09/02","群益金鼎-宜蘭",3,0,3
"6150","2727王品","110/09/02","永豐金-忠孝",0,6,-6
"6151","1570力肯","110/09/02","國票-和平",85,0,85
"6152","1570力肯","110/09/02","新光",25,211,-186
"6153","1570力肯","110/09/02","元大-北三重",68,0,68
"6154","1570力肯","110/09/02","群益金鼎-高雄",5,60,-55
"6155","1570力肯","110/09/02","國票",30,0,30
"6156","1570力肯","110/09/02","摩根大通",0,54,-54
"6157","1570力肯","110/09/02","元大-內湖",30,1,29
"6158","1570力肯","110/09/02","元大-東泰",0,41,-41
"6159","1570力肯","110/09/02","第一金-嘉義",25,0,25
"6160","1570力肯","110/09/02","凱基-台北",1,32,-31
"6161","1570力肯","110/09/02","光和-田中",19,0,19
"6162","1570力肯","110/09/02","合庫-嘉義",1,30,-29
"6163","1570力肯","110/09/02","元大-板橋",16,0,16
"6164","1570力肯","110/09/02","元大-南屯",0,22,-22
"6165","1570力肯","110/09/02","兆豐-嘉義",16,1,15
"6166","1570力肯","110/09/02","元大-永和",0,22,-22
"6167","1570力肯","110/09/02","凱基-高美館",15,0,15
"6168","1570力肯","110/09/02","富邦-嘉義",0,20,-20
"6169","1570力肯","110/09/02","富邦-建國",15,0,15
"6170","1570力肯","110/09/02","華南永昌-彰化",0,15,-15
"6171","1570力肯","110/09/02","彰銀-七賢",14,0,14
"6172","1570力肯","110/09/02","(牛牛牛)亞-網路",1,15,-14
"6173","1570力肯","110/09/02","大慶-蘆洲",11,0,11
"6174","1570力肯","110/09/02","元大-員林中山",0,13,-13
"6175","1570力肯","110/09/02","富邦-新營",10,0,10
"6176","1570力肯","110/09/02","聯邦-三重",0,10,-10
"6177","1570力肯","110/09/02","永豐金-中和",10,0,10
"6178","1570力肯","110/09/02","群益金鼎-三民",0,8,-8
"6179","1570力肯","110/09/02","群益金鼎-瑞豐",9,0,9
"6180","1570力肯","110/09/02","日盛-園區",0,6,-6
"6181","6180橘子","110/09/02","華南永昌",84,1,83
"6182","6180橘子","110/09/02","亞東-高雄",0,22,-22
"6183","6180橘子","110/09/02","摩根大通",29,4,25
"6184","6180橘子","110/09/02","凱基-台北",3,23,-20
"6185","6180橘子","110/09/02","台灣摩根士丹利",23,0,23
"6186","6180橘子","110/09/02","元富-高雄",0,12,-12
"6187","6180橘子","110/09/02","美商高盛",25,6,19
"6188","6180橘子","110/09/02","新光",3,14,-11
"6189","6180橘子","110/09/02","台新證券",13,0,13
"6190","6180橘子","110/09/02","新光-台南",0,10,-10
"6191","6180橘子","110/09/02","美林",6,0,6
"6192","6180橘子","110/09/02","富邦-竹北",0,10,-10
"6193","6180橘子","110/09/02","元富-永和",6,0,6
"6194","6180橘子","110/09/02","元大-大益",0,10,-10
"6195","6180橘子","110/09/02","玉山-新莊",6,0,6
"6196","6180橘子","110/09/02","統一-彰化",0,8,-8
"6197","6180橘子","110/09/02","凱基-復興",5,0,5
"6198","6180橘子","110/09/02","元大-館前",0,8,-8
"6199","6180橘子","110/09/02","台新-台中",4,0,4
"6200","6180橘子","110/09/02","群益金鼎-西松",0,6,-6
"6201","6180橘子","110/09/02","國泰-敦南",10,6,4
"6202","6180橘子","110/09/02","合庫-三重",0,5,-5
"6203","6180橘子","110/09/02","日盛-永康",3,0,3
"6204","6180橘子","110/09/02","日盛-和美",0,5,-5
"6205","6180橘子","110/09/02","彰銀",3,0,3
"6206","6180橘子","110/09/02","統一-嘉義",0,5,-5
"6207","6180橘子","110/09/02","第一金-新竹",3,0,3
"6208","6180橘子","110/09/02","國泰-館前",0,5,-5
"6209","6180橘子","110/09/02","玉山證券",3,0,3
"6210","6180橘子","110/09/02","元大證券",1,6,-5
"6211","2390云辰","110/09/02","日盛-新莊",271,5,266
"6212","2390云辰","110/09/02","凱基-台北",35,186,-151
"6213","2390云辰","110/09/02","元大證券",118,6,112
"6214","2390云辰","110/09/02","元富-安南",4,147,-143
"6215","2390云辰","110/09/02","華南永昌-中正",106,4,102
"6216","2390云辰","110/09/02","元大-雙和",34,135,-101
"6217","2390云辰","110/09/02","台灣摩根士丹利",94,0,94
"6218","2390云辰","110/09/02","元大-南屯",2,82,-80
"6219","2390云辰","110/09/02","大慶-富順",76,2,74
"6220","2390云辰","110/09/02","元大-林園",0,79,-79
"6221","2390云辰","110/09/02","凱基-長庚",56,0,56
"6222","2390云辰","110/09/02","國泰-板橋",14,82,-68
"6223","2390云辰","110/09/02","元大-松山",55,0,55
"6224","2390云辰","110/09/02","元大-板橋",4,71,-67
"6225","2390云辰","110/09/02","玉山-台中",54,2,52
"6226","2390云辰","110/09/02","國泰-館前",3,59,-56
"6227","2390云辰","110/09/02","元富-高雄",52,2,50
"6228","2390云辰","110/09/02","凱基-和平",0,52,-52
"6229","2390云辰","110/09/02","元大-嘉義",50,5,45
"6230","2390云辰","110/09/02","康和",0,50,-50
"6231","2390云辰","110/09/02","華南永昌-合泰",40,0,40
"6232","2390云辰","110/09/02","第一金-中山",2,50,-48
"6233","2390云辰","110/09/02","統一-新台中",45,6,39
"6234","2390云辰","110/09/02","統一",7,55,-48
"6235","2390云辰","110/09/02","統一-員林",46,10,36
"6236","2390云辰","110/09/02","元富-信義",3,51,-48
"6237","2390云辰","110/09/02","美商高盛",49,14,35
"6238","2390云辰","110/09/02","土銀-花蓮",0,47,-47
"6239","2390云辰","110/09/02","元大-前金",35,0,35
"6240","2390云辰","110/09/02","元大-新盛",1,48,-47
"6241","2834臺企銀","110/08/31","新加坡商瑞銀",58095,14804,43291
"6242","2834臺企銀","110/08/31","台灣摩根士丹利",138752,224200,-85448
"6243","2834臺企銀","110/08/31","瑞士信貸",40098,11880,28218
"6244","2834臺企銀","110/08/31","美林",16181,38669,-22488
"6245","2834臺企銀","110/08/31","凱基-台北",24998,6606,18392
"6246","2834臺企銀","110/08/31","港商法國興業",11216,33391,-22175
"6247","2834臺企銀","110/08/31","摩根大通",37495,20369,17126
"6248","2834臺企銀","110/08/31","永豐金證券",227,4552,-4325
"6249","2834臺企銀","110/08/31","美商高盛",58399,41472,16927
"6250","2834臺企銀","110/08/31","法銀巴黎",2076,6320,-4244
"6251","2834臺企銀","110/08/31","港商野村",10074,4570,5504
"6252","2834臺企銀","110/08/31","元大證券",1048,5233,-4185
"6253","2834臺企銀","110/08/31","國票-長城",5000,0,5000
"6254","2834臺企銀","110/08/31","花旗環球",3376,5995,-2619
"6255","2834臺企銀","110/08/31","兆豐-寶成",1000,0,1000
"6256","2834臺企銀","110/08/31","華南永昌-高雄",24,1662,-1638
"6257","2834臺企銀","110/08/31","國泰-台南",609,2,607
"6258","2834臺企銀","110/08/31","豐農",1,760,-759
"6259","2834臺企銀","110/08/31","彰銀-台中",621,83,538
"6260","2834臺企銀","110/08/31","香港上海匯豐",549,1100,-551
"6261","2834臺企銀","110/08/31","元大-蘆洲",529,5,524
"6262","2834臺企銀","110/08/31","群益金鼎-彰化",59,499,-440
"6263","2834臺企銀","110/08/31","富邦-新竹",481,26,455
"6264","2834臺企銀","110/08/31","元大-苗栗",7,400,-393
"6265","2834臺企銀","110/08/31","群益金鼎-土城",418,0,418
"6266","2834臺企銀","110/08/31","凱基-興隆",0,320,-320
"6267","2834臺企銀","110/08/31","群益金鼎-萬華",400,0,400
"6268","2834臺企銀","110/08/31","日盛證券",442,747,-305
"6269","2834臺企銀","110/08/31","元大-復北",404,8,396
"6270","2834臺企銀","110/08/31","群益金鼎-板橋",30,325,-295
"6271","5511德昌","110/08/31","永豐金-市政",107,0,107
"6272","5511德昌","110/08/31","兆豐-台中港",0,80,-80
"6273","5511德昌","110/08/31","日盛-新竹",10,0,10
"6274","5511德昌","110/08/31","統一",0,10,-10
"6275","5511德昌","110/08/31","元大-彰化",10,0,10
"6276","5511德昌","110/08/31","致和-崇德",0,10,-10
"6277","5511德昌","110/08/31","第一金-台中",8,0,8
"6278","5511德昌","110/08/31","凱基-台北",1,10,-9
"6279","5511德昌","110/08/31","瑞士信貸",2,0,2
"6280","5511德昌","110/08/31","兆豐-台中",0,8,-8
"6281","5511德昌","110/08/31","元大-中壢",2,0,2
"6282","5511德昌","110/08/31","第一金",0,5,-5
"6283","5511德昌","110/08/31","元大-北屯",2,0,2
"6284","5511德昌","110/08/31","第一金-大稻埕",0,2,-2
"6285","5511德昌","110/08/31","兆豐-南京",1,0,1
"6286","5511德昌","110/08/31","元大-員林",0,2,-2
"6287","5511德昌","110/08/31","元大-東蘆",1,0,1
"6288","5511德昌","110/08/31","華南永昌-麻豆",0,2,-2
"6289","5511德昌","110/08/31","永豐金-苓雅",1,0,1
"6290","5511德昌","110/08/31","國泰-敦南",0,2,-2
"6291","5511德昌","110/08/31","永豐金-新店",1,0,1
"6292","5511德昌","110/08/31","康和-仁愛",0,2,-2
"6293","5511德昌","110/08/31","台中銀-員林",0,0,0
"6294","5511德昌","110/08/31","國票-中和",0,2,-2
"6295","5511德昌","110/08/31","中國信託",0,0,0
"6296","5511德昌","110/08/31","台新證券",0,1,-1
"6297","5511德昌","110/08/31","國泰-台中",0,0,0
"6298","5511德昌","110/08/31","國票-天祥",0,1,-1
"6299","5511德昌","110/08/31","群益金鼎-鳳山",0,0,0
"6300","5511德昌","110/08/31","中國信託-忠孝",0,1,-1
"6301","2489瑞軒","110/08/31","瑞士信貸",348,4,344
"6302","2489瑞軒","110/08/31","台灣摩根士丹利",17,427,-410
"6303","2489瑞軒","110/08/31","美林",278,81,197
"6304","2489瑞軒","110/08/31","摩根大通",116,283,-167
"6305","2489瑞軒","110/08/31","凱基-台北",133,0,133
"6306","2489瑞軒","110/08/31","日盛-嘉義",10,128,-118
"6307","2489瑞軒","110/08/31","國泰-敦南",134,46,88
"6308","2489瑞軒","110/08/31","第一金-新興",0,84,-84
"6309","2489瑞軒","110/08/31","新加坡商瑞銀",89,2,87
"6310","2489瑞軒","110/08/31","美商高盛",0,79,-79
"6311","2489瑞軒","110/08/31","合庫-桃園",61,3,58
"6312","2489瑞軒","110/08/31","元大-樹林",2,80,-78
"6313","2489瑞軒","110/08/31","台新-台中",50,0,50
"6314","2489瑞軒","110/08/31","元富-四維",3,67,-64
"6315","2489瑞軒","110/08/31","元富-潮州",41,0,41
"6316","2489瑞軒","110/08/31","永豐金-竹科",0,36,-36
"6317","2489瑞軒","110/08/31","新光",42,2,40
"6318","2489瑞軒","110/08/31","凱基-城中",0,35,-35
"6319","2489瑞軒","110/08/31","合庫-嘉義",30,0,30
"6320","2489瑞軒","110/08/31","元富-文心",0,30,-30
"6321","2489瑞軒","110/08/31","華南永昌-虎尾",91,61,30
"6322","2489瑞軒","110/08/31","富邦-永和",0,30,-30
"6323","2489瑞軒","110/08/31","元大-南屯",30,0,30
"6324","2489瑞軒","110/08/31","富邦-桃園",0,30,-30
"6325","2489瑞軒","110/08/31","元大-龍潭",30,2,28
"6326","2489瑞軒","110/08/31","永豐金-大園",1,30,-29
"6327","2489瑞軒","110/08/31","元大-楊梅",25,0,25
"6328","2489瑞軒","110/08/31","元大-彰化",0,26,-26
"6329","2489瑞軒","110/08/31","富邦-羅東",21,0,21
"6330","2489瑞軒","110/08/31","(牛牛牛)亞-鑫豐",36,59,-23
"6331","2428興勤","110/08/31","元大-南京",18,0,18
"6332","2428興勤","110/08/31","瑞士信貸",0,68,-68
"6333","2428興勤","110/08/31","凱基-信義",15,0,15
"6334","2428興勤","110/08/31","港商麥格理",0,29,-29
"6335","2428興勤","110/08/31","兆豐-景美",10,0,10
"6336","2428興勤","110/08/31","美林",2,28,-26
"6337","2428興勤","110/08/31","凱基-鳳山",10,0,10
"6338","2428興勤","110/08/31","摩根大通",9,33,-24
"6339","2428興勤","110/08/31","臺銀-金山",8,0,8
"6340","2428興勤","110/08/31","元大-西門",0,21,-21
"6341","2428興勤","110/08/31","元富-緯城",10,2,8
"6342","2428興勤","110/08/31","美商高盛",2,17,-15
"6343","2428興勤","110/08/31","港商野村",6,0,6
"6344","2428興勤","110/08/31","康和",0,14,-14
"6345","2428興勤","110/08/31","凱基-三重",8,2,6
"6346","2428興勤","110/08/31","康和-板橋",0,13,-13
"6347","2428興勤","110/08/31","凱基-台北",19,13,6
"6348","2428興勤","110/08/31","國票-安和",0,12,-12
"6349","2428興勤","110/08/31","元大-萬華",6,0,6
"6350","2428興勤","110/08/31","富邦證券",0,10,-10
"6351","2428興勤","110/08/31","元大-敦南",6,0,6
"6352","2428興勤","110/08/31","日盛-景美",1,10,-9
"6353","2428興勤","110/08/31","永豐金-板橋",6,0,6
"6354","2428興勤","110/08/31","台灣摩根士丹利",7,16,-9
"6355","2428興勤","110/08/31","永豐金-中正",6,0,6
"6356","2428興勤","110/08/31","永豐金-信義",0,8,-8
"6357","2428興勤","110/08/31","第一金-大稻埕",5,0,5
"6358","2428興勤","110/08/31","富邦-敦南",1,7,-6
"6359","2428興勤","110/08/31","凱基-天母",5,0,5
"6360","2428興勤","110/08/31","元大-屏東",0,6,-6
"6361","3176基亞","110/08/31","日盛-桃園",27,0,27
"6362","3176基亞","110/08/31","富邦-台北",0,126,-126
"6363","3176基亞","110/08/31","統一-土城",20,0,20
"6364","3176基亞","110/08/31","元大-大益",0,32,-32
"6365","3176基亞","110/08/31","富邦-羅東",21,1,20
"6366","3176基亞","110/08/31","台灣摩根士丹利",0,9,-9
"6367","3176基亞","110/08/31","摩根大通",16,0,16
"6368","3176基亞","110/08/31","統一-汐止",0,9,-9
"6369","3176基亞","110/08/31","永豐金-北高雄",15,0,15
"6370","3176基亞","110/08/31","凱基-湖口",0,9,-9
"6371","3176基亞","110/08/31","大慶-苗栗",10,0,10
"6372","3176基亞","110/08/31","華南永昌-公誠",1,10,-9
"6373","3176基亞","110/08/31","大慶-富順",10,0,10
"6374","3176基亞","110/08/31","元富-同大",1,8,-7
"6375","3176基亞","110/08/31","台新-左楠",10,0,10
"6376","3176基亞","110/08/31","凱基-台北",0,7,-7
"6377","3176基亞","110/08/31","華南永昌",11,1,10
"6378","3176基亞","110/08/31","元大-士林",1,8,-7
"6379","3176基亞","110/08/31","群益金鼎-高雄",8,1,7
"6380","3176基亞","110/08/31","元大-新營",0,7,-7
"6381","3176基亞","110/08/31","富邦-仁愛",6,0,6
"6382","3176基亞","110/08/31","新加坡商瑞銀",2,8,-6
"6383","3176基亞","110/08/31","宏遠-中和",5,0,5
"6384","3176基亞","110/08/31","中國信託-永康",0,6,-6
"6385","3176基亞","110/08/31","元富-草屯",5,0,5
"6386","3176基亞","110/08/31","元大-彰化民生",0,6,-6
"6387","3176基亞","110/08/31","台新-台中",5,0,5
"6388","3176基亞","110/08/31","永豐金-羅東",0,6,-6
"6389","3176基亞","110/08/31","群益金鼎-嘉義",5,0,5
"6390","3176基亞","110/08/31","國泰-館前",0,5,-5
"6391","2409友達","110/08/31","摩根大通",12388,3383,9005
"6392","2409友達","110/08/31","香港上海匯豐",651,24651,-24000
"6393","2409友達","110/08/31","美林",8491,2090,6401
"6394","2409友達","110/08/31","台灣摩根士丹利",4000,24791,-20791
"6395","2409友達","110/08/31","合庫證券",5242,27,5215
"6396","2409友達","110/08/31","永豐金證券",1612,6074,-4462
"6397","2409友達","110/08/31","台灣匯立證券",3859,0,3859
"6398","2409友達","110/08/31","花旗環球",81,3901,-3820
"6399","2409友達","110/08/31","瑞士信貸",4073,283,3790
"6400","2409友達","110/08/31","港商野村",3031,6453,-3422
"6401","2409友達","110/08/31","(牛牛牛)亞證券",3233,0,3233
"6402","2409友達","110/08/31","元大證券",1580,4157,-2577
"6403","2409友達","110/08/31","富邦證券",3021,57,2964
"6404","2409友達","110/08/31","凱基-員林",33,2035,-2002
"6405","2409友達","110/08/31","新加坡商瑞銀",3845,1353,2492
"6406","2409友達","110/08/31","法銀巴黎",348,1702,-1354
"6407","2409友達","110/08/31","寶盛",2013,0,2013
"6408","2409友達","110/08/31","凱基-東港",507,1794,-1287
"6409","2409友達","110/08/31","宏遠-館前",2233,286,1947
"6410","2409友達","110/08/31","元大-博愛",54,1174,-1120
"6411","2409友達","110/08/31","凱基-台北",4372,2949,1423
"6412","2409友達","110/08/31","日盛-中壢",92,1079,-987
"6413","2409友達","110/08/31","港商麥格理",1513,297,1216
"6414","2409友達","110/08/31","第一金-中壢",129,1071,-942
"6415","2409友達","110/08/31","日盛證券",1200,109,1091
"6416","2409友達","110/08/31","元大-豐原",85,933,-848
"6417","2409友達","110/08/31","美商高盛",2007,1058,949
"6418","2409友達","110/08/31","元大-北屯",107,871,-764
"6419","2409友達","110/08/31","元富-台南",857,3,854
"6420","2409友達","110/08/31","群益金鼎",53,722,-669
"6421","1315達新","110/08/31","元大-文心興安",6,0,6
"6422","1315達新","110/08/31","花旗環球",0,10,-10
"6423","1315達新","110/08/31","美林",8,3,5
"6424","1315達新","110/08/31","高橋-龍潭",0,7,-7
"6425","1315達新","110/08/31","致和-東門",5,0,5
"6426","1315達新","110/08/31","凱基-岡山",0,6,-6
"6427","1315達新","110/08/31","豐農",4,0,4
"6428","1315達新","110/08/31","華南永昌-彰化",0,5,-5
"6429","1315達新","110/08/31","美商高盛",3,0,3
"6430","1315達新","110/08/31","台新證券",2,5,-3
"6431","1315達新","110/08/31","富邦-永和",3,0,3
"6432","1315達新","110/08/31","元大-八德",0,3,-3
"6433","1315達新","110/08/31","元大-虎尾",3,0,3
"6434","1315達新","110/08/31","新百王",0,2,-2
"6435","1315達新","110/08/31","元大-花蓮",3,0,3
"6436","1315達新","110/08/31","兆豐-公益",0,2,-2
"6437","1315達新","110/08/31","第一金-豐原",2,0,2
"6438","1315達新","110/08/31","國泰-敦南",2,4,-2
"6439","1315達新","110/08/31","玉山證券",2,0,2
"6440","1315達新","110/08/31","元大-萬華",0,2,-2
"6441","1315達新","110/08/31","群益金鼎-新莊",2,0,2
"6442","1315達新","110/08/31","永豐金-中正",0,2,-2
"6443","1315達新","110/08/31","永豐金-敦南",2,0,2
"6444","1315達新","110/08/31","元富-虎尾",0,1,-1
"6445","1315達新","110/08/31","港商法國興業",1,0,1
"6446","1315達新","110/08/31","元富-文心",0,1,-1
"6447","1315達新","110/08/31","亞東-板橋",1,0,1
"6448","1315達新","110/08/31","凱基-桃園",0,1,-1
"6449","1315達新","110/08/31","兆豐-台南",1,0,1
"6450","1315達新","110/08/31","華南永昌-長虹",0,1,-1
"6451","2609陽明","110/08/31","港商麥格理",2365,7,2358
"6452","2609陽明","110/08/31","康和",70,7383,-7313
"6453","2609陽明","110/08/31","台灣摩根士丹利",4559,2270,2289
"6454","2609陽明","110/08/31","永豐金-信義",20,3830,-3810
"6455","2609陽明","110/08/31","美林",2036,829,1207
"6456","2609陽明","110/08/31","兆豐-大安",19,3214,-3195
"6457","2609陽明","110/08/31","花旗環球",810,24,786
"6458","2609陽明","110/08/31","瑞士信貸",1526,3530,-2004
"6459","2609陽明","110/08/31","新光-新竹",962,211,751
"6460","2609陽明","110/08/31","新加坡商瑞銀",576,2446,-1870
"6461","2609陽明","110/08/31","統一-新台中",578,32,546
"6462","2609陽明","110/08/31","凱基-台北",2645,4077,-1432
"6463","2609陽明","110/08/31","港商法國興業",519,8,511
"6464","2609陽明","110/08/31","富邦證券",1404,2833,-1429
"6465","2609陽明","110/08/31","元富",539,140,399
"6466","2609陽明","110/08/31","兆豐-三民",57,1026,-969
"6467","2609陽明","110/08/31","國泰-敦南",1724,1347,377
"6468","2609陽明","110/08/31","統一-仁愛",926,1805,-879
"6469","2609陽明","110/08/31","新光",1890,1520,370
"6470","2609陽明","110/08/31","華南永昌-南京",240,691,-451
"6471","2609陽明","110/08/31","第一金-桃園",429,100,329
"6472","2609陽明","110/08/31","日盛-文化",21,458,-437
"6473","2609陽明","110/08/31","陽信-石牌",350,48,302
"6474","2609陽明","110/08/31","群益金鼎-大安",58,418,-360
"6475","2609陽明","110/08/31","凱基-民權",278,21,257
"6476","2609陽明","110/08/31","台新-三民",90,446,-356
"6477","2609陽明","110/08/31","華南永昌-台中",339,92,247
"6478","2609陽明","110/08/31","日盛證券",155,503,-348
"6479","2609陽明","110/08/31","摩根大通",2595,2358,237
"6480","2609陽明","110/08/31","元大證券",1007,1299,-292
"6481","2636台驊投控","110/08/31","群益金鼎-敦南",149,2,147
"6482","2636台驊投控","110/08/31","日盛-台中",3,200,-197
"6483","2636台驊投控","110/08/31","亞東",137,3,134
"6484","2636台驊投控","110/08/31","統一-新台中",0,165,-165
"6485","2636台驊投控","110/08/31","臺銀-高雄",94,4,90
"6486","2636台驊投控","110/08/31","美商高盛",8,140,-132
"6487","2636台驊投控","110/08/31","宏遠-館前",52,0,52
"6488","2636台驊投控","110/08/31","瑞士信貸",89,213,-124
"6489","2636台驊投控","110/08/31","群益金鼎-古亭",44,4,40
"6490","2636台驊投控","110/08/31","富邦-虎尾",5,105,-100
"6491","2636台驊投控","110/08/31","永豐金-敦南",41,3,38
"6492","2636台驊投控","110/08/31","新加坡商瑞銀",11,71,-60
"6493","2636台驊投控","110/08/31","永豐金-大園",35,0,35
"6494","2636台驊投控","110/08/31","台灣摩根士丹利",43,101,-58
"6495","2636台驊投控","110/08/31","港商野村",372,343,29
"6496","2636台驊投控","110/08/31","凱基-台北",166,200,-34
"6497","2636台驊投控","110/08/31","凱基-桃園",28,3,25
"6498","2636台驊投控","110/08/31","凱基-中山",0,30,-30
"6499","2636台驊投控","110/08/31","凱基-南崁",25,1,24
"6500","2636台驊投控","110/08/31","台新-台南",5,33,-28
"6501","2636台驊投控","110/08/31","新光",67,46,21
"6502","2636台驊投控","110/08/31","日盛-復興",3,26,-23
"6503","2636台驊投控","110/08/31","台灣企銀-岡山",20,0,20
"6504","2636台驊投控","110/08/31","凱基-高美館",9,31,-22
"6505","2636台驊投控","110/08/31","合庫-自強",24,5,19
"6506","2636台驊投控","110/08/31","第一金-桃園",8,28,-20
"6507","2636台驊投控","110/08/31","元大-東門",20,1,19
"6508","2636台驊投控","110/08/31","摩根大通",67,87,-20
"6509","2636台驊投控","110/08/31","康和-石牌",16,0,16
"6510","2636台驊投控","110/08/31","永豐金-台南",3,23,-20
"6511","2867三商壽","110/08/31","美商高盛",202,34,168
"6512","2867三商壽","110/08/31","摩根大通",159,436,-277
"6513","2867三商壽","110/08/31","統一-平鎮",160,1,159
"6514","2867三商壽","110/08/31","凱基-台北",66,209,-143
"6515","2867三商壽","110/08/31","兆豐-岡山",110,0,110
"6516","2867三商壽","110/08/31","新光-新竹",0,101,-101
"6517","2867三商壽","110/08/31","元富-佳里",106,0,106
"6518","2867三商壽","110/08/31","富邦-三重",0,91,-91
"6519","2867三商壽","110/08/31","玉山-城中",100,0,100
"6520","2867三商壽","110/08/31","元大-太平",0,85,-85
"6521","2867三商壽","110/08/31","凱基-南崁",100,0,100
"6522","2867三商壽","110/08/31","元大-永春",0,75,-75
"6523","2867三商壽","110/08/31","瑞士信貸",98,1,97
"6524","2867三商壽","110/08/31","美林",65,116,-51
"6525","2867三商壽","110/08/31","華南永昌-朴子",80,0,80
"6526","2867三商壽","110/08/31","玉山-台大",0,50,-50
"6527","2867三商壽","110/08/31","凱基",73,0,73
"6528","2867三商壽","110/08/31","永豐金-新莊",0,50,-50
"6529","2867三商壽","110/08/31","元大-沙鹿",70,0,70
"6530","2867三商壽","110/08/31","永豐金-市政",0,50,-50
"6531","2867三商壽","110/08/31","元富-大昌",57,0,57
"6532","2867三商壽","110/08/31","港商野村",27,72,-45
"6533","2867三商壽","110/08/31","國泰-台中",64,10,54
"6534","2867三商壽","110/08/31","宏遠-台中",0,39,-39
"6535","2867三商壽","110/08/31","凱基-高雄",50,0,50
"6536","2867三商壽","110/08/31","宏遠證券",0,38,-38
"6537","2867三商壽","110/08/31","元大-桃園",50,0,50
"6538","2867三商壽","110/08/31","新光",22,55,-33
"6539","2867三商壽","110/08/31","華南永昌",46,2,44
"6540","2867三商壽","110/08/31","元大-開元",0,33,-33
"6541","5521工信","110/08/31","國票-敦北法人",411,0,411
"6542","5521工信","110/08/31","凱基-台北",144,477,-333
"6543","5521工信","110/08/31","光和-溪湖",150,0,150
"6544","5521工信","110/08/31","永豐金證券",0,200,-200
"6545","5521工信","110/08/31","元富",124,0,124
"6546","5521工信","110/08/31","港商野村",0,166,-166
"6547","5521工信","110/08/31","摩根大通",151,57,94
"6548","5521工信","110/08/31","統一-員林",0,70,-70
"6549","5521工信","110/08/31","富邦-員林",68,0,68
"6550","5521工信","110/08/31","台新-台中",0,62,-62
"6551","5521工信","110/08/31","元富-板橋",66,0,66
"6552","5521工信","110/08/31","永豐金-中正",0,50,-50
"6553","5521工信","110/08/31","第一金-新竹",40,4,36
"6554","5521工信","110/08/31","群益金鼎-基隆",0,34,-34
"6555","5521工信","110/08/31","新百王",32,0,32
"6556","5521工信","110/08/31","美商高盛",0,33,-33
"6557","5521工信","110/08/31","(牛牛牛)亞-鑫豐",32,6,26
"6558","5521工信","110/08/31","元大-台中",0,30,-30
"6559","5521工信","110/08/31","群益金鼎-大甲",21,0,21
"6560","5521工信","110/08/31","元大-南屯",10,35,-25
"6561","5521工信","110/08/31","華南永昌",36,15,21
"6562","5521工信","110/08/31","國泰-新莊",0,21,-21
"6563","5521工信","110/08/31","康和-澎湖",20,0,20
"6564","5521工信","110/08/31","元大-六合",0,20,-20
"6565","5521工信","110/08/31","元大-佳里",20,0,20
"6566","5521工信","110/08/31","國泰-台中",1,20,-19
"6567","5521工信","110/08/31","元大-沙鹿",19,0,19
"6568","5521工信","110/08/31","富邦-高雄",0,19,-19
"6569","5521工信","110/08/31","元富-基隆",15,0,15
"6570","5521工信","110/08/31","元大-斗六",1,20,-19
"6571","1471首利","110/08/31","永豐金-員林",25,0,25
"6572","1471首利","110/08/31","群益金鼎-東大",0,51,-51
"6573","1471首利","110/08/31","大昌-桃園",20,0,20
"6574","1471首利","110/08/31","元大-清水",5,40,-35
"6575","1471首利","110/08/31","華南永昌-中正",20,0,20
"6576","1471首利","110/08/31","臺銀",0,32,-32
"6577","1471首利","110/08/31","臺銀-臺中",15,0,15
"6578","1471首利","110/08/31","凱基-科園",0,32,-32
"6579","1471首利","110/08/31","大慶-富順",15,0,15
"6580","1471首利","110/08/31","元大-台南",0,30,-30
"6581","1471首利","110/08/31","台新-松江",15,0,15
"6582","1471首利","110/08/31","富邦-陽明",0,16,-16
"6583","1471首利","110/08/31","港商法國興業",13,0,13
"6584","1471首利","110/08/31","凱基-台北",0,13,-13
"6585","1471首利","110/08/31","瑞士信貸",11,0,11
"6586","1471首利","110/08/31","元大-竹科",0,11,-11
"6587","1471首利","110/08/31","日盛-鳳山",10,0,10
"6588","1471首利","110/08/31","美林",3,10,-7
"6589","1471首利","110/08/31","富邦-中壢",10,0,10
"6590","1471首利","110/08/31","玉山-大里",0,7,-7
"6591","1471首利","110/08/31","元大-中壢",10,0,10
"6592","1471首利","110/08/31","元富-安南",0,6,-6
"6593","1471首利","110/08/31","元大-板橋",10,0,10
"6594","1471首利","110/08/31","大昌-新店",0,6,-6
"6595","1471首利","110/08/31","台新-左楠",9,0,9
"6596","1471首利","110/08/31","元大-斗信",0,6,-6
"6597","1471首利","110/08/31","永豐金-三重",9,0,9
"6598","1471首利","110/08/31","元大-花蓮",0,5,-5
"6599","1471首利","110/08/31","國泰-台南",10,2,8
"6600","1471首利","110/08/31","永豐金-高雄",5,10,-5
"6601","2883開發金","110/08/31","新加坡商瑞銀",5199,2017,3182
"6602","2883開發金","110/08/31","香港上海匯豐",0,10048,-10048
"6603","2883開發金","110/08/31","亞東-新竹",2900,216,2684
"6604","2883開發金","110/08/31","元大證券",555,10482,-9927
"6605","2883開發金","110/08/31","瑞士信貸",2653,204,2449
"6606","2883開發金","110/08/31","第一金-忠孝",133,1540,-1407
"6607","2883開發金","110/08/31","台灣摩根士丹利",4184,2771,1413
"6608","2883開發金","110/08/31","摩根大通",1383,2786,-1403
"6609","2883開發金","110/08/31","富邦-永和",1249,146,1103
"6610","2883開發金","110/08/31","永豐金-板橋",5,1306,-1301
"6611","2883開發金","110/08/31","花旗環球",1908,911,997
"6612","2883開發金","110/08/31","國票-南京",5,1035,-1030
"6613","2883開發金","110/08/31","華南永昌-竹北",859,18,841
"6614","2883開發金","110/08/31","兆豐-三民",41,997,-956
"6615","2883開發金","110/08/31","元大-大灣",824,39,785
"6616","2883開發金","110/08/31","福勝",4,402,-398
"6617","2883開發金","110/08/31","日盛-台中",640,8,632
"6618","2883開發金","110/08/31","第一金-豐原",12,403,-391
"6619","2883開發金","110/08/31","港商法國興業",564,0,564
"6620","2883開發金","110/08/31","國泰-館前",102,484,-382
"6621","2883開發金","110/08/31","元富",795,258,537
"6622","2883開發金","110/08/31","兆豐-內湖",5,375,-370
"6623","2883開發金","110/08/31","國票-長城",507,4,503
"6624","2883開發金","110/08/31","法銀巴黎",154,513,-359
"6625","2883開發金","110/08/31","台灣企銀-竹北",500,0,500
"6626","2883開發金","110/08/31","統一",112,468,-356
"6627","2883開發金","110/08/31","華南永昌-中正",628,130,498
"6628","2883開發金","110/08/31","兆豐-桃園",87,435,-348
"6629","2883開發金","110/08/31","富邦-台中",456,40,416
"6630","2883開發金","110/08/31","富邦-仁愛",106,418,-312
"6631","6205詮欣","110/08/31","港商法國興業",13,0,13
"6632","6205詮欣","110/08/31","元大-中和",0,35,-35
"6633","6205詮欣","110/08/31","華南永昌-長虹",10,0,10
"6634","6205詮欣","110/08/31","台新證券",0,6,-6
"6635","6205詮欣","110/08/31","瑞士信貸",4,0,4
"6636","6205詮欣","110/08/31","玉山-左營",0,3,-3
"6637","6205詮欣","110/08/31","統一-屏東",3,0,3
"6638","6205詮欣","110/08/31","群益金鼎-三重",0,2,-2
"6639","6205詮欣","110/08/31","台中銀",3,0,3
"6640","6205詮欣","110/08/31","元大-汐止",0,2,-2
"6641","6205詮欣","110/08/31","元大-民雄",3,0,3
"6642","6205詮欣","110/08/31","日盛-台中",0,1,-1
"6643","6205詮欣","110/08/31","臺銀-民權",2,0,2
"6644","6205詮欣","110/08/31","美商高盛",0,1,-1
"6645","6205詮欣","110/08/31","國票-中和",2,0,2
"6646","6205詮欣","110/08/31","花旗環球",0,1,-1
"6647","6205詮欣","110/08/31","摩根大通",4,2,2
"6648","6205詮欣","110/08/31","國票-博愛",0,1,-1
"6649","6205詮欣","110/08/31","康和-板橋",2,0,2
"6650","6205詮欣","110/08/31","凱基-和平",0,1,-1
"6651","6205詮欣","110/08/31","富邦-苗栗",2,0,2
"6652","6205詮欣","110/08/31","富邦-陽明",0,1,-1
"6653","6205詮欣","110/08/31","美林",1,0,1
"6654","6205詮欣","110/08/31","臺銀-高雄",0,0,0
"6655","6205詮欣","110/08/31","第一金-大稻埕",1,0,1
"6656","6205詮欣","110/08/31","元大-大里",1,1,0
"6657","6205詮欣","110/08/31","第一金-路竹",1,0,1
"6658","6205詮欣","110/08/31","",NA,NA,NA
"6659","6205詮欣","110/08/31","元富-桃園",1,0,1
"6660","6205詮欣","110/08/31","",NA,NA,NA
"6661","1540喬福","110/08/31","日盛-樹林",5,0,5
"6662","1540喬福","110/08/31","富邦-中壢",0,19,-19
"6663","1540喬福","110/08/31","安泰",5,0,5
"6664","1540喬福","110/08/31","日盛-南京",0,6,-6
"6665","1540喬福","110/08/31","凱基-中壢",4,0,4
"6666","1540喬福","110/08/31","富邦-虎尾",0,4,-4
"6667","1540喬福","110/08/31","新光-台南",4,0,4
"6668","1540喬福","110/08/31","元富-中原",0,2,-2
"6669","1540喬福","110/08/31","土銀-新竹",2,0,2
"6670","1540喬福","110/08/31","美林",0,1,-1
"6671","1540喬福","110/08/31","元大-東蘆",2,0,2
"6672","1540喬福","110/08/31","美商高盛",0,1,-1
"6673","1540喬福","110/08/31","富邦-高雄",2,0,2
"6674","1540喬福","110/08/31","花旗環球",0,1,-1
"6675","1540喬福","110/08/31","凱基-斗六",2,0,2
"6676","1540喬福","110/08/31","元富",0,1,-1
"6677","1540喬福","110/08/31","合庫證券",2,0,2
"6678","1540喬福","110/08/31","康和-板橋",0,1,-1
"6679","1540喬福","110/08/31","群益金鼎-永和",2,0,2
"6680","1540喬福","110/08/31","元富-中港",0,0,0
"6681","1540喬福","110/08/31","國泰-忠孝",1,0,1
"6682","1540喬福","110/08/31","致和-南京",2,2,0
"6683","1540喬福","110/08/31","凱基",1,0,1
"6684","1540喬福","110/08/31","凱基-竹北",0,0,0
"6685","1540喬福","110/08/31","台新證券",1,0,1
"6686","1540喬福","110/08/31","凱基-竹科",0,0,0
"6687","1540喬福","110/08/31","國票-台南",1,0,1
"6688","1540喬福","110/08/31","元大-內湖",0,0,0
"6689","1540喬福","110/08/31","大昌",1,0,1
"6690","1540喬福","110/08/31","永豐金-中盛",0,0,0
"6691","2888新光金","110/08/31","元大證券",14689,281,14408
"6692","2888新光金","110/08/31","美商高盛",230,8929,-8699
"6693","2888新光金","110/08/31","元大-館前",3112,34,3078
"6694","2888新光金","110/08/31","美林",3678,9122,-5444
"6695","2888新光金","110/08/31","日盛-台中",2979,11,2968
"6696","2888新光金","110/08/31","亞東-新竹",30,4195,-4165
"6697","2888新光金","110/08/31","國泰-台南",1886,83,1803
"6698","2888新光金","110/08/31","凱基-台北",1467,5223,-3756
"6699","2888新光金","110/08/31","台灣摩根士丹利",5981,4550,1431
"6700","2888新光金","110/08/31","群益金鼎-崇德",14,2881,-2867
"6701","2888新光金","110/08/31","元大-大益",1444,45,1399
"6702","2888新光金","110/08/31","國票-南京",2,2505,-2503
"6703","2888新光金","110/08/31","兆豐-寶成",1436,61,1375
"6704","2888新光金","110/08/31","元富-城東",28,2075,-2047
"6705","2888新光金","110/08/31","瑞士信貸",2357,1139,1218
"6706","2888新光金","110/08/31","永豐金證券",197,2020,-1823
"6707","2888新光金","110/08/31","群益金鼎-彰化",1186,35,1151
"6708","2888新光金","110/08/31","摩根大通",2340,4119,-1779
"6709","2888新光金","110/08/31","兆豐-台中港",1205,99,1106
"6710","2888新光金","110/08/31","合庫證券",149,1703,-1554
"6711","2888新光金","110/08/31","(牛牛牛)亞-網路",1107,27,1080
"6712","2888新光金","110/08/31","元富-文心",22,1493,-1471
"6713","2888新光金","110/08/31","元大-豐原",1491,544,947
"6714","2888新光金","110/08/31","港商野村",288,1540,-1252
"6715","2888新光金","110/08/31","臺銀-金山",865,125,740
"6716","2888新光金","110/08/31","新加坡商瑞銀",1936,3101,-1165
"6717","2888新光金","110/08/31","元大-中壢",913,195,718
"6718","2888新光金","110/08/31","統一-新台中",54,1199,-1145
"6719","2888新光金","110/08/31","合庫-嘉義",740,74,666
"6720","2888新光金","110/08/31","華南永昌-台中",66,1192,-1126
"6721","1340勝悅","110/08/31","美林",11,1,10
"6722","1340勝悅","110/08/31","台中銀",0,15,-15
"6723","1340勝悅","110/08/31","日盛-忠孝",7,0,7
"6724","1340勝悅","110/08/31","安泰",0,8,-8
"6725","1340勝悅","110/08/31","臺灣企銀-埔墘",5,0,5
"6726","1340勝悅","110/08/31","摩根大通",0,6,-6
"6727","1340勝悅","110/08/31","瑞士信貸",5,0,5
"6728","1340勝悅","110/08/31","第一金-豐原",0,5,-5
"6729","1340勝悅","110/08/31","永豐金-三重",5,0,5
"6730","1340勝悅","110/08/31","元富-世貿",0,5,-5
"6731","1340勝悅","110/08/31","美商高盛",3,0,3
"6732","1340勝悅","110/08/31","國票-台東",0,5,-5
"6733","1340勝悅","110/08/31","玉山-左營",3,0,3
"6734","1340勝悅","110/08/31","永豐金-南投",0,5,-5
"6735","1340勝悅","110/08/31","國泰-敦南",3,0,3
"6736","1340勝悅","110/08/31","富邦-台中",0,4,-4
"6737","1340勝悅","110/08/31","元大-松江",3,0,3
"6738","1340勝悅","110/08/31","玉山-板橋",0,3,-3
"6739","1340勝悅","110/08/31","新光",2,0,2
"6740","1340勝悅","110/08/31","元大-彰化民生",0,3,-3
"6741","1340勝悅","110/08/31","群益金鼎-崇德",2,0,2
"6742","1340勝悅","110/08/31","(牛牛牛)亞-鑫豐",8,10,-2
"6743","1340勝悅","110/08/31","元大-東泰",2,0,2
"6744","1340勝悅","110/08/31","元大-竹山",0,2,-2
"6745","1340勝悅","110/08/31","國泰-新莊",1,0,1
"6746","1340勝悅","110/08/31","第一金-新竹",0,1,-1
"6747","1340勝悅","110/08/31","群益金鼎-高盛",1,0,1
"6748","1340勝悅","110/08/31","凱基-竹北",0,1,-1
"6749","1340勝悅","110/08/31","群益金鼎-館前",1,0,1
"6750","1340勝悅","110/08/31","統一-城中",0,0,0
"6751","6246臺龍","110/08/31","元富-宜蘭",13,0,13
"6752","6246臺龍","110/08/31","華南永昌-頭份",0,20,-20
"6753","6246臺龍","110/08/31","國票-桃園",6,0,6
"6754","6246臺龍","110/08/31","致和-台北",0,14,-14
"6755","6246臺龍","110/08/31","凱基-台北",5,0,5
"6756","6246臺龍","110/08/31","元大-博愛",0,7,-7
"6757","6246臺龍","110/08/31","國票-敦北法人",4,0,4
"6758","6246臺龍","110/08/31","群益金鼎-古亭",0,5,-5
"6759","6246臺龍","110/08/31","台新-屏東",3,0,3
"6760","6246臺龍","110/08/31","合庫-西台中",0,3,-3
"6761","6246臺龍","110/08/31","日盛-內湖",2,0,2
"6762","6246臺龍","110/08/31","群益金鼎-土城",0,3,-3
"6763","6246臺龍","110/08/31","日盛-大墩",2,0,2
"6764","6246臺龍","110/08/31","第一金-自由",0,2,-2
"6765","6246臺龍","110/08/31","元富-屏東",2,0,2
"6766","6246臺龍","110/08/31","台新證券",1,3,-2
"6767","6246臺龍","110/08/31","凱基-桃園",2,0,2
"6768","6246臺龍","110/08/31","台新-三民",0,2,-2
"6769","6246臺龍","110/08/31","華南永昌",2,0,2
"6770","6246臺龍","110/08/31","凱基-東門",0,2,-2
"6771","6246臺龍","110/08/31","元大-豐原站前",2,0,2
"6772","6246臺龍","110/08/31","元大-府城",0,2,-2
"6773","6246臺龍","110/08/31","元大-小港",2,0,2
"6774","6246臺龍","110/08/31","永豐金-新竹",0,2,-2
"6775","6246臺龍","110/08/31","元大-北屯",2,0,2
"6776","6246臺龍","110/08/31","日盛證券",0,1,-1
"6777","6246臺龍","110/08/31","日盛-新莊",1,0,1
"6778","6246臺龍","110/08/31","港商野村",0,1,-1
"6779","6246臺龍","110/08/31","元富-安南",1,0,1
"6780","6246臺龍","110/08/31","元大-沙鹿",0,1,-1
"6781","00715L期街口布蘭特正2","110/08/31","永豐金證券",4504,25,4479
"6782","00715L期街口布蘭特正2","110/08/31","元大-斗六",0,1401,-1401
"6783","00715L期街口布蘭特正2","110/08/31","元大證券",4224,444,3780
"6784","00715L期街口布蘭特正2","110/08/31","永豐金-台中",20,970,-950
"6785","00715L期街口布蘭特正2","110/08/31","國票",2499,0,2499
"6786","00715L期街口布蘭特正2","110/08/31","凱基-高美館",0,746,-746
"6787","00715L期街口布蘭特正2","110/08/31","群益金鼎",1981,0,1981
"6788","00715L期街口布蘭特正2","110/08/31","兆豐-中壢",0,737,-737
"6789","00715L期街口布蘭特正2","110/08/31","元富",1195,0,1195
"6790","00715L期街口布蘭特正2","110/08/31","群益金鼎-中壢",0,573,-573
"6791","00715L期街口布蘭特正2","110/08/31","國票-中港",1000,0,1000
"6792","00715L期街口布蘭特正2","110/08/31","富邦-彰化",100,606,-506
"6793","00715L期街口布蘭特正2","110/08/31","凱基-城中",1001,35,966
"6794","00715L期街口布蘭特正2","110/08/31","元大-金門",0,475,-475
"6795","00715L期街口布蘭特正2","110/08/31","康和",959,0,959
"6796","00715L期街口布蘭特正2","110/08/31","凱基-高雄",0,431,-431
"6797","00715L期街口布蘭特正2","110/08/31","統一",886,0,886
"6798","00715L期街口布蘭特正2","110/08/31","新光",43,382,-339
"6799","00715L期街口布蘭特正2","110/08/31","凱基-台北",684,0,684
"6800","00715L期街口布蘭特正2","110/08/31","元富-文心",21,341,-320
"6801","00715L期街口布蘭特正2","110/08/31","群益金鼎-宜蘭",653,7,646
"6802","00715L期街口布蘭特正2","110/08/31","富邦-嘉義",5,316,-311
"6803","00715L期街口布蘭特正2","110/08/31","永豐金-三重",625,0,625
"6804","00715L期街口布蘭特正2","110/08/31","新光-桃園",42,339,-297
"6805","00715L期街口布蘭特正2","110/08/31","合庫證券",605,10,595
"6806","00715L期街口布蘭特正2","110/08/31","台新-台南",0,290,-290
"6807","00715L期街口布蘭特正2","110/08/31","兆豐-台中",502,0,502
"6808","00715L期街口布蘭特正2","110/08/31","富邦-中壢",0,284,-284
"6809","00715L期街口布蘭特正2","110/08/31","台新-松江",500,0,500
"6810","00715L期街口布蘭特正2","110/08/31","台中銀-豐原",5,265,-260
"6811","8941關中","110/08/31","元大-金華",3,0,3
"6812","8941關中","110/08/31","臺銀-新竹",0,3,-3
"6813","8941關中","110/08/31","永豐金-三重",3,0,3
"6814","8941關中","110/08/31","富邦-仁愛",0,2,-2
"6815","8941關中","110/08/31","國泰-新莊",2,0,2
"6816","8941關中","110/08/31","統一-彰化",0,1,-1
"6817","8941關中","110/08/31","富邦-左營",0,0,0
"6818","8941關中","110/08/31","凱基-台北",0,1,-1
"6819","8941關中","110/08/31","元大-桃興",1,1,0
"6820","8941關中","110/08/31","元大-路竹",0,1,-1
"6821","8941關中","110/08/31","永豐金-南投",0,0,0
"6822","8941關中","110/08/31","富邦-左營",0,0,0
"6823","8941關中","110/08/31","",NA,NA,NA
"6824","8941關中","110/08/31","元大-桃興",1,1,0
"6825","8941關中","110/08/31","",NA,NA,NA
"6826","8941關中","110/08/31","永豐金-南投",0,0,0
"6827","8941關中","110/08/31","",NA,NA,NA
"6828","8941關中","110/08/31","",NA,NA,NA
"6829","8941關中","110/08/31","",NA,NA,NA
"6830","8941關中","110/08/31","",NA,NA,NA
"6831","8941關中","110/08/31","",NA,NA,NA
"6832","8941關中","110/08/31","",NA,NA,NA
"6833","8941關中","110/08/31","",NA,NA,NA
"6834","8941關中","110/08/31","",NA,NA,NA
"6835","8941關中","110/08/31","",NA,NA,NA
"6836","8941關中","110/08/31","",NA,NA,NA
"6837","8941關中","110/08/31","",NA,NA,NA
"6838","8941關中","110/08/31","",NA,NA,NA
"6839","8941關中","110/08/31","",NA,NA,NA
"6840","8941關中","110/08/31","",NA,NA,NA
"6841","8936國統","110/08/31","摩根大通",222,7,215
"6842","8936國統","110/08/31","永豐金-高雄",0,100,-100
"6843","8936國統","110/08/31","台灣摩根士丹利",152,0,152
"6844","8936國統","110/08/31","台新-高雄",75,147,-72
"6845","8936國統","110/08/31","美商高盛",153,3,150
"6846","8936國統","110/08/31","統一-金門",0,45,-45
"6847","8936國統","110/08/31","華南永昌-高雄",142,12,130
"6848","8936國統","110/08/31","凱基-信義",1,30,-29
"6849","8936國統","110/08/31","新加坡商瑞銀",83,9,74
"6850","8936國統","110/08/31","新光-高雄",6,33,-27
"6851","8936國統","110/08/31","港商野村",62,4,58
"6852","8936國統","110/08/31","元大-天母",2,26,-24
"6853","8936國統","110/08/31","永豐金-彰化",50,20,30
"6854","8936國統","110/08/31","元大-博愛",1,23,-22
"6855","8936國統","110/08/31","元富-敦南",19,0,19
"6856","8936國統","110/08/31","元大-員林",0,20,-20
"6857","8936國統","110/08/31","凱基-台北",90,71,19
"6858","8936國統","110/08/31","元大-佳里",0,19,-19
"6859","8936國統","110/08/31","富邦-員林",20,4,16
"6860","8936國統","110/08/31","國泰-高雄",0,18,-18
"6861","8936國統","110/08/31","日盛-豐原",15,0,15
"6862","8936國統","110/08/31","國泰-敦南",6,23,-17
"6863","8936國統","110/08/31","瑞士信貸",15,0,15
"6864","8936國統","110/08/31","富邦-羅東",0,16,-16
"6865","8936國統","110/08/31","第一金-華江",15,0,15
"6866","8936國統","110/08/31","凱基-員林",0,15,-15
"6867","8936國統","110/08/31","美林",15,1,14
"6868","8936國統","110/08/31","新光-桃園",0,12,-12
"6869","8936國統","110/08/31","玉山-高雄",16,3,13
"6870","8936國統","110/08/31","台新-左楠",0,11,-11
"6871","6226光鼎","110/08/31","美商高盛",617,39,578
"6872","6226光鼎","110/08/31","國泰-敦南",37,130,-93
"6873","6226光鼎","110/08/31","港商野村",256,59,197
"6874","6226光鼎","110/08/31","元大-員林中山",5,81,-76
"6875","6226光鼎","110/08/31","美林",201,59,142
"6876","6226光鼎","110/08/31","宏遠-光隆",0,65,-65
"6877","6226光鼎","110/08/31","摩根大通",166,78,88
"6878","6226光鼎","110/08/31","新光",21,75,-54
"6879","6226光鼎","110/08/31","群益金鼎-鳳山",91,3,88
"6880","6226光鼎","110/08/31","永全-南崁",0,40,-40
"6881","6226光鼎","110/08/31","亞東-高雄",60,0,60
"6882","6226光鼎","110/08/31","群益金鼎-忠孝",3,40,-37
"6883","6226光鼎","110/08/31","新加坡商瑞銀",44,4,40
"6884","6226光鼎","110/08/31","台新證券",11,47,-36
"6885","6226光鼎","110/08/31","凱基-台北",45,15,30
"6886","6226光鼎","110/08/31","凱基-中山",0,36,-36
"6887","6226光鼎","110/08/31","元大-新竹經國",31,1,30
"6888","6226光鼎","110/08/31","元大-大灣",0,34,-34
"6889","6226光鼎","110/08/31","兆豐-松德",27,0,27
"6890","6226光鼎","110/08/31","元大-東泰",0,33,-33
"6891","6226光鼎","110/08/31","日盛-員林",29,3,26
"6892","6226光鼎","110/08/31","日盛-八德",11,42,-31
"6893","6226光鼎","110/08/31","元大-小港",29,3,26
"6894","6226光鼎","110/08/31","元富-城中",0,30,-30
"6895","6226光鼎","110/08/31","新光-台中",25,4,21
"6896","6226光鼎","110/08/31","永豐金-台中",3,33,-30
"6897","6226光鼎","110/08/31","群益金鼎-土城",20,0,20
"6898","6226光鼎","110/08/31","群益金鼎-中壢",1,27,-26
"6899","6226光鼎","110/08/31","華南永昌-台中",30,10,20
"6900","6226光鼎","110/08/31","元大-北港",0,26,-26
"6901","2363矽統","110/08/31","康和-台中",674,11,663
"6902","2363矽統","110/08/31","瑞士信貸",0,1792,-1792
"6903","2363矽統","110/08/31","台灣摩根士丹利",210,10,200
"6904","2363矽統","110/08/31","凱基-台北",886,1639,-753
"6905","2363矽統","110/08/31","國泰-敦南",360,168,192
"6906","2363矽統","110/08/31","第一金-桃園",22,620,-598
"6907","2363矽統","110/08/31","元大-前金",267,89,178
"6908","2363矽統","110/08/31","港商野村",242,834,-592
"6909","2363矽統","110/08/31","元大-大統",166,14,152
"6910","2363矽統","110/08/31","凱基-站前",85,565,-480
"6911","2363矽統","110/08/31","日盛-中和",139,8,131
"6912","2363矽統","110/08/31","國票-南港",2,409,-407
"6913","2363矽統","110/08/31","陽信-石牌",141,18,123
"6914","2363矽統","110/08/31","元大-承德",5,402,-397
"6915","2363矽統","110/08/31","第一金-新竹",399,286,113
"6916","2363矽統","110/08/31","台新-新莊",15,308,-293
"6917","2363矽統","110/08/31","國票-博愛",111,3,108
"6918","2363矽統","110/08/31","兆豐-公益",9,223,-214
"6919","2363矽統","110/08/31","元大-士林",119,12,107
"6920","2363矽統","110/08/31","第一金-豐原",40,211,-171
"6921","2363矽統","110/08/31","永豐金-敦南",125,22,103
"6922","2363矽統","110/08/31","永豐金-台中",8,171,-163
"6923","2363矽統","110/08/31","永豐金-中壢",103,0,103
"6924","2363矽統","110/08/31","元大-南勢角",8,135,-127
"6925","2363矽統","110/08/31","彰銀-台中",101,1,100
"6926","2363矽統","110/08/31","群益金鼎",8,126,-118
"6927","2363矽統","110/08/31","台新-台中",113,28,85
"6928","2363矽統","110/08/31","富邦-嘉義",91,209,-118
"6929","2363矽統","110/08/31","臺銀-臺南",94,11,83
"6930","2363矽統","110/08/31","美商高盛",90,206,-116
"6931","8112至上","110/08/31","香港上海匯豐",442,37,405
"6932","8112至上","110/08/31","第一金-頭份",2,99,-97
"6933","8112至上","110/08/31","美林",91,8,83
"6934","8112至上","110/08/31","富邦-仁愛",1,73,-72
"6935","8112至上","110/08/31","凱基-內埔",45,0,45
"6936","8112至上","110/08/31","臺灣企銀-桃園",0,70,-70
"6937","8112至上","110/08/31","國票-南京",40,0,40
"6938","8112至上","110/08/31","法銀巴黎",0,49,-49
"6939","8112至上","110/08/31","元大-士林",42,2,40
"6940","8112至上","110/08/31","元大-仁愛",1,50,-49
"6941","8112至上","110/08/31","瑞士信貸",38,0,38
"6942","8112至上","110/08/31","大昌-桃園",0,40,-40
"6943","8112至上","110/08/31","元大-楊梅",30,0,30
"6944","8112至上","110/08/31","花旗環球",0,30,-30
"6945","8112至上","110/08/31","(牛牛牛)亞-鑫豐",23,0,23
"6946","8112至上","110/08/31","群益金鼎-瑞豐",0,30,-30
"6947","8112至上","110/08/31","富邦-虎尾",24,1,23
"6948","8112至上","110/08/31","日盛-雙和",9,37,-28
"6949","8112至上","110/08/31","群益金鼎-東門",21,0,21
"6950","8112至上","110/08/31","國泰-板橋",0,28,-28
"6951","8112至上","110/08/31","元大-永和",21,0,21
"6952","8112至上","110/08/31","台灣摩根士丹利",24,47,-23
"6953","8112至上","110/08/31","元大-新盛",20,0,20
"6954","8112至上","110/08/31","富邦-南屯",0,20,-20
"6955","8112至上","110/08/31","凱基-士林",19,0,19
"6956","8112至上","110/08/31","元大-小港",0,20,-20
"6957","8112至上","110/08/31","永豐金-竹科",18,0,18
"6958","8112至上","110/08/31","玉山-士林",1,20,-19
"6959","8112至上","110/08/31","凱基-松山",20,4,16
"6960","8112至上","110/08/31","群益金鼎-基隆",2,21,-19
"6961","1570力肯","110/08/31","香港上海匯豐",53,0,53
"6962","1570力肯","110/08/31","元大-板橋",11,60,-49
"6963","1570力肯","110/08/31","凱基-市政",30,1,29
"6964","1570力肯","110/08/31","群益金鼎-北高雄",0,27,-27
"6965","1570力肯","110/08/31","第一金-嘉義",20,0,20
"6966","1570力肯","110/08/31","元富-世貿",0,20,-20
"6967","1570力肯","110/08/31","台新-台南",20,0,20
"6968","1570力肯","110/08/31","永豐金-中壢",0,19,-19
"6969","1570力肯","110/08/31","宏遠-光隆",20,1,19
"6970","1570力肯","110/08/31","兆豐-員林",0,17,-17
"6971","1570力肯","110/08/31","康和-高雄",18,0,18
"6972","1570力肯","110/08/31","摩根大通",0,16,-16
"6973","1570力肯","110/08/31","日茂-南投",17,0,17
"6974","1570力肯","110/08/31","凱基-台北",20,35,-15
"6975","1570力肯","110/08/31","台新-台中",17,1,16
"6976","1570力肯","110/08/31","元大-竹南",1,16,-15
"6977","1570力肯","110/08/31","兆豐-天母",15,0,15
"6978","1570力肯","110/08/31","新光",8,22,-14
"6979","1570力肯","110/08/31","元大-鳳中",18,4,14
"6980","1570力肯","110/08/31","(牛牛牛)亞-鑫豐",11,23,-12
"6981","1570力肯","110/08/31","合庫-嘉義",10,0,10
"6982","1570力肯","110/08/31","臺銀-臺南",0,11,-11
"6983","1570力肯","110/08/31","日盛-員林",10,0,10
"6984","1570力肯","110/08/31","日盛-八德",0,11,-11
"6985","1570力肯","110/08/31","元富-草屯",10,0,10
"6986","1570力肯","110/08/31","富邦-北港",0,11,-11
"6987","1570力肯","110/08/31","國票-九鼎",10,0,10
"6988","1570力肯","110/08/31","日茂",0,10,-10
"6989","1570力肯","110/08/31","國泰-台中",10,0,10
"6990","1570力肯","110/08/31","凱基-東勢",0,10,-10
"6991","2929淘帝","110/08/31","美林",47,2,45
"6992","2929淘帝","110/08/31","元富-敦南",0,121,-121
"6993","2929淘帝","110/08/31","兆豐-大同",37,0,37
"6994","2929淘帝","110/08/31","元富-彰化",0,20,-20
"6995","2929淘帝","110/08/31","摩根大通",27,0,27
"6996","2929淘帝","110/08/31","新加坡商瑞銀",0,15,-15
"6997","2929淘帝","110/08/31","港商野村",52,31,21
"6998","2929淘帝","110/08/31","元大-豐原站前",0,10,-10
"6999","2929淘帝","110/08/31","大昌",10,0,10
"7000","2929淘帝","110/08/31","台新證券",0,5,-5
"7001","2929淘帝","110/08/31","港商法國興業",8,0,8
"7002","2929淘帝","110/08/31","華南永昌-台中",0,5,-5
"7003","2929淘帝","110/08/31","瑞士信貸",6,0,6
"7004","2929淘帝","110/08/31","元大-士林",0,4,-4
"7005","2929淘帝","110/08/31","元大-大雅",6,0,6
"7006","2929淘帝","110/08/31","光和-嘉義",0,3,-3
"7007","2929淘帝","110/08/31","第一金-忠孝",5,0,5
"7008","2929淘帝","110/08/31","臺銀-金山",0,2,-2
"7009","2929淘帝","110/08/31","凱基-東門",5,0,5
"7010","2929淘帝","110/08/31","日盛-雙和",0,2,-2
"7011","2929淘帝","110/08/31","凱基-台北",7,2,5
"7012","2929淘帝","110/08/31","元富-三重",0,2,-2
"7013","2929淘帝","110/08/31","永豐金-板橋",5,0,5
"7014","2929淘帝","110/08/31","元富-中原",0,2,-2
"7015","2929淘帝","110/08/31","元富-新竹",4,0,4
"7016","2929淘帝","110/08/31","(牛牛牛)亞-鑫豐",0,2,-2
"7017","2929淘帝","110/08/31","玉山-士林",4,0,4
"7018","2929淘帝","110/08/31","中國信託",0,2,-2
"7019","2929淘帝","110/08/31","兆豐-桃鶯",3,0,3
"7020","2929淘帝","110/08/31","大昌-新竹",0,2,-2
"7021","5410國眾","110/08/31","永豐金-內湖",20,0,20
"7022","5410國眾","110/08/31","群益金鼎-民權",0,28,-28
"7023","5410國眾","110/08/31","臺銀-臺南",4,0,4
"7024","5410國眾","110/08/31","元大-板橋",0,4,-4
"7025","5410國眾","110/08/31","國泰-台中",4,0,4
"7026","5410國眾","110/08/31","寶盛",0,3,-3
"7027","5410國眾","110/08/31","中國信託-高雄",3,0,3
"7028","5410國眾","110/08/31","兆豐-北高雄",0,3,-3
"7029","5410國眾","110/08/31","台新證券",3,0,3
"7030","5410國眾","110/08/31","國票-和平",0,3,-3
"7031","5410國眾","110/08/31","元大-中壢",3,0,3
"7032","5410國眾","110/08/31","新光",0,3,-3
"7033","5410國眾","110/08/31","新光-台中",2,0,2
"7034","5410國眾","110/08/31","凱基-桃園",0,3,-3
"7035","5410國眾","110/08/31","凱基-科園",2,0,2
"7036","5410國眾","110/08/31","凱基-台南",0,3,-3
"7037","5410國眾","110/08/31","凱基-永康",2,0,2
"7038","5410國眾","110/08/31","富邦-嘉義",0,2,-2
"7039","5410國眾","110/08/31","凱基-興隆",2,0,2
"7040","5410國眾","110/08/31","元大-斗六",0,2,-2
"7041","5410國眾","110/08/31","元大-長庚",2,0,2
"7042","5410國眾","110/08/31","元大-土城學府",0,2,-2
"7043","5410國眾","110/08/31","臺銀-臺中",1,0,1
"7044","5410國眾","110/08/31","永豐金-埔里",0,2,-2
"7045","5410國眾","110/08/31","元富-埔里",1,0,1
"7046","5410國眾","110/08/31","國泰-敦南",0,1,-1
"7047","5410國眾","110/08/31","元富-西松",1,0,1
"7048","5410國眾","110/08/31","群益金鼎-中壢",0,1,-1
"7049","5410國眾","110/08/31","中國信託-永康",1,0,1
"7050","5410國眾","110/08/31","富邦-新店",0,1,-1
"7051","2841台開","110/08/31","宏遠-館前",150,0,150
"7052","2841台開","110/08/31","港商野村",0,171,-171
"7053","2841台開","110/08/31","永豐金-敦南",62,28,34
"7054","2841台開","110/08/31","元大-台中中港",0,39,-39
"7055","2841台開","110/08/31","日盛證券",21,8,13
"7056","2841台開","110/08/31","統一-士林",5,25,-20
"7057","2841台開","110/08/31","大慶-蘆洲",10,0,10
"7058","2841台開","110/08/31","永豐金-復興",0,11,-11
"7059","2841台開","110/08/31","元大-善化",10,0,10
"7060","2841台開","110/08/31","元富-嘉義",0,10,-10
"7061","2841台開","110/08/31","元大-新莊",10,0,10
"7062","2841台開","110/08/31","全泰證券",0,10,-10
"7063","2841台開","110/08/31","大昌-安康",15,6,9
"7064","2841台開","110/08/31","群益金鼎-彰化",0,10,-10
"7065","2841台開","110/08/31","元大-南屯",8,0,8
"7066","2841台開","110/08/31","元大-豐原",0,10,-10
"7067","2841台開","110/08/31","元大-台南",8,0,8
"7068","2841台開","110/08/31","台新證券",0,8,-8
"7069","2841台開","110/08/31","第一金-台南",6,0,6
"7070","2841台開","110/08/31","群益金鼎-丹鳳",0,6,-6
"7071","2841台開","110/08/31","第一金-自由",6,0,6
"7072","2841台開","110/08/31","凱基-鳳山",0,6,-6
"7073","2841台開","110/08/31","台新-台中",6,0,6
"7074","2841台開","110/08/31","元大-大里德芳",0,6,-6
"7075","2841台開","110/08/31","凱基-興隆",6,0,6
"7076","2841台開","110/08/31","日盛-屏東",0,5,-5
"7077","2841台開","110/08/31","元大-屏南",6,0,6
"7078","2841台開","110/08/31","台中銀",0,5,-5
"7079","2841台開","110/08/31","凱基-東港",5,0,5
"7080","2841台開","110/08/31","元大-景美",0,5,-5
"7081","6207雷科","110/08/31","元大-高雄",51,0,51
"7082","6207雷科","110/08/31","(牛牛牛)亞-鑫豐",0,67,-67
"7083","6207雷科","110/08/31","元大-大統",18,0,18
"7084","6207雷科","110/08/31","華南永昌-林口",0,13,-13
"7085","6207雷科","110/08/31","日盛-桃園",15,0,15
"7086","6207雷科","110/08/31","國票-台中",0,12,-12
"7087","6207雷科","110/08/31","群益金鼎-瑞豐",15,1,14
"7088","6207雷科","110/08/31","中國信託-新竹",0,10,-10
"7089","6207雷科","110/08/31","摩根大通",18,5,13
"7090","6207雷科","110/08/31","元大-府城",0,10,-10
"7091","6207雷科","110/08/31","永豐金-高雄",11,0,11
"7092","6207雷科","110/08/31","元大-敦南",0,10,-10
"7093","6207雷科","110/08/31","群益金鼎-新竹",8,0,8
"7094","6207雷科","110/08/31","日盛-台南",0,7,-7
"7095","6207雷科","110/08/31","凱基-中山",6,1,5
"7096","6207雷科","110/08/31","統一-屏東",0,7,-7
"7097","6207雷科","110/08/31","華南永昌-古亭",5,0,5
"7098","6207雷科","110/08/31","元富-中港",0,7,-7
"7099","6207雷科","110/08/31","元大-鳳山",7,2,5
"7100","6207雷科","110/08/31","兆豐-嘉義",0,6,-6
"7101","6207雷科","110/08/31","永豐金-北高雄",5,0,5
"7102","6207雷科","110/08/31","元富-三重",0,5,-5
"7103","6207雷科","110/08/31","富邦-桃園",4,0,4
"7104","6207雷科","110/08/31","元富-新興",0,5,-5
"7105","6207雷科","110/08/31","日盛證券",3,0,3
"7106","6207雷科","110/08/31","日盛-高雄",0,4,-4
"7107","6207雷科","110/08/31","日盛-龍潭",3,0,3
"7108","6207雷科","110/08/31","兆豐-三民",1,5,-4
"7109","6207雷科","110/08/31","富邦-中壢",3,0,3
"7110","6207雷科","110/08/31","合庫-自強",0,3,-3
"7111","3679新至陞","110/08/31","凱基-中山",6,0,6
"7112","3679新至陞","110/08/31","土銀-建國",0,17,-17
"7113","3679新至陞","110/08/31","(牛牛牛)亞-網路",5,0,5
"7114","3679新至陞","110/08/31","凱基-竹科",0,11,-11
"7115","3679新至陞","110/08/31","台中銀-員林",4,0,4
"7116","3679新至陞","110/08/31","摩根大通",1,6,-5
"7117","3679新至陞","110/08/31","國泰-松江",3,0,3
"7118","3679新至陞","110/08/31","玉山-台大",0,4,-4
"7119","3679新至陞","110/08/31","永豐金-南投",3,0,3
"7120","3679新至陞","110/08/31","瑞士信貸",0,2,-2
"7121","3679新至陞","110/08/31","康和-台中",2,0,2
"7122","3679新至陞","110/08/31","國泰-敦南",0,2,-2
"7123","3679新至陞","110/08/31","玉山-高雄",2,0,2
"7124","3679新至陞","110/08/31","永豐金-內湖",0,2,-2
"7125","3679新至陞","110/08/31","元大-新莊",2,0,2
"7126","3679新至陞","110/08/31","台灣摩根士丹利",0,1,-1
"7127","3679新至陞","110/08/31","土銀-台中",1,0,1
"7128","3679新至陞","110/08/31","中國信託",0,1,-1
"7129","3679新至陞","110/08/31","臺銀",1,0,1
"7130","3679新至陞","110/08/31","凱基-新店",0,1,-1
"7131","3679新至陞","110/08/31","臺銀-高雄",1,0,1
"7132","3679新至陞","110/08/31","元大-南海",0,1,-1
"7133","3679新至陞","110/08/31","亞東",1,0,1
"7134","3679新至陞","110/08/31","元大-木柵",0,1,-1
"7135","3679新至陞","110/08/31","統一-敦南",1,0,1
"7136","3679新至陞","110/08/31","元大-東港",0,1,-1
"7137","3679新至陞","110/08/31","大昌-桃園",1,0,1
"7138","3679新至陞","110/08/31","永豐金-敦南",0,1,-1
"7139","3679新至陞","110/08/31","元大-大里",1,0,1
"7140","3679新至陞","110/08/31","元大證券",1,1,0
"7141","2727王品","110/08/31","台灣摩根士丹利",84,8,76
"7142","2727王品","110/08/31","花旗環球",0,30,-30
"7143","2727王品","110/08/31","瑞士信貸",50,6,44
"7144","2727王品","110/08/31","凱基-信義",0,18,-18
"7145","2727王品","110/08/31","華南永昌-鳳山",15,0,15
"7146","2727王品","110/08/31","港商野村",6,22,-16
"7147","2727王品","110/08/31","合庫-新竹",10,1,9
"7148","2727王品","110/08/31","永豐金-苓雅",0,15,-15
"7149","2727王品","110/08/31","合庫-台中",7,0,7
"7150","2727王品","110/08/31","富邦-羅東",0,11,-11
"7151","2727王品","110/08/31","台新證券",14,7,7
"7152","2727王品","110/08/31","中國信託",1,10,-9
"7153","2727王品","110/08/31","安泰",5,0,5
"7154","2727王品","110/08/31","國泰證券",0,9,-9
"7155","2727王品","110/08/31","新光",5,0,5
"7156","2727王品","110/08/31","日盛-中壢",0,7,-7
"7157","2727王品","110/08/31","日盛-屏東",4,0,4
"7158","2727王品","110/08/31","(牛牛牛)亞-鑫豐",1,8,-7
"7159","2727王品","110/08/31","摩根大通",16,12,4
"7160","2727王品","110/08/31","新光-台南",0,7,-7
"7161","2727王品","110/08/31","兆豐-岡山",3,0,3
"7162","2727王品","110/08/31","凱基-市政",5,12,-7
"7163","2727王品","110/08/31","國泰-板橋",5,2,3
"7164","2727王品","110/08/31","統一",1,7,-6
"7165","2727王品","110/08/31","元大-彰化民生",3,0,3
"7166","2727王品","110/08/31","彰銀-七賢",1,6,-5
"7167","2727王品","110/08/31","元大-內湖",5,2,3
"7168","2727王品","110/08/31","彰銀-台中",0,5,-5
"7169","2727王品","110/08/31","永豐金-台中",4,1,3
"7170","2727王品","110/08/31","元大-中壢",0,5,-5
"7171","1570力肯","110/08/31","香港上海匯豐",53,0,53
"7172","1570力肯","110/08/31","元大-板橋",11,60,-49
"7173","1570力肯","110/08/31","凱基-市政",30,1,29
"7174","1570力肯","110/08/31","群益金鼎-北高雄",0,27,-27
"7175","1570力肯","110/08/31","第一金-嘉義",20,0,20
"7176","1570力肯","110/08/31","元富-世貿",0,20,-20
"7177","1570力肯","110/08/31","台新-台南",20,0,20
"7178","1570力肯","110/08/31","永豐金-中壢",0,19,-19
"7179","1570力肯","110/08/31","宏遠-光隆",20,1,19
"7180","1570力肯","110/08/31","兆豐-員林",0,17,-17
"7181","1570力肯","110/08/31","康和-高雄",18,0,18
"7182","1570力肯","110/08/31","摩根大通",0,16,-16
"7183","1570力肯","110/08/31","日茂-南投",17,0,17
"7184","1570力肯","110/08/31","凱基-台北",20,35,-15
"7185","1570力肯","110/08/31","台新-台中",17,1,16
"7186","1570力肯","110/08/31","元大-竹南",1,16,-15
"7187","1570力肯","110/08/31","兆豐-天母",15,0,15
"7188","1570力肯","110/08/31","新光",8,22,-14
"7189","1570力肯","110/08/31","元大-鳳中",18,4,14
"7190","1570力肯","110/08/31","(牛牛牛)亞-鑫豐",11,23,-12
"7191","1570力肯","110/08/31","合庫-嘉義",10,0,10
"7192","1570力肯","110/08/31","臺銀-臺南",0,11,-11
"7193","1570力肯","110/08/31","日盛-員林",10,0,10
"7194","1570力肯","110/08/31","日盛-八德",0,11,-11
"7195","1570力肯","110/08/31","元富-草屯",10,0,10
"7196","1570力肯","110/08/31","富邦-北港",0,11,-11
"7197","1570力肯","110/08/31","國票-九鼎",10,0,10
"7198","1570力肯","110/08/31","日茂",0,10,-10
"7199","1570力肯","110/08/31","國泰-台中",10,0,10
"7200","1570力肯","110/08/31","凱基-東勢",0,10,-10
"7201","6180橘子","110/08/31","美林",80,0,80
"7202","6180橘子","110/08/31","凱基-嘉義",0,75,-75
"7203","6180橘子","110/08/31","凱基-台北",71,6,65
"7204","6180橘子","110/08/31","兆豐證券",0,42,-42
"7205","6180橘子","110/08/31","高橋",17,1,16
"7206","6180橘子","110/08/31","玉山-新莊",0,40,-40
"7207","6180橘子","110/08/31","台灣摩根士丹利",28,13,15
"7208","6180橘子","110/08/31","兆豐-三民",0,20,-20
"7209","6180橘子","110/08/31","美商高盛",24,10,14
"7210","6180橘子","110/08/31","富邦-南屯",2,13,-11
"7211","6180橘子","110/08/31","合庫-自強",10,0,10
"7212","6180橘子","110/08/31","元富-埔里",0,10,-10
"7213","6180橘子","110/08/31","新光-桃園",8,0,8
"7214","6180橘子","110/08/31","玉山-高雄",0,10,-10
"7215","6180橘子","110/08/31","摩根大通",24,17,7
"7216","6180橘子","110/08/31","富邦-竹東",0,10,-10
"7217","6180橘子","110/08/31","華南永昌-朴子",6,0,6
"7218","6180橘子","110/08/31","富邦-陽明",0,9,-9
"7219","6180橘子","110/08/31","國泰-台中",5,0,5
"7220","6180橘子","110/08/31","華南永昌-古亭",3,11,-8
"7221","6180橘子","110/08/31","凱基-東門",5,0,5
"7222","6180橘子","110/08/31","元大-發財",0,8,-8
"7223","6180橘子","110/08/31","凱基-永華",5,0,5
"7224","6180橘子","110/08/31","新光-台中",0,7,-7
"7225","6180橘子","110/08/31","元大證券",5,0,5
"7226","6180橘子","110/08/31","群益金鼎-新店",0,7,-7
"7227","6180橘子","110/08/31","聯邦-嘉義",4,0,4
"7228","6180橘子","110/08/31","永豐金-桃園",0,6,-6
"7229","6180橘子","110/08/31","元大-南屯",4,0,4
"7230","6180橘子","110/08/31","凱基-和平",0,5,-5
"7231","2390云辰","110/08/31","新光-台中",98,11,87
"7232","2390云辰","110/08/31","群益金鼎-敦南",2,56,-54
"7233","2390云辰","110/08/31","兆豐-公益",70,0,70
"7234","2390云辰","110/08/31","日盛-新莊",0,50,-50
"7235","2390云辰","110/08/31","凱基-竹北",67,0,67
"7236","2390云辰","110/08/31","永豐金-竹科",0,50,-50
"7237","2390云辰","110/08/31","華南永昌-麻豆",50,6,44
"7238","2390云辰","110/08/31","港商野村",50,99,-49
"7239","2390云辰","110/08/31","凱基-台北",61,23,38
"7240","2390云辰","110/08/31","兆豐-三民",0,35,-35
"7241","2390云辰","110/08/31","統一",41,5,36
"7242","2390云辰","110/08/31","高橋",1,33,-32
"7243","2390云辰","110/08/31","統一-新營",39,7,32
"7244","2390云辰","110/08/31","統一-屏東",0,30,-30
"7245","2390云辰","110/08/31","富邦-苗栗",22,0,22
"7246","2390云辰","110/08/31","台新-台南",0,25,-25
"7247","2390云辰","110/08/31","第一金-安和",20,0,20
"7248","2390云辰","110/08/31","元大-彰化",0,21,-21
"7249","2390云辰","110/08/31","富邦-羅東",26,6,20
"7250","2390云辰","110/08/31","臺銀-高雄",0,20,-20
"7251","2390云辰","110/08/31","統一-彰化",20,2,18
"7252","2390云辰","110/08/31","凱基-台中",0,20,-20
"7253","2390云辰","110/08/31","華南永昌-內壢",16,0,16
"7254","2390云辰","110/08/31","元大-南屯",6,25,-19
"7255","2390云辰","110/08/31","兆豐-台中",15,0,15
"7256","2390云辰","110/08/31","國泰-敦南",19,37,-18
"7257","2390云辰","110/08/31","元大-中壢",18,3,15
"7258","2390云辰","110/08/31","元大-土城學府",61,78,-17
"7259","2390云辰","110/08/31","台新-中壢",20,7,13
"7260","2390云辰","110/08/31","元大-雙和",4,20,-16
"7261","2834臺企銀","110/08/30","凱基-台北",5495,473,5022
"7262","2834臺企銀","110/08/30","新加坡商瑞銀",2178,10258,-8080
"7263","2834臺企銀","110/08/30","台灣摩根士丹利",4649,0,4649
"7264","2834臺企銀","110/08/30","美商高盛",1692,8522,-6830
"7265","2834臺企銀","110/08/30","美林",4408,656,3752
"7266","2834臺企銀","110/08/30","花旗環球",821,3248,-2427
"7267","2834臺企銀","110/08/30","瑞士信貸",5025,2357,2668
"7268","2834臺企銀","110/08/30","(牛牛牛)亞-鑫豐",66,1298,-1232
"7269","2834臺企銀","110/08/30","元富-虎尾",1361,1,1360
"7270","2834臺企銀","110/08/30","元富-城中",100,1008,-908
"7271","2834臺企銀","110/08/30","元大-草屯",681,126,555
"7272","2834臺企銀","110/08/30","台新-台中",50,668,-618
"7273","2834臺企銀","110/08/30","群益金鼎-彰化",527,0,527
"7274","2834臺企銀","110/08/30","第一金-嘉義",1,590,-589
"7275","2834臺企銀","110/08/30","華南永昌-東昇",500,5,495
"7276","2834臺企銀","110/08/30","中國信託-忠孝",6,550,-544
"7277","2834臺企銀","110/08/30","日盛-竹北",450,0,450
"7278","2834臺企銀","110/08/30","華南永昌-朴子",59,600,-541
"7279","2834臺企銀","110/08/30","華南永昌-虎尾",447,2,445
"7280","2834臺企銀","110/08/30","統一-板橋",154,644,-490
"7281","2834臺企銀","110/08/30","富邦-虎尾",409,5,404
"7282","2834臺企銀","110/08/30","台新-中壢",10,454,-444
"7283","2834臺企銀","110/08/30","元富-嘉義",410,7,403
"7284","2834臺企銀","110/08/30","永豐金證券",14,447,-433
"7285","2834臺企銀","110/08/30","富邦-板橋",427,31,396
"7286","2834臺企銀","110/08/30","元大-大里",14,445,-431
"7287","2834臺企銀","110/08/30","法銀巴黎",434,51,383
"7288","2834臺企銀","110/08/30","永豐金-萬盛",22,449,-427
"7289","2834臺企銀","110/08/30","元大-南海",345,11,334
"7290","2834臺企銀","110/08/30","元大-北投",12,435,-423
"7291","5511德昌","110/08/30","永豐金-市政",94,0,94
"7292","5511德昌","110/08/30","兆豐-台中港",0,50,-50
"7293","5511德昌","110/08/30","華南永昌-忠孝",14,0,14
"7294","5511德昌","110/08/30","致和-崇德",0,10,-10
"7295","5511德昌","110/08/30","元大-北屯",8,0,8
"7296","5511德昌","110/08/30","凱基-新豐",0,8,-8
"7297","5511德昌","110/08/30","永豐金-敦北",8,0,8
"7298","5511德昌","110/08/30","大昌-桃園",0,7,-7
"7299","5511德昌","110/08/30","第一金-台中",4,0,4
"7300","5511德昌","110/08/30","元大-大雅",0,7,-7
"7301","5511德昌","110/08/30","元大-斗信",3,0,3
"7302","5511德昌","110/08/30","富邦-虎尾",0,6,-6
"7303","5511德昌","110/08/30","凱基-台北",3,1,2
"7304","5511德昌","110/08/30","兆豐-北高雄",0,5,-5
"7305","5511德昌","110/08/30","富邦-台北",1,0,1
"7306","5511德昌","110/08/30","元大-鹿港",0,5,-5
"7307","5511德昌","110/08/30","康和-板橋",0,0,0
"7308","5511德昌","110/08/30","華南永昌-世貿",0,5,-5
"7309","5511德昌","110/08/30","康和-南崁",0,0,0
"7310","5511德昌","110/08/30","兆豐-大安",0,4,-4
"7311","5511德昌","110/08/30","新光-台南",0,0,0
"7312","5511德昌","110/08/30","兆豐-來福",0,3,-3
"7313","5511德昌","110/08/30","群益金鼎-鳳山",0,0,0
"7314","5511德昌","110/08/30","國泰-敦南",0,3,-3
"7315","5511德昌","110/08/30","華南永昌-公誠",0,0,0
"7316","5511德昌","110/08/30","玉山-雙和",0,2,-2
"7317","5511德昌","110/08/30","",NA,NA,NA
"7318","5511德昌","110/08/30","玉山-大里",0,2,-2
"7319","5511德昌","110/08/30","",NA,NA,NA
"7320","5511德昌","110/08/30","(牛牛牛)亞-鑫豐",0,2,-2
"7321","2489瑞軒","110/08/30","康和-台中",185,0,185
"7322","2489瑞軒","110/08/30","富邦-仁愛",0,117,-117
"7323","2489瑞軒","110/08/30","瑞士信貸",133,0,133
"7324","2489瑞軒","110/08/30","凱基-五股",0,100,-100
"7325","2489瑞軒","110/08/30","新加坡商瑞銀",77,5,72
"7326","2489瑞軒","110/08/30","康和-石牌",5,100,-95
"7327","2489瑞軒","110/08/30","凱基-台北",78,17,61
"7328","2489瑞軒","110/08/30","日盛-木柵",0,35,-35
"7329","2489瑞軒","110/08/30","美林",66,18,48
"7330","2489瑞軒","110/08/30","第一金-新興",0,30,-30
"7331","2489瑞軒","110/08/30","元富-三重",40,0,40
"7332","2489瑞軒","110/08/30","富邦-新竹",6,32,-26
"7333","2489瑞軒","110/08/30","新光",35,7,28
"7334","2489瑞軒","110/08/30","群益金鼎",0,25,-25
"7335","2489瑞軒","110/08/30","元大-彰化",25,0,25
"7336","2489瑞軒","110/08/30","國泰-敦南",4,27,-23
"7337","2489瑞軒","110/08/30","元大-員林中山",25,0,25
"7338","2489瑞軒","110/08/30","富隆證券",0,20,-20
"7339","2489瑞軒","110/08/30","元大-松江",23,0,23
"7340","2489瑞軒","110/08/30","康和-嘉義",20,40,-20
"7341","2489瑞軒","110/08/30","永豐金-大園",21,0,21
"7342","2489瑞軒","110/08/30","凱基-中港",0,20,-20
"7343","2489瑞軒","110/08/30","大慶-富順",20,0,20
"7344","2489瑞軒","110/08/30","凱基-彰化",0,20,-20
"7345","2489瑞軒","110/08/30","統一-嘉義",20,0,20
"7346","2489瑞軒","110/08/30","元大-東蘆",0,20,-20
"7347","2489瑞軒","110/08/30","元大-汐止",20,0,20
"7348","2489瑞軒","110/08/30","第一金-華江",0,17,-17
"7349","2489瑞軒","110/08/30","元大-樹林",20,0,20
"7350","2489瑞軒","110/08/30","元大-板橋",0,16,-16
"7351","2428興勤","110/08/30","富邦-高雄",31,0,31
"7352","2428興勤","110/08/30","美林",0,26,-26
"7353","2428興勤","110/08/30","元大-南京",16,0,16
"7354","2428興勤","110/08/30","港商野村",2,28,-26
"7355","2428興勤","110/08/30","永興",15,0,15
"7356","2428興勤","110/08/30","台灣摩根士丹利",2,18,-16
"7357","2428興勤","110/08/30","凱基-鳳山",10,0,10
"7358","2428興勤","110/08/30","摩根大通",0,13,-13
"7359","2428興勤","110/08/30","凱基-中山",10,1,9
"7360","2428興勤","110/08/30","元大-八德",0,10,-10
"7361","2428興勤","110/08/30","群益金鼎-屏東",9,1,8
"7362","2428興勤","110/08/30","元大-西門",0,10,-10
"7363","2428興勤","110/08/30","元富-台中",7,1,6
"7364","2428興勤","110/08/30","永豐金證券",1,10,-9
"7365","2428興勤","110/08/30","中國信託",5,0,5
"7366","2428興勤","110/08/30","日盛-竹北",2,10,-8
"7367","2428興勤","110/08/30","兆豐-忠孝",5,0,5
"7368","2428興勤","110/08/30","美商高盛",1,9,-8
"7369","2428興勤","110/08/30","群益金鼎-鳳山",4,0,4
"7370","2428興勤","110/08/30","元大證券",2,9,-7
"7371","2428興勤","110/08/30","元大-敦南",4,0,4
"7372","2428興勤","110/08/30","日盛-中壢",0,6,-6
"7373","2428興勤","110/08/30","永豐金-信義",4,0,4
"7374","2428興勤","110/08/30","統一",0,5,-5
"7375","2428興勤","110/08/30","元富-大昌",3,0,3
"7376","2428興勤","110/08/30","華南永昌",0,4,-4
"7377","2428興勤","110/08/30","(牛牛牛)亞-鑫豐",3,0,3
"7378","2428興勤","110/08/30","元大-大甲",0,3,-3
"7379","2428興勤","110/08/30","富邦-新竹",3,0,3
"7380","2428興勤","110/08/30","日盛-新莊",0,2,-2
"7381","3176基亞","110/08/30","群益金鼎-潭子",31,0,31
"7382","3176基亞","110/08/30","富邦-台北",0,76,-76
"7383","3176基亞","110/08/30","群益金鼎-板橋",20,0,20
"7384","3176基亞","110/08/30","兆豐-三民",0,20,-20
"7385","3176基亞","110/08/30","國泰-敦南",16,1,15
"7386","3176基亞","110/08/30","新加坡商瑞銀",0,13,-13
"7387","3176基亞","110/08/30","永豐金證券",15,0,15
"7388","3176基亞","110/08/30","元富-佳里",0,13,-13
"7389","3176基亞","110/08/30","日盛-桃園",13,0,13
"7390","3176基亞","110/08/30","國泰-板橋",1,14,-13
"7391","3176基亞","110/08/30","國票-北高雄",10,0,10
"7392","3176基亞","110/08/30","元富-桃園",1,12,-11
"7393","3176基亞","110/08/30","華南永昌",10,0,10
"7394","3176基亞","110/08/30","富邦-中壢",0,10,-10
"7395","3176基亞","110/08/30","華南永昌-林口",10,0,10
"7396","3176基亞","110/08/30","富邦-建國",0,10,-10
"7397","3176基亞","110/08/30","富邦-新竹",8,0,8
"7398","3176基亞","110/08/30","元大-楊梅",0,9,-9
"7399","3176基亞","110/08/30","日盛-台南",6,0,6
"7400","3176基亞","110/08/30","臺銀-新竹",0,8,-8
"7401","3176基亞","110/08/30","元富-新店",5,0,5
"7402","3176基亞","110/08/30","玉山-台中",1,8,-7
"7403","3176基亞","110/08/30","兆豐-內湖",5,0,5
"7404","3176基亞","110/08/30","華南永昌-嘉義",0,7,-7
"7405","3176基亞","110/08/30","富邦-花蓮",5,0,5
"7406","3176基亞","110/08/30","元大-南屯",0,7,-7
"7407","3176基亞","110/08/30","元大-豐原",5,0,5
"7408","3176基亞","110/08/30","新光-台南",0,6,-6
"7409","3176基亞","110/08/30","元大-基隆",5,0,5
"7410","3176基亞","110/08/30","元富-大裕",0,5,-5
"7411","2409友達","110/08/30","合庫證券",2480,104,2376
"7412","2409友達","110/08/30","台灣摩根士丹利",1303,13111,-11808
"7413","2409友達","110/08/30","康和",2143,416,1727
"7414","2409友達","110/08/30","美商高盛",946,5209,-4263
"7415","2409友達","110/08/30","瑞士信貸",1713,21,1692
"7416","2409友達","110/08/30","凱基",53,2000,-1947
"7417","2409友達","110/08/30","凱基-員林",1609,4,1605
"7418","2409友達","110/08/30","元富",19,1780,-1761
"7419","2409友達","110/08/30","凱基-東港",1921,570,1351
"7420","2409友達","110/08/30","港商野村",1462,2550,-1088
"7421","2409友達","110/08/30","兆豐證券",1176,17,1159
"7422","2409友達","110/08/30","摩根大通",4521,5376,-855
"7423","2409友達","110/08/30","元大-豐原",1819,949,870
"7424","2409友達","110/08/30","華南永昌-鶯歌",129,957,-828
"7425","2409友達","110/08/30","永豐金證券",1409,547,862
"7426","2409友達","110/08/30","新加坡商瑞銀",185,989,-804
"7427","2409友達","110/08/30","法銀巴黎",837,225,612
"7428","2409友達","110/08/30","中國信託",142,867,-725
"7429","2409友達","110/08/30","大昌-樹林",608,2,606
"7430","2409友達","110/08/30","日盛-永康",209,836,-627
"7431","2409友達","110/08/30","華南永昌-南京",1958,1399,559
"7432","2409友達","110/08/30","玉山-高雄",90,597,-507
"7433","2409友達","110/08/30","群益金鼎",425,9,416
"7434","2409友達","110/08/30","永豐金-板橋",7,482,-475
"7435","2409友達","110/08/30","台灣企銀-北高雄",403,0,403
"7436","2409友達","110/08/30","花旗環球",121,591,-470
"7437","2409友達","110/08/30","台灣匯立證券",546,153,393
"7438","2409友達","110/08/30","元大證券",1282,1608,-326
"7439","2409友達","110/08/30","元富-安南",661,320,341
"7440","2409友達","110/08/30","富邦-中壢",111,354,-243
"7441","1315達新","110/08/30","凱基-中港",17,0,17
"7442","1315達新","110/08/30","香港上海匯豐",0,46,-46
"7443","1315達新","110/08/30","凱基-板橋",15,0,15
"7444","1315達新","110/08/30","元富-板橋",0,21,-21
"7445","1315達新","110/08/30","統一-城中",10,0,10
"7446","1315達新","110/08/30","元大-文心興安",0,19,-19
"7447","1315達新","110/08/30","豐農",9,0,9
"7448","1315達新","110/08/30","台灣企銀-民雄",0,10,-10
"7449","1315達新","110/08/30","美林",17,10,7
"7450","1315達新","110/08/30","群益金鼎-桃園",2,10,-8
"7451","1315達新","110/08/30","美商高盛",9,2,7
"7452","1315達新","110/08/30","元大-四維",0,5,-5
"7453","1315達新","110/08/30","凱基-台北",7,0,7
"7454","1315達新","110/08/30","華南永昌-彰化",0,4,-4
"7455","1315達新","110/08/30","凱基-岡山",6,0,6
"7456","1315達新","110/08/30","台灣企銀-台中",0,3,-3
"7457","1315達新","110/08/30","華南永昌-台中",5,0,5
"7458","1315達新","110/08/30","新光",0,3,-3
"7459","1315達新","110/08/30","富邦-台北",5,0,5
"7460","1315達新","110/08/30","日盛-樹林",0,2,-2
"7461","1315達新","110/08/30","日盛-二林",3,0,3
"7462","1315達新","110/08/30","元大-雙和",0,2,-2
"7463","1315達新","110/08/30","日盛-和美",3,0,3
"7464","1315達新","110/08/30","元大-桃園",0,2,-2
"7465","1315達新","110/08/30","台新證券",3,0,3
"7466","1315達新","110/08/30","永豐金-中盛",0,2,-2
"7467","1315達新","110/08/30","國泰-敦南",4,1,3
"7468","1315達新","110/08/30","合庫-彰化",0,1,-1
"7469","1315達新","110/08/30","台灣摩根士丹利",2,0,2
"7470","1315達新","110/08/30","合庫-鳳山",0,1,-1
"7471","2609陽明","110/08/30","摩根大通",2955,864,2091
"7472","2609陽明","110/08/30","富邦證券",946,2220,-1274
"7473","2609陽明","110/08/30","凱基-台北",2436,1058,1378
"7474","2609陽明","110/08/30","凱基-斗六",1,1007,-1006
"7475","2609陽明","110/08/30","新加坡商瑞銀",771,0,771
"7476","2609陽明","110/08/30","統一-士林",128,996,-868
"7477","2609陽明","110/08/30","兆豐-虎尾",822,67,755
"7478","2609陽明","110/08/30","永豐金-虎尾",774,1318,-544
"7479","2609陽明","110/08/30","華南永昌-竹北",805,178,627
"7480","2609陽明","110/08/30","宏遠證券",344,864,-520
"7481","2609陽明","110/08/30","美林",1702,1259,443
"7482","2609陽明","110/08/30","台灣摩根士丹利",198,638,-440
"7483","2609陽明","110/08/30","元大證券",755,478,277
"7484","2609陽明","110/08/30","元大-內湖",48,467,-419
"7485","2609陽明","110/08/30","兆豐-板橋",382,108,274
"7486","2609陽明","110/08/30","凱基-城中",48,415,-367
"7487","2609陽明","110/08/30","凱基-桃園",394,129,265
"7488","2609陽明","110/08/30","致和-台北",0,360,-360
"7489","2609陽明","110/08/30","美商高盛",399,146,253
"7490","2609陽明","110/08/30","群益金鼎-大安",40,351,-311
"7491","2609陽明","110/08/30","華南永昌-三重",454,213,241
"7492","2609陽明","110/08/30","兆豐-復興",21,324,-303
"7493","2609陽明","110/08/30","兆豐-寶成",281,69,212
"7494","2609陽明","110/08/30","日盛-復興",41,271,-230
"7495","2609陽明","110/08/30","日盛證券",427,228,199
"7496","2609陽明","110/08/30","元大-彰化民生",29,224,-195
"7497","2609陽明","110/08/30","玉山-嘉義",235,39,196
"7498","2609陽明","110/08/30","群益金鼎",284,467,-183
"7499","2609陽明","110/08/30","國票-台中",578,391,187
"7500","2609陽明","110/08/30","統一-三多",24,198,-174
"7501","2636台驊投控","110/08/30","華南永昌-竹北",399,1,398
"7502","2636台驊投控","110/08/30","港商野村",279,397,-118
"7503","2636台驊投控","110/08/30","日盛-台中",232,5,227
"7504","2636台驊投控","110/08/30","摩根大通",72,183,-111
"7505","2636台驊投控","110/08/30","新光-新竹",231,12,219
"7506","2636台驊投控","110/08/30","元富-大昌",14,70,-56
"7507","2636台驊投控","110/08/30","瑞士信貸",227,30,197
"7508","2636台驊投控","110/08/30","元大-北屯",0,51,-51
"7509","2636台驊投控","110/08/30","兆豐-中壢",141,0,141
"7510","2636台驊投控","110/08/30","永豐金-嘉義",1,52,-51
"7511","2636台驊投控","110/08/30","富邦-虎尾",186,86,100
"7512","2636台驊投控","110/08/30","統一-中壢",0,41,-41
"7513","2636台驊投控","110/08/30","台灣摩根士丹利",166,78,88
"7514","2636台驊投控","110/08/30","國泰-敦南",66,97,-31
"7515","2636台驊投控","110/08/30","兆豐-斗南",87,0,87
"7516","2636台驊投控","110/08/30","美商高盛",62,91,-29
"7517","2636台驊投控","110/08/30","元大-南京",50,6,44
"7518","2636台驊投控","110/08/30","新光",30,59,-29
"7519","2636台驊投控","110/08/30","新加坡商瑞銀",69,30,39
"7520","2636台驊投控","110/08/30","新光-台中",6,31,-25
"7521","2636台驊投控","110/08/30","宏遠-館前",39,1,38
"7522","2636台驊投控","110/08/30","台新-三民",0,23,-23
"7523","2636台驊投控","110/08/30","凱基-中山",34,2,32
"7524","2636台驊投控","110/08/30","凱基-台南",10,32,-22
"7525","2636台驊投控","110/08/30","台新-台南",33,4,29
"7526","2636台驊投控","110/08/30","元大-大雅",1,23,-22
"7527","2636台驊投控","110/08/30","凱基-台北",229,200,29
"7528","2636台驊投控","110/08/30","高橋-內壢",1,22,-21
"7529","2636台驊投控","110/08/30","台中銀-台北",27,0,27
"7530","2636台驊投控","110/08/30","康和-高雄",2,23,-21
"7531","2867三商壽","110/08/30","美林",736,19,717
"7532","2867三商壽","110/08/30","元富-佳里",0,541,-541
"7533","2867三商壽","110/08/30","元富-民權",450,0,450
"7534","2867三商壽","110/08/30","永豐金-埔里",2,331,-329
"7535","2867三商壽","110/08/30","華南永昌-大安",352,0,352
"7536","2867三商壽","110/08/30","華南永昌-高雄",1,202,-201
"7537","2867三商壽","110/08/30","元富-新興",304,4,300
"7538","2867三商壽","110/08/30","富邦-桃園",0,135,-135
"7539","2867三商壽","110/08/30","兆豐-北高雄",280,5,275
"7540","2867三商壽","110/08/30","華南永昌-虎尾",0,132,-132
"7541","2867三商壽","110/08/30","摩根大通",257,18,239
"7542","2867三商壽","110/08/30","玉山-台中",2,132,-130
"7543","2867三商壽","110/08/30","新加坡商瑞銀",231,0,231
"7544","2867三商壽","110/08/30","國泰證券",0,120,-120
"7545","2867三商壽","110/08/30","群益金鼎-土城",218,5,213
"7546","2867三商壽","110/08/30","永豐金-中盛",5,123,-118
"7547","2867三商壽","110/08/30","永豐金-豐原",200,0,200
"7548","2867三商壽","110/08/30","元富-潮州",0,115,-115
"7549","2867三商壽","110/08/30","臺銀",190,2,188
"7550","2867三商壽","110/08/30","群益金鼎-東門",0,114,-114
"7551","2867三商壽","110/08/30","國泰-台中",308,148,160
"7552","2867三商壽","110/08/30","台新-台中",0,112,-112
"7553","2867三商壽","110/08/30","富邦-新店",150,0,150
"7554","2867三商壽","110/08/30","國泰-板橋",1,106,-105
"7555","2867三商壽","110/08/30","群益金鼎-北高雄",130,18,112
"7556","2867三商壽","110/08/30","元大-沙鹿",21,111,-90
"7557","2867三商壽","110/08/30","美商高盛",173,68,105
"7558","2867三商壽","110/08/30","新光-台中",90,174,-84
"7559","2867三商壽","110/08/30","聯邦-富強",100,0,100
"7560","2867三商壽","110/08/30","台新-高雄",7,86,-79
"7561","5521工信","110/08/30","摩根大通",397,0,397
"7562","5521工信","110/08/30","康和-高雄",0,200,-200
"7563","5521工信","110/08/30","元富",358,0,358
"7564","5521工信","110/08/30","香港上海匯豐",0,113,-113
"7565","5521工信","110/08/30","凱基-台北",208,23,185
"7566","5521工信","110/08/30","華南永昌-民權",0,100,-100
"7567","5521工信","110/08/30","美商高盛",181,9,172
"7568","5521工信","110/08/30","元富-新店",2,80,-78
"7569","5521工信","110/08/30","台灣摩根士丹利",160,19,141
"7570","5521工信","110/08/30","國泰-敦南",14,87,-73
"7571","5521工信","110/08/30","華南永昌",94,1,93
"7572","5521工信","110/08/30","兆豐-忠孝",0,67,-67
"7573","5521工信","110/08/30","美林",92,3,89
"7574","5521工信","110/08/30","國票-和平",0,66,-66
"7575","5521工信","110/08/30","華南永昌-中正",55,0,55
"7576","5521工信","110/08/30","元大-新莊",0,66,-66
"7577","5521工信","110/08/30","富邦-台北",50,3,47
"7578","5521工信","110/08/30","日盛-忠孝",0,50,-50
"7579","5521工信","110/08/30","兆豐-西螺",20,0,20
"7580","5521工信","110/08/30","新光-高雄",1,31,-30
"7581","5521工信","110/08/30","國票",20,0,20
"7582","5521工信","110/08/30","玉山-雙和",0,30,-30
"7583","5521工信","110/08/30","富邦-羅東",20,0,20
"7584","5521工信","110/08/30","(牛牛牛)亞-鑫豐",5,33,-28
"7585","5521工信","110/08/30","元大-北成功",20,0,20
"7586","5521工信","110/08/30","元富-文心",12,39,-27
"7587","5521工信","110/08/30","國泰-板橋",31,12,19
"7588","5521工信","110/08/30","群益金鼎-丹鳳",0,26,-26
"7589","5521工信","110/08/30","新百王",18,0,18
"7590","5521工信","110/08/30","日盛-高雄",0,24,-24
"7591","1471首利","110/08/30","元大-虎尾",27,0,27
"7592","1471首利","110/08/30","群益金鼎-東大",0,49,-49
"7593","1471首利","110/08/30","凱基-科園",23,0,23
"7594","1471首利","110/08/30","元大-斗信",0,24,-24
"7595","1471首利","110/08/30","新光",15,0,15
"7596","1471首利","110/08/30","臺銀-臺中",0,20,-20
"7597","1471首利","110/08/30","永豐金-三重",11,0,11
"7598","1471首利","110/08/30","美林",0,18,-18
"7599","1471首利","110/08/30","日盛-屏東",10,0,10
"7600","1471首利","110/08/30","凱基-松山",0,12,-12
"7601","1471首利","110/08/30","台新-松江",10,0,10
"7602","1471首利","110/08/30","元富-埔里",0,10,-10
"7603","1471首利","110/08/30","合庫-台中",7,0,7
"7604","1471首利","110/08/30","永豐金-敦北",0,10,-10
"7605","1471首利","110/08/30","日盛-八德",7,0,7
"7606","1471首利","110/08/30","臺銀-鳳山",0,5,-5
"7607","1471首利","110/08/30","日盛-高雄",15,9,6
"7608","1471首利","110/08/30","統一-屏東",0,5,-5
"7609","1471首利","110/08/30","(牛牛牛)亞-鑫豐",6,0,6
"7610","1471首利","110/08/30","元富-烏日",0,5,-5
"7611","1471首利","110/08/30","富邦-仁愛",6,0,6
"7612","1471首利","110/08/30","玉山-桃園",0,5,-5
"7613","1471首利","110/08/30","統一-台南",5,0,5
"7614","1471首利","110/08/30","凱基-三重",0,5,-5
"7615","1471首利","110/08/30","國泰-敦南",6,1,5
"7616","1471首利","110/08/30","凱基-板橋",0,5,-5
"7617","1471首利","110/08/30","凱基-高雄",5,0,5
"7618","1471首利","110/08/30","富邦-高雄",0,5,-5
"7619","1471首利","110/08/30","凱基-城中",5,0,5
"7620","1471首利","110/08/30","元大-左營",0,5,-5
"7621","2883開發金","110/08/30","國票-南京",3819,33,3786
"7622","2883開發金","110/08/30","兆豐證券",21,5003,-4982
"7623","2883開發金","110/08/30","凱基-台北",6596,2919,3677
"7624","2883開發金","110/08/30","第一金-忠孝",48,3082,-3034
"7625","2883開發金","110/08/30","美林",3606,23,3583
"7626","2883開發金","110/08/30","新光",496,1843,-1347
"7627","2883開發金","110/08/30","永豐金證券",3376,93,3283
"7628","2883開發金","110/08/30","玉山-大里",84,1010,-926
"7629","2883開發金","110/08/30","美商高盛",2717,599,2118
"7630","2883開發金","110/08/30","台中銀-員林",10,795,-785
"7631","2883開發金","110/08/30","國票-長城",2056,18,2038
"7632","2883開發金","110/08/30","玉山-高雄",150,860,-710
"7633","2883開發金","110/08/30","臺銀-新竹",2933,1133,1800
"7634","2883開發金","110/08/30","港商麥格理",0,676,-676
"7635","2883開發金","110/08/30","統一",1871,181,1690
"7636","2883開發金","110/08/30","元大-民雄",42,709,-667
"7637","2883開發金","110/08/30","富邦-建國",1672,182,1490
"7638","2883開發金","110/08/30","兆豐-來福",40,678,-638
"7639","2883開發金","110/08/30","永豐金-板橋",1302,2,1300
"7640","2883開發金","110/08/30","華南永昌-中正",145,649,-504
"7641","2883開發金","110/08/30","宏遠證券",1170,44,1126
"7642","2883開發金","110/08/30","凱基-三重",40,540,-500
"7643","2883開發金","110/08/30","法銀巴黎",1059,10,1049
"7644","2883開發金","110/08/30","國泰-台中",154,606,-452
"7645","2883開發金","110/08/30","華南永昌",1089,115,974
"7646","2883開發金","110/08/30","玉山-新竹",18,427,-409
"7647","2883開發金","110/08/30","瑞士信貸",1162,231,931
"7648","2883開發金","110/08/30","國票-安和",14,399,-385
"7649","2883開發金","110/08/30","兆豐-三民",901,14,887
"7650","2883開發金","110/08/30","凱基-站前",80,462,-382
"7651","6205詮欣","110/08/30","台中銀",7,0,7
"7652","6205詮欣","110/08/30","永豐金-敦南",0,5,-5
"7653","6205詮欣","110/08/30","臺銀-臺中",5,0,5
"7654","6205詮欣","110/08/30","第一金-路竹",0,5,-5
"7655","6205詮欣","110/08/30","台新證券",3,0,3
"7656","6205詮欣","110/08/30","元大-屏東",0,3,-3
"7657","6205詮欣","110/08/30","臺銀-民權",2,0,2
"7658","6205詮欣","110/08/30","華南永昌-朴子",0,3,-3
"7659","6205詮欣","110/08/30","光和",2,0,2
"7660","6205詮欣","110/08/30","永豐金證券",0,2,-2
"7661","6205詮欣","110/08/30","元大-豐原站前",1,0,1
"7662","6205詮欣","110/08/30","凱基-中壢",0,1,-1
"7663","6205詮欣","110/08/30","元大-館前",1,0,1
"7664","6205詮欣","110/08/30","元大-開元",0,1,-1
"7665","6205詮欣","110/08/30","元大-松山",1,0,1
"7666","6205詮欣","110/08/30","日盛-台南",0,1,-1
"7667","6205詮欣","110/08/30","大昌-樹林",1,0,1
"7668","6205詮欣","110/08/30","凱基-永康",0,1,-1
"7669","6205詮欣","110/08/30","元富-潮州",1,0,1
"7670","6205詮欣","110/08/30","國票-博愛",0,1,-1
"7671","6205詮欣","110/08/30","美林",1,0,1
"7672","6205詮欣","110/08/30","元富-文心",0,1,-1
"7673","6205詮欣","110/08/30","日盛-新莊",1,0,1
"7674","6205詮欣","110/08/30","統一-松江",0,1,-1
"7675","6205詮欣","110/08/30","兆豐-永和",0,0,0
"7676","6205詮欣","110/08/30","大慶-台南",0,1,-1
"7677","6205詮欣","110/08/30","群益金鼎-台中",0,0,0
"7678","6205詮欣","110/08/30","群益金鼎-台中",0,0,0
"7679","6205詮欣","110/08/30","富邦-台北",0,0,0
"7680","6205詮欣","110/08/30","富邦-台北",0,0,0
"7681","1540喬福","110/08/30","玉山-大里",14,0,14
"7682","1540喬福","110/08/30","凱基-興隆",0,12,-12
"7683","1540喬福","110/08/30","華南永昌-公誠",10,0,10
"7684","1540喬福","110/08/30","國票-中正",0,5,-5
"7685","1540喬福","110/08/30","元大-龍潭",6,0,6
"7686","1540喬福","110/08/30","玉山-板橋",0,5,-5
"7687","1540喬福","110/08/30","國票-台南",5,0,5
"7688","1540喬福","110/08/30","玉山-左營",0,5,-5
"7689","1540喬福","110/08/30","凱基-中壢",3,0,3
"7690","1540喬福","110/08/30","玉山-數位",0,4,-4
"7691","1540喬福","110/08/30","兆豐-內湖",2,0,2
"7692","1540喬福","110/08/30","元大-大安",0,4,-4
"7693","1540喬福","110/08/30","元大-土城永寧",2,0,2
"7694","1540喬福","110/08/30","台新-台中",0,3,-3
"7695","1540喬福","110/08/30","合庫證券",1,0,1
"7696","1540喬福","110/08/30","國泰-敦南",0,3,-3
"7697","1540喬福","110/08/30","日盛-士林",1,0,1
"7698","1540喬福","110/08/30","元富-緯城",0,2,-2
"7699","1540喬福","110/08/30","台灣摩根士丹利",1,0,1
"7700","1540喬福","110/08/30","富邦-仁愛",0,2,-2
"7701","1540喬福","110/08/30","元富",2,1,1
"7702","1540喬福","110/08/30","第一金-員林",0,1,-1
"7703","1540喬福","110/08/30","兆豐-鹿港",1,0,1
"7704","1540喬福","110/08/30","統一-三多",0,1,-1
"7705","1540喬福","110/08/30","凱基-內埔",1,0,1
"7706","1540喬福","110/08/30","元富-虎尾",0,1,-1
"7707","1540喬福","110/08/30","元大-頭份",1,0,1
"7708","1540喬福","110/08/30","致和-南京",0,1,-1
"7709","1540喬福","110/08/30","元大-楊梅",1,0,1
"7710","1540喬福","110/08/30","元大-竹東",0,1,-1
"7711","2888新光金","110/08/30","元大證券",28738,3652,25086
"7712","2888新光金","110/08/30","元富-城東",123,7579,-7456
"7713","2888新光金","110/08/30","美林",6052,562,5490
"7714","2888新光金","110/08/30","永豐金證券",69,4239,-4170
"7715","2888新光金","110/08/30","臺銀-高雄",4494,65,4429
"7716","2888新光金","110/08/30","國票-長城",61,2957,-2896
"7717","2888新光金","110/08/30","美商高盛",4381,1190,3191
"7718","2888新光金","110/08/30","凱基-大里",92,2505,-2413
"7719","2888新光金","110/08/30","台灣摩根士丹利",5027,2870,2157
"7720","2888新光金","110/08/30","華南永昌-台中",43,2049,-2006
"7721","2888新光金","110/08/30","元大-館前",2282,149,2133
"7722","2888新光金","110/08/30","合庫證券",155,2038,-1883
"7723","2888新光金","110/08/30","亞東-新竹",2698,591,2107
"7724","2888新光金","110/08/30","凱基-台北",5304,7027,-1723
"7725","2888新光金","110/08/30","群益金鼎",2082,41,2041
"7726","2888新光金","110/08/30","新光",1799,3317,-1518
"7727","2888新光金","110/08/30","永豐金-中正",2140,106,2034
"7728","2888新光金","110/08/30","兆豐-西螺",167,1632,-1465
"7729","2888新光金","110/08/30","永全-南崁",1904,5,1899
"7730","2888新光金","110/08/30","華南永昌-大安",20,1454,-1434
"7731","2888新光金","110/08/30","元富-草屯",2009,229,1780
"7732","2888新光金","110/08/30","元富-文心",113,1427,-1314
"7733","2888新光金","110/08/30","台新-三民",2093,316,1777
"7734","2888新光金","110/08/30","富邦-中壢",272,1481,-1209
"7735","2888新光金","110/08/30","國泰-台南",2057,285,1772
"7736","2888新光金","110/08/30","元富-世貿",225,1314,-1089
"7737","2888新光金","110/08/30","新加坡商瑞銀",3676,2205,1471
"7738","2888新光金","110/08/30","宏遠-桃園",17,1089,-1072
"7739","2888新光金","110/08/30","法銀巴黎",1141,9,1132
"7740","2888新光金","110/08/30","元富-板橋",154,1212,-1058
"7741","1340勝悅","110/08/30","群益金鼎-三重",10,0,10
"7742","1340勝悅","110/08/30","元大-新盛",0,22,-22
"7743","1340勝悅","110/08/30","美林",8,0,8
"7744","1340勝悅","110/08/30","台灣企銀-民雄",0,8,-8
"7745","1340勝悅","110/08/30","臺灣企銀-埔墘",5,0,5
"7746","1340勝悅","110/08/30","台中銀",0,7,-7
"7747","1340勝悅","110/08/30","國泰-敦南",6,3,3
"7748","1340勝悅","110/08/30","日盛-鳳山",0,5,-5
"7749","1340勝悅","110/08/30","華南永昌-南京",3,0,3
"7750","1340勝悅","110/08/30","摩根大通",0,5,-5
"7751","1340勝悅","110/08/30","元大-屏南",3,0,3
"7752","1340勝悅","110/08/30","凱基-台北",2,7,-5
"7753","1340勝悅","110/08/30","日盛-中和",2,0,2
"7754","1340勝悅","110/08/30","日盛-員林",0,3,-3
"7755","1340勝悅","110/08/30","大慶-泰山",2,0,2
"7756","1340勝悅","110/08/30","元大-林園",0,3,-3
"7757","1340勝悅","110/08/30","第一金-華江",3,1,2
"7758","1340勝悅","110/08/30","合庫-自強",0,2,-2
"7759","1340勝悅","110/08/30","兆豐-三重",2,0,2
"7760","1340勝悅","110/08/30","美商高盛",0,2,-2
"7761","1340勝悅","110/08/30","國票-台南",2,0,2
"7762","1340勝悅","110/08/30","台新-高雄",1,3,-2
"7763","1340勝悅","110/08/30","國票-台中",2,0,2
"7764","1340勝悅","110/08/30","永豐金-信義",0,2,-2
"7765","1340勝悅","110/08/30","玉山-左營",2,0,2
"7766","1340勝悅","110/08/30","日盛-樹林",0,1,-1
"7767","1340勝悅","110/08/30","元大-歸仁",2,0,2
"7768","1340勝悅","110/08/30","台新-台南",0,1,-1
"7769","1340勝悅","110/08/30","群益金鼎-館前",1,0,1
"7770","1340勝悅","110/08/30","永豐金-中正",0,1,-1
"7771","6246臺龍","110/08/30","群益金鼎-古亭",11,1,10
"7772","6246臺龍","110/08/30","群益金鼎-東大",0,30,-30
"7773","6246臺龍","110/08/30","台新證券",10,1,9
"7774","6246臺龍","110/08/30","聯邦-大業",0,10,-10
"7775","6246臺龍","110/08/30","富邦-新竹",4,0,4
"7776","6246臺龍","110/08/30","台新-高雄",0,6,-6
"7777","6246臺龍","110/08/30","元大-館前",4,0,4
"7778","6246臺龍","110/08/30","玉山-新莊",0,3,-3
"7779","6246臺龍","110/08/30","港商野村",3,0,3
"7780","6246臺龍","110/08/30","元大-北港",2,5,-3
"7781","6246臺龍","110/08/30","永豐金-桃園",3,0,3
"7782","6246臺龍","110/08/30","第一金-彰化",0,2,-2
"7783","6246臺龍","110/08/30","福勝",2,0,2
"7784","6246臺龍","110/08/30","國泰-板橋",0,2,-2
"7785","6246臺龍","110/08/30","玉山證券",2,0,2
"7786","6246臺龍","110/08/30","元大-竹山",0,2,-2
"7787","6246臺龍","110/08/30","凱基-板橋",2,0,2
"7788","6246臺龍","110/08/30","日盛-宜蘭",0,1,-1
"7789","6246臺龍","110/08/30","凱基-高美館",2,0,2
"7790","6246臺龍","110/08/30","台新-台南",0,1,-1
"7791","6246臺龍","110/08/30","元大-新盛",2,0,2
"7792","6246臺龍","110/08/30","國泰-台中",0,1,-1
"7793","6246臺龍","110/08/30","元大-大天母",2,0,2
"7794","6246臺龍","110/08/30","元大-鑫永和",0,1,-1
"7795","6246臺龍","110/08/30","元大-內湖",2,0,2
"7796","6246臺龍","110/08/30","元大-大同",0,1,-1
"7797","6246臺龍","110/08/30","永豐金-鳳山",2,0,2
"7798","6246臺龍","110/08/30","元大-古亭",0,1,-1
"7799","6246臺龍","110/08/30","合庫-三重",1,0,1
"7800","6246臺龍","110/08/30","統一-南京",0,0,0
"7801","00715L期街口布蘭特正2","110/08/30","元大證券",14770,43,14727
"7802","00715L期街口布蘭特正2","110/08/30","元大-萬華",0,911,-911
"7803","00715L期街口布蘭特正2","110/08/30","國票",3922,0,3922
"7804","00715L期街口布蘭特正2","110/08/30","兆豐-嘉義",20,754,-734
"7805","00715L期街口布蘭特正2","110/08/30","群益金鼎",1953,405,1548
"7806","00715L期街口布蘭特正2","110/08/30","富邦-台東",0,613,-613
"7807","00715L期街口布蘭特正2","110/08/30","永豐金-內湖",1500,17,1483
"7808","00715L期街口布蘭特正2","110/08/30","元大-嘉義",21,608,-587
"7809","00715L期街口布蘭特正2","110/08/30","永豐金證券",1565,335,1230
"7810","00715L期街口布蘭特正2","110/08/30","港商野村",511,1090,-579
"7811","00715L期街口布蘭特正2","110/08/30","國票-博愛",1155,0,1155
"7812","00715L期街口布蘭特正2","110/08/30","日盛-新莊",210,775,-565
"7813","00715L期街口布蘭特正2","110/08/30","康和",1007,0,1007
"7814","00715L期街口布蘭特正2","110/08/30","日盛-員林",0,540,-540
"7815","00715L期街口布蘭特正2","110/08/30","統一",952,1,951
"7816","00715L期街口布蘭特正2","110/08/30","凱基-屏東",5,543,-538
"7817","00715L期街口布蘭特正2","110/08/30","合庫證券",943,5,938
"7818","00715L期街口布蘭特正2","110/08/30","富邦-陽明",0,509,-509
"7819","00715L期街口布蘭特正2","110/08/30","富邦證券",2782,2251,531
"7820","00715L期街口布蘭特正2","110/08/30","玉山-嘉義",4,512,-508
"7821","00715L期街口布蘭特正2","110/08/30","兆豐-台中",500,0,500
"7822","00715L期街口布蘭特正2","110/08/30","元大-前金",2,506,-504
"7823","00715L期街口布蘭特正2","110/08/30","國票-中港",500,0,500
"7824","00715L期街口布蘭特正2","110/08/30","兆豐-台中港",0,463,-463
"7825","00715L期街口布蘭特正2","110/08/30","凱基-台南",500,1,499
"7826","00715L期街口布蘭特正2","110/08/30","國票-九鼎",1,440,-439
"7827","00715L期街口布蘭特正2","110/08/30","凱基-市政",500,7,493
"7828","00715L期街口布蘭特正2","110/08/30","永豐金-板盛",0,421,-421
"7829","00715L期街口布蘭特正2","110/08/30","元富-大裕",500,22,478
"7830","00715L期街口布蘭特正2","110/08/30","富邦-基隆",0,420,-420
"7831","8941關中","110/08/30","國泰-忠孝",1,0,1
"7832","8941關中","110/08/30","凱基-市府",0,1,-1
"7833","8941關中","110/08/30","第一金-台南",0,0,0
"7834","8941關中","110/08/30","第一金-台南",0,0,0
"7835","8941關中","110/08/30","康和-板橋",0,0,0
"7836","8941關中","110/08/30","康和-板橋",0,0,0
"7837","8941關中","110/08/30","新光-高雄",0,0,0
"7838","8941關中","110/08/30","新光-高雄",0,0,0
"7839","8941關中","110/08/30","華南永昌-淡水",0,0,0
"7840","8941關中","110/08/30","華南永昌-淡水",0,0,0
"7841","8941關中","110/08/30","富邦-台北",0,0,0
"7842","8941關中","110/08/30","富邦-台北",0,0,0
"7843","8941關中","110/08/30","元大-新竹經國",0,0,0
"7844","8941關中","110/08/30","元大-新竹經國",0,0,0
"7845","8941關中","110/08/30","永豐金-萬盛",0,0,0
"7846","8941關中","110/08/30","永豐金-萬盛",0,0,0
"7847","8941關中","110/08/30","",NA,NA,NA
"7848","8941關中","110/08/30","",NA,NA,NA
"7849","8941關中","110/08/30","",NA,NA,NA
"7850","8941關中","110/08/30","",NA,NA,NA
"7851","8941關中","110/08/30","",NA,NA,NA
"7852","8941關中","110/08/30","",NA,NA,NA
"7853","8941關中","110/08/30","",NA,NA,NA
"7854","8941關中","110/08/30","",NA,NA,NA
"7855","8941關中","110/08/30","",NA,NA,NA
"7856","8941關中","110/08/30","",NA,NA,NA
"7857","8941關中","110/08/30","",NA,NA,NA
"7858","8941關中","110/08/30","",NA,NA,NA
"7859","8941關中","110/08/30","",NA,NA,NA
"7860","8941關中","110/08/30","",NA,NA,NA
"7861","8936國統","110/08/30","統一-金門",100,30,70
"7862","8936國統","110/08/30","摩根大通",38,197,-159
"7863","8936國統","110/08/30","中國信託-高雄",56,0,56
"7864","8936國統","110/08/30","新加坡商瑞銀",5,152,-147
"7865","8936國統","110/08/30","國票-天祥",50,0,50
"7866","8936國統","110/08/30","凱基-台北",48,181,-133
"7867","8936國統","110/08/30","國票-敦北法人",50,0,50
"7868","8936國統","110/08/30","美商高盛",10,130,-120
"7869","8936國統","110/08/30","宏遠-光隆",47,0,47
"7870","8936國統","110/08/30","港商野村",4,97,-93
"7871","8936國統","110/08/30","元富-林園",40,0,40
"7872","8936國統","110/08/30","玉山-高雄",2,45,-43
"7873","8936國統","110/08/30","國泰-敦南",50,22,28
"7874","8936國統","110/08/30","華南永昌-楠梓",7,50,-43
"7875","8936國統","110/08/30","元大-松江",22,1,21
"7876","8936國統","110/08/30","新光",18,59,-41
"7877","8936國統","110/08/30","群益金鼎",20,0,20
"7878","8936國統","110/08/30","康和-嘉義",51,71,-20
"7879","8936國統","110/08/30","凱基-站前",20,0,20
"7880","8936國統","110/08/30","凱基-市政",0,20,-20
"7881","8936國統","110/08/30","永豐金-彰化",23,3,20
"7882","8936國統","110/08/30","永豐金-台中",0,20,-20
"7883","8936國統","110/08/30","日盛-台中",20,1,19
"7884","8936國統","110/08/30","台新-左楠",0,14,-14
"7885","8936國統","110/08/30","台灣摩根士丹利",19,0,19
"7886","8936國統","110/08/30","永豐金-苓雅",11,25,-14
"7887","8936國統","110/08/30","中國信託-文心",20,1,19
"7888","8936國統","110/08/30","永全-八德",0,10,-10
"7889","8936國統","110/08/30","元大-東港",16,0,16
"7890","8936國統","110/08/30","兆豐-三民",1,11,-10
"7891","6226光鼎","110/08/30","凱基-站前",105,0,105
"7892","6226光鼎","110/08/30","元富-世貿",0,111,-111
"7893","6226光鼎","110/08/30","台灣摩根士丹利",105,8,97
"7894","6226光鼎","110/08/30","凱基-竹科",10,86,-76
"7895","6226光鼎","110/08/30","國泰-敦南",210,125,85
"7896","6226光鼎","110/08/30","美林",102,165,-63
"7897","6226光鼎","110/08/30","摩根大通",104,29,75
"7898","6226光鼎","110/08/30","華南永昌-南京",6,69,-63
"7899","6226光鼎","110/08/30","永全-南崁",40,0,40
"7900","6226光鼎","110/08/30","玉山-高雄",6,63,-57
"7901","6226光鼎","110/08/30","群益金鼎-忠孝",40,0,40
"7902","6226光鼎","110/08/30","元大-大雅",5,58,-53
"7903","6226光鼎","110/08/30","元大-東泰",38,0,38
"7904","6226光鼎","110/08/30","兆豐-松德",3,53,-50
"7905","6226光鼎","110/08/30","日盛-八德",32,0,32
"7906","6226光鼎","110/08/30","凱基-內埔",15,50,-35
"7907","6226光鼎","110/08/30","台新-台中",41,11,30
"7908","6226光鼎","110/08/30","統一-基隆",0,30,-30
"7909","6226光鼎","110/08/30","凱基-三多",23,0,23
"7910","6226光鼎","110/08/30","中國信託",3,31,-28
"7911","6226光鼎","110/08/30","第一金-中壢",20,0,20
"7912","6226光鼎","110/08/30","凱基-台北",89,117,-28
"7913","6226光鼎","110/08/30","國票-長城",20,0,20
"7914","6226光鼎","110/08/30","合庫-西台中",2,26,-24
"7915","6226光鼎","110/08/30","玉山-大里",23,3,20
"7916","6226光鼎","110/08/30","福勝",10,32,-22
"7917","6226光鼎","110/08/30","富邦-竹北",21,2,19
"7918","6226光鼎","110/08/30","玉山-新莊",5,27,-22
"7919","6226光鼎","110/08/30","永豐金-鳳山",20,1,19
"7920","6226光鼎","110/08/30","元大-南崁",0,21,-21
"7921","2363矽統","110/08/30","元大-萬華",825,16,809
"7922","2363矽統","110/08/30","合庫-基隆",5,1735,-1730
"7923","2363矽統","110/08/30","港商野村",1455,869,586
"7924","2363矽統","110/08/30","康和-台中",23,619,-596
"7925","2363矽統","110/08/30","元大-承德",405,1,404
"7926","2363矽統","110/08/30","台新-台南",39,428,-389
"7927","2363矽統","110/08/30","國票-南港",405,6,399
"7928","2363矽統","110/08/30","元大-士林",9,363,-354
"7929","2363矽統","110/08/30","凱基-站前",367,74,293
"7930","2363矽統","110/08/30","摩根大通",121,453,-332
"7931","2363矽統","110/08/30","凱基-台北",1335,1052,283
"7932","2363矽統","110/08/30","台中銀-豐原",5,255,-250
"7933","2363矽統","110/08/30","永全",305,41,264
"7934","2363矽統","110/08/30","大展",32,271,-239
"7935","2363矽統","110/08/30","第一金-豐原",231,4,227
"7936","2363矽統","110/08/30","台新-台中",102,325,-223
"7937","2363矽統","110/08/30","華南永昌-林口",225,15,210
"7938","2363矽統","110/08/30","國票-和平",0,158,-158
"7939","2363矽統","110/08/30","日盛-樹林",208,49,159
"7940","2363矽統","110/08/30","永豐金-南京",34,165,-131
"7941","2363矽統","110/08/30","台新-新莊",157,7,150
"7942","2363矽統","110/08/30","大昌-樹林",14,136,-122
"7943","2363矽統","110/08/30","新光",236,92,144
"7944","2363矽統","110/08/30","元大-桃興",13,132,-119
"7945","2363矽統","110/08/30","光和",127,7,120
"7946","2363矽統","110/08/30","富邦-新竹",43,157,-114
"7947","2363矽統","110/08/30","臺銀",132,15,117
"7948","2363矽統","110/08/30","元大-大統",27,140,-113
"7949","2363矽統","110/08/30","兆豐-彰化",112,0,112
"7950","2363矽統","110/08/30","日盛-南京",9,113,-104
"7951","8112至上","110/08/30","凱基-竹東",100,0,100
"7952","8112至上","110/08/30","第一金-桃園",5,366,-361
"7953","8112至上","110/08/30","華南永昌-南京",60,1,59
"7954","8112至上","110/08/30","摩根大通",5,228,-223
"7955","8112至上","110/08/30","凱基-長庚",53,0,53
"7956","8112至上","110/08/30","統一-中壢",9,80,-71
"7957","8112至上","110/08/30","永豐金-板盛",50,0,50
"7958","8112至上","110/08/30","美林",16,78,-62
"7959","8112至上","110/08/30","富邦-仁愛",46,0,46
"7960","8112至上","110/08/30","兆豐-西螺",0,60,-60
"7961","8112至上","110/08/30","凱基-竹科",43,1,42
"7962","8112至上","110/08/30","美商高盛",5,60,-55
"7963","8112至上","110/08/30","兆豐-高雄",40,0,40
"7964","8112至上","110/08/30","元大-大灣",1,50,-49
"7965","8112至上","110/08/30","元大-竹東",37,0,37
"7966","8112至上","110/08/30","國票-南京",0,40,-40
"7967","8112至上","110/08/30","富邦-竹東",28,0,28
"7968","8112至上","110/08/30","元大-永和",0,40,-40
"7969","8112至上","110/08/30","統一-高雄",30,4,26
"7970","8112至上","110/08/30","群益金鼎-大甲",0,31,-31
"7971","8112至上","110/08/30","兆豐-天母",25,0,25
"7972","8112至上","110/08/30","台灣摩根士丹利",22,51,-29
"7973","8112至上","110/08/30","元大-高雄",20,0,20
"7974","8112至上","110/08/30","日盛-忠孝",2,28,-26
"7975","8112至上","110/08/30","元富-同大",22,3,19
"7976","8112至上","110/08/30","康和",1,26,-25
"7977","8112至上","110/08/30","凱基-士林",19,0,19
"7978","8112至上","110/08/30","群益金鼎-基隆",0,25,-25
"7979","8112至上","110/08/30","國泰-館前",19,2,17
"7980","8112至上","110/08/30","台中銀-員林",0,23,-23
"7981","1570力肯","110/08/30","摩根大通",69,18,51
"7982","1570力肯","110/08/30","群益金鼎-高雄",0,57,-57
"7983","1570力肯","110/08/30","元大-板橋",31,1,30
"7984","1570力肯","110/08/30","永豐金-永康",0,33,-33
"7985","1570力肯","110/08/30","元大-新營",27,0,27
"7986","1570力肯","110/08/30","國票-南科",0,26,-26
"7987","1570力肯","110/08/30","元大-永和",22,0,22
"7988","1570力肯","110/08/30","國票-北高雄",1,21,-20
"7989","1570力肯","110/08/30","元富-世貿",21,0,21
"7990","1570力肯","110/08/30","富邦-仁愛",1,20,-19
"7991","1570力肯","110/08/30","第一金-嘉義",20,0,20
"7992","1570力肯","110/08/30","元大-花蓮",0,19,-19
"7993","1570力肯","110/08/30","福勝",20,1,19
"7994","1570力肯","110/08/30","元富-延平",0,15,-15
"7995","1570力肯","110/08/30","(牛牛牛)亞-鑫豐",20,2,18
"7996","1570力肯","110/08/30","富邦-高雄",0,15,-15
"7997","1570力肯","110/08/30","台新證券",22,6,16
"7998","1570力肯","110/08/30","元富-新興",0,11,-11
"7999","1570力肯","110/08/30","群益金鼎-台中",16,0,16
"8000","1570力肯","110/08/30","亞東-板橋",0,10,-10
"8001","1570力肯","110/08/30","日盛-雙和",15,0,15
"8002","1570力肯","110/08/30","永豐金-中壢",0,10,-10
"8003","1570力肯","110/08/30","合庫-台中",11,0,11
"8004","1570力肯","110/08/30","元富-緯城",10,19,-9
"8005","1570力肯","110/08/30","聯邦商銀",10,0,10
"8006","1570力肯","110/08/30","元富-民權",5,13,-8
"8007","1570力肯","110/08/30","華南永昌-彰化",10,0,10
"8008","1570力肯","110/08/30","凱基-嘉義",2,10,-8
"8009","1570力肯","110/08/30","元大-鳳中",12,2,10
"8010","1570力肯","110/08/30","元大-南投",0,8,-8
"8011","2929淘帝","110/08/30","摩根大通",22,0,22
"8012","2929淘帝","110/08/30","凱基-高雄",0,150,-150
"8013","2929淘帝","110/08/30","元富-大裕",12,0,12
"8014","2929淘帝","110/08/30","凱基-長庚",0,15,-15
"8015","2929淘帝","110/08/30","華南永昌-台中",11,0,11
"8016","2929淘帝","110/08/30","富邦-南屯",0,13,-13
"8017","2929淘帝","110/08/30","兆豐-忠孝",10,0,10
"8018","2929淘帝","110/08/30","元大-蘆洲",0,12,-12
"8019","2929淘帝","110/08/30","永豐金-博愛",9,0,9
"8020","2929淘帝","110/08/30","元富-三重",0,8,-8
"8021","2929淘帝","110/08/30","國泰-敦南",8,0,8
"8022","2929淘帝","110/08/30","新加坡商瑞銀",3,10,-7
"8023","2929淘帝","110/08/30","凱基-東門",8,0,8
"8024","2929淘帝","110/08/30","元大-博愛",0,6,-6
"8025","2929淘帝","110/08/30","日盛-雙和",7,0,7
"8026","2929淘帝","110/08/30","國票-南京",0,5,-5
"8027","2929淘帝","110/08/30","新光-台中",7,0,7
"8028","2929淘帝","110/08/30","國泰-台南",0,5,-5
"8029","2929淘帝","110/08/30","元大-太平",7,0,7
"8030","2929淘帝","110/08/30","台新-中壢",0,4,-4
"8031","2929淘帝","110/08/30","元大-土城永寧",7,0,7
"8032","2929淘帝","110/08/30","群益金鼎-大安",0,4,-4
"8033","2929淘帝","110/08/30","元大-新竹經國",6,0,6
"8034","2929淘帝","110/08/30","日盛-信義",1,3,-2
"8035","2929淘帝","110/08/30","元富-新竹",5,0,5
"8036","2929淘帝","110/08/30","新光-新竹",0,2,-2
"8037","2929淘帝","110/08/30","台中銀-豐原",5,0,5
"8038","2929淘帝","110/08/30","元大-南屯",0,2,-2
"8039","2929淘帝","110/08/30","台新-建北",5,0,5
"8040","2929淘帝","110/08/30","元大-東蘆",0,2,-2
"8041","5410國眾","110/08/30","華南永昌-高雄",10,0,10
"8042","5410國眾","110/08/30","群益金鼎-新竹",0,8,-8
"8043","5410國眾","110/08/30","群益金鼎-東湖",5,0,5
"8044","5410國眾","110/08/30","日盛-新莊",0,6,-6
"8045","5410國眾","110/08/30","凱基-科園",5,0,5
"8046","5410國眾","110/08/30","凱基-長庚",0,5,-5
"8047","5410國眾","110/08/30","元大-中壢",5,0,5
"8048","5410國眾","110/08/30","元富-嘉義",0,4,-4
"8049","5410國眾","110/08/30","兆豐-嘉義",4,0,4
"8050","5410國眾","110/08/30","台灣企銀",0,3,-3
"8051","5410國眾","110/08/30","元大-彰化",3,0,3
"8052","5410國眾","110/08/30","寶盛",0,3,-3
"8053","5410國眾","110/08/30","玉山-新竹",2,0,2
"8054","5410國眾","110/08/30","元富-台中",1,4,-3
"8055","5410國眾","110/08/30","國泰-台中",2,0,2
"8056","5410國眾","110/08/30","兆豐-竹北",0,3,-3
"8057","5410國眾","110/08/30","國泰-敦南",2,0,2
"8058","5410國眾","110/08/30","元大-屏東民生",0,3,-3
"8059","5410國眾","110/08/30","香港上海匯豐",2,0,2
"8060","5410國眾","110/08/30","永豐金-中正",0,3,-3
"8061","5410國眾","110/08/30","永豐金-萬盛",2,0,2
"8062","5410國眾","110/08/30","統一-基隆",0,2,-2
"8063","5410國眾","110/08/30","日盛-員林",1,0,1
"8064","5410國眾","110/08/30","群益金鼎-新店",0,2,-2
"8065","5410國眾","110/08/30","第一金-高雄",1,0,1
"8066","5410國眾","110/08/30","凱基-台南",0,2,-2
"8067","5410國眾","110/08/30","元富",1,0,1
"8068","5410國眾","110/08/30","元大-龍潭",0,2,-2
"8069","5410國眾","110/08/30","國票-北高雄",1,0,1
"8070","5410國眾","110/08/30","第一金-台南",0,1,-1
"8071","2841台開","110/08/30","宏遠-館前",215,0,215
"8072","2841台開","110/08/30","萬泰",0,50,-50
"8073","2841台開","110/08/30","日盛證券",26,0,26
"8074","2841台開","110/08/30","台中銀",0,40,-40
"8075","2841台開","110/08/30","元大-台中",16,0,16
"8076","2841台開","110/08/30","永豐金-敦南",33,71,-38
"8077","2841台開","110/08/30","第一金-華江",12,0,12
"8078","2841台開","110/08/30","富邦-花蓮",0,21,-21
"8079","2841台開","110/08/30","日盛-台中",20,10,10
"8080","2841台開","110/08/30","元大-嘉義",0,20,-20
"8081","2841台開","110/08/30","新光-桃園",10,0,10
"8082","2841台開","110/08/30","台灣摩根士丹利",0,19,-19
"8083","2841台開","110/08/30","凱基-內湖",10,0,10
"8084","2841台開","110/08/30","新加坡商瑞銀",0,19,-19
"8085","2841台開","110/08/30","元大-沙鹿",5,0,5
"8086","2841台開","110/08/30","台新證券",1,20,-19
"8087","2841台開","110/08/30","元大-南屯",5,0,5
"8088","2841台開","110/08/30","元大-花蓮",0,17,-17
"8089","2841台開","110/08/30","台新-台中",4,0,4
"8090","2841台開","110/08/30","國票-中和",0,12,-12
"8091","2841台開","110/08/30","元大-三重",4,0,4
"8092","2841台開","110/08/30","凱基-竹北",0,10,-10
"8093","2841台開","110/08/30","兆豐-高雄",3,0,3
"8094","2841台開","110/08/30","永豐金-新莊",0,10,-10
"8095","2841台開","110/08/30","日盛-大墩",1,0,1
"8096","2841台開","110/08/30","兆豐-台中",0,5,-5
"8097","2841台開","110/08/30","元富-成功",1,0,1
"8098","2841台開","110/08/30","新光",0,5,-5
"8099","2841台開","110/08/30","國泰-館前",1,0,1
"8100","2841台開","110/08/30","永豐金-忠孝",0,5,-5
"8101","6207雷科","110/08/30","群益金鼎-高雄",45,0,45
"8102","6207雷科","110/08/30","元大-新莊",0,43,-43
"8103","6207雷科","110/08/30","凱基-台北",28,3,25
"8104","6207雷科","110/08/30","新加坡商瑞銀",1,38,-37
"8105","6207雷科","110/08/30","兆豐-嘉義",21,0,21
"8106","6207雷科","110/08/30","臺銀",0,18,-18
"8107","6207雷科","110/08/30","港商野村",30,13,17
"8108","6207雷科","110/08/30","群益金鼎-土城",0,13,-13
"8109","6207雷科","110/08/30","國票-台中",27,15,12
"8110","6207雷科","110/08/30","群益金鼎-延平",0,13,-13
"8111","6207雷科","110/08/30","凱基-彰化",10,0,10
"8112","6207雷科","110/08/30","永豐金-中壢",0,13,-13
"8113","6207雷科","110/08/30","華南永昌-長虹",10,0,10
"8114","6207雷科","110/08/30","元富-延平",0,10,-10
"8115","6207雷科","110/08/30","元大-大灣",10,0,10
"8116","6207雷科","110/08/30","國泰-桃園",0,10,-10
"8117","6207雷科","110/08/30","摩根大通",30,21,9
"8118","6207雷科","110/08/30","中國信託-高雄",0,8,-8
"8119","6207雷科","110/08/30","日盛-台中",8,0,8
"8120","6207雷科","110/08/30","陽信-石牌",0,8,-8
"8121","6207雷科","110/08/30","群益金鼎-鳳山",7,0,7
"8122","6207雷科","110/08/30","群益金鼎-中壢",2,10,-8
"8123","6207雷科","110/08/30","元大-文心興安",7,0,7
"8124","6207雷科","110/08/30","元富-安南",0,6,-6
"8125","6207雷科","110/08/30","台新-屏東",6,0,6
"8126","6207雷科","110/08/30","群益金鼎-士林",0,6,-6
"8127","6207雷科","110/08/30","聯邦-大業",6,0,6
"8128","6207雷科","110/08/30","華南永昌",0,6,-6
"8129","6207雷科","110/08/30","國泰-高雄",6,0,6
"8130","6207雷科","110/08/30","第一金-高雄",0,5,-5
"8131","3679新至陞","110/08/30","永豐金-南投",12,0,12
"8132","3679新至陞","110/08/30","美林",0,9,-9
"8133","3679新至陞","110/08/30","凱基-中山",3,0,3
"8134","3679新至陞","110/08/30","中國信託-三重",0,4,-4
"8135","3679新至陞","110/08/30","元富-埔里",2,0,2
"8136","3679新至陞","110/08/30","摩根大通",0,3,-3
"8137","3679新至陞","110/08/30","凱基",1,0,1
"8138","3679新至陞","110/08/30","台灣摩根士丹利",0,2,-2
"8139","3679新至陞","110/08/30","元大-四維",1,0,1
"8140","3679新至陞","110/08/30","凱基-台北",0,2,-2
"8141","3679新至陞","110/08/30","富邦-竹北",1,0,1
"8142","3679新至陞","110/08/30","華南永昌",0,2,-2
"8143","3679新至陞","110/08/30","華南永昌-大安",1,0,1
"8144","3679新至陞","110/08/30","元大證券",0,2,-2
"8145","3679新至陞","110/08/30","華南永昌-台中",1,0,1
"8146","3679新至陞","110/08/30","永豐金-高雄",0,2,-2
"8147","3679新至陞","110/08/30","日盛-新莊",1,0,1
"8148","3679新至陞","110/08/30","大慶-富順",0,1,-1
"8149","3679新至陞","110/08/30","玉山-新竹",1,0,1
"8150","3679新至陞","110/08/30","國票-九鼎",0,1,-1
"8151","3679新至陞","110/08/30","台新證券",1,0,1
"8152","3679新至陞","110/08/30","富邦-虎尾",0,1,-1
"8153","3679新至陞","110/08/30","大昌-新店",1,0,1
"8154","3679新至陞","110/08/30","元大-屏東民生",0,1,-1
"8155","3679新至陞","110/08/30","光和-溪湖",1,0,1
"8156","3679新至陞","110/08/30","國泰-敦南",0,0,0
"8157","3679新至陞","110/08/30","元富-板橋",1,0,1
"8158","3679新至陞","110/08/30","元大-太平",0,0,0
"8159","3679新至陞","110/08/30","元富-潮州",1,0,1
"8160","3679新至陞","110/08/30","元大-忠孝",0,0,0
"8161","2727王品","110/08/30","台灣摩根士丹利",74,15,59
"8162","2727王品","110/08/30","港商法國興業",0,27,-27
"8163","2727王品","110/08/30","元大-彰化民生",35,0,35
"8164","2727王品","110/08/30","港商野村",6,24,-18
"8165","2727王品","110/08/30","群益金鼎-大興",13,0,13
"8166","2727王品","110/08/30","元大-中壢",0,16,-16
"8167","2727王品","110/08/30","凱基-台北",36,23,13
"8168","2727王品","110/08/30","元大-苗栗",0,11,-11
"8169","2727王品","110/08/30","國泰證券",10,1,9
"8170","2727王品","110/08/30","元大-小港",1,12,-11
"8171","2727王品","110/08/30","元大-仁愛",9,0,9
"8172","2727王品","110/08/30","新光-新竹",0,9,-9
"8173","2727王品","110/08/30","第一金-台南",6,0,6
"8174","2727王品","110/08/30","美林",23,31,-8
"8175","2727王品","110/08/30","凱基-五股",6,0,6
"8176","2727王品","110/08/30","(牛牛牛)亞-鑫豐",4,11,-7
"8177","2727王品","110/08/30","元大-金華",6,0,6
"8178","2727王品","110/08/30","新光",6,13,-7
"8179","2727王品","110/08/30","元大-桃興",7,1,6
"8180","2727王品","110/08/30","元大-南投",1,8,-7
"8181","2727王品","110/08/30","統一",5,0,5
"8182","2727王品","110/08/30","日盛-木柵",0,6,-6
"8183","2727王品","110/08/30","中國信託-嘉義",5,0,5
"8184","2727王品","110/08/30","元富-草屯",0,6,-6
"8185","2727王品","110/08/30","國票-和平",5,0,5
"8186","2727王品","110/08/30","日盛-士林",0,5,-5
"8187","2727王品","110/08/30","富邦-南屯",7,2,5
"8188","2727王品","110/08/30","統一-屏東",0,5,-5
"8189","2727王品","110/08/30","永豐金-松山",5,0,5
"8190","2727王品","110/08/30","永興-台中",0,4,-4
"8191","1570力肯","110/08/30","摩根大通",69,18,51
"8192","1570力肯","110/08/30","群益金鼎-高雄",0,57,-57
"8193","1570力肯","110/08/30","元大-板橋",31,1,30
"8194","1570力肯","110/08/30","永豐金-永康",0,33,-33
"8195","1570力肯","110/08/30","元大-新營",27,0,27
"8196","1570力肯","110/08/30","國票-南科",0,26,-26
"8197","1570力肯","110/08/30","元大-永和",22,0,22
"8198","1570力肯","110/08/30","國票-北高雄",1,21,-20
"8199","1570力肯","110/08/30","元富-世貿",21,0,21
"8200","1570力肯","110/08/30","富邦-仁愛",1,20,-19
"8201","1570力肯","110/08/30","第一金-嘉義",20,0,20
"8202","1570力肯","110/08/30","元大-花蓮",0,19,-19
"8203","1570力肯","110/08/30","福勝",20,1,19
"8204","1570力肯","110/08/30","元富-延平",0,15,-15
"8205","1570力肯","110/08/30","(牛牛牛)亞-鑫豐",20,2,18
"8206","1570力肯","110/08/30","富邦-高雄",0,15,-15
"8207","1570力肯","110/08/30","台新證券",22,6,16
"8208","1570力肯","110/08/30","元富-新興",0,11,-11
"8209","1570力肯","110/08/30","群益金鼎-台中",16,0,16
"8210","1570力肯","110/08/30","亞東-板橋",0,10,-10
"8211","1570力肯","110/08/30","日盛-雙和",15,0,15
"8212","1570力肯","110/08/30","永豐金-中壢",0,10,-10
"8213","1570力肯","110/08/30","合庫-台中",11,0,11
"8214","1570力肯","110/08/30","元富-緯城",10,19,-9
"8215","1570力肯","110/08/30","聯邦商銀",10,0,10
"8216","1570力肯","110/08/30","元富-民權",5,13,-8
"8217","1570力肯","110/08/30","華南永昌-彰化",10,0,10
"8218","1570力肯","110/08/30","凱基-嘉義",2,10,-8
"8219","1570力肯","110/08/30","元大-鳳中",12,2,10
"8220","1570力肯","110/08/30","元大-南投",0,8,-8
"8221","6180橘子","110/08/30","台灣摩根士丹利",43,0,43
"8222","6180橘子","110/08/30","兆豐證券",0,82,-82
"8223","6180橘子","110/08/30","日盛-八德",15,0,15
"8224","6180橘子","110/08/30","元大-新竹",0,30,-30
"8225","6180橘子","110/08/30","華南永昌-台中",13,0,13
"8226","6180橘子","110/08/30","美商高盛",0,25,-25
"8227","6180橘子","110/08/30","元大-北成功",59,46,13
"8228","6180橘子","110/08/30","新光-高雄",0,19,-19
"8229","6180橘子","110/08/30","美林",11,0,11
"8230","6180橘子","110/08/30","新加坡商瑞銀",0,18,-18
"8231","6180橘子","110/08/30","合庫-彰化",10,0,10
"8232","6180橘子","110/08/30","港商野村",0,13,-13
"8233","6180橘子","110/08/30","宏遠-桃園",9,0,9
"8234","6180橘子","110/08/30","元大-上新莊",0,13,-13
"8235","6180橘子","110/08/30","康和-嘉義",8,0,8
"8236","6180橘子","110/08/30","國泰-新莊",0,12,-12
"8237","6180橘子","110/08/30","群益金鼎-古亭",7,0,7
"8238","6180橘子","110/08/30","玉山-板橋",0,11,-11
"8239","6180橘子","110/08/30","國票-新莊",6,0,6
"8240","6180橘子","110/08/30","凱基-高雄",2,11,-9
"8241","6180橘子","110/08/30","玉山-新莊",6,0,6
"8242","6180橘子","110/08/30","元大-草屯",0,6,-6
"8243","6180橘子","110/08/30","凱基-台北",42,36,6
"8244","6180橘子","110/08/30","元大-彰化民生",0,6,-6
"8245","6180橘子","110/08/30","華南永昌-東昇",6,0,6
"8246","6180橘子","110/08/30","新光",3,8,-5
"8247","6180橘子","110/08/30","群益金鼎-敦南",5,0,5
"8248","6180橘子","110/08/30","富邦-苗栗",0,5,-5
"8249","6180橘子","110/08/30","元大證券",5,0,5
"8250","6180橘子","110/08/30","元大-中壢",0,4,-4
"8251","2390云辰","110/08/30","港商野村",174,128,46
"8252","2390云辰","110/08/30","第一金-華江",0,210,-210
"8253","2390云辰","110/08/30","第一金-中山",33,0,33
"8254","2390云辰","110/08/30","玉山-嘉義",42,113,-71
"8255","2390云辰","110/08/30","凱基-台北",90,64,26
"8256","2390云辰","110/08/30","美林",4,65,-61
"8257","2390云辰","110/08/30","元富-中壢",25,1,24
"8258","2390云辰","110/08/30","新光-桃園",2,42,-40
"8259","2390云辰","110/08/30","中國信託-文心",25,3,22
"8260","2390云辰","110/08/30","元大-龍潭",0,40,-40
"8261","2390云辰","110/08/30","臺銀-高雄",20,0,20
"8262","2390云辰","110/08/30","元大-永春",0,35,-35
"8263","2390云辰","110/08/30","日盛-頭份",20,0,20
"8264","2390云辰","110/08/30","兆豐-高雄",0,33,-33
"8265","2390云辰","110/08/30","元富-虎尾",24,4,20
"8266","2390云辰","110/08/30","元大-台南",0,25,-25
"8267","2390云辰","110/08/30","元大-開元",20,0,20
"8268","2390云辰","110/08/30","台灣摩根士丹利",0,21,-21
"8269","2390云辰","110/08/30","元富-板橋",20,1,19
"8270","2390云辰","110/08/30","元大-林園",0,20,-20
"8271","2390云辰","110/08/30","元富-大裕",23,4,19
"8272","2390云辰","110/08/30","元大-斗信",0,18,-18
"8273","2390云辰","110/08/30","國票-博愛",21,2,19
"8274","2390云辰","110/08/30","玉山-新竹",3,20,-17
"8275","2390云辰","110/08/30","兆豐-台中港",17,0,17
"8276","2390云辰","110/08/30","統一-敦南",0,15,-15
"8277","2390云辰","110/08/30","新光",28,11,17
"8278","2390云辰","110/08/30","兆豐-三民",0,15,-15
"8279","2390云辰","110/08/30","元大-台中",17,0,17
"8280","2390云辰","110/08/30","兆豐-景美",1,14,-13
"8281","1315達新","110/08/26","豐農",32,0,32
"8282","1315達新","110/08/26","永豐金證券",1,17,-16
"8283","1315達新","110/08/26","統一-台中",5,0,5
"8284","1315達新","110/08/26","凱基-台北",0,9,-9
"8285","1315達新","110/08/26","凱基-中港",5,0,5
"8286","1315達新","110/08/26","永豐金-市政",0,8,-8
"8287","1315達新","110/08/26","台灣摩根士丹利",5,1,4
"8288","1315達新","110/08/26","富邦-台中",0,5,-5
"8289","1315達新","110/08/26","美商高盛",4,0,4
"8290","1315達新","110/08/26","元大-花蓮",0,5,-5
"8291","1315達新","110/08/26","聯邦-三重",2,0,2
"8292","1315達新","110/08/26","日盛-新竹",0,2,-2
"8293","1315達新","110/08/26","富邦-內湖",2,0,2
"8294","1315達新","110/08/26","美林",0,2,-2
"8295","1315達新","110/08/26","永興",1,0,1
"8296","1315達新","110/08/26","兆豐-南京",0,2,-2
"8297","1315達新","110/08/26","致和-佳里",1,0,1
"8298","1315達新","110/08/26","國泰-台中",1,3,-2
"8299","1315達新","110/08/26","凱基-三重",1,0,1
"8300","1315達新","110/08/26","華南永昌-楠梓",0,2,-2
"8301","1315達新","110/08/26","凱基-高美館",1,0,1
"8302","1315達新","110/08/26","瑞士信貸",0,1,-1
"8303","1315達新","110/08/26","凱基-內埔",1,0,1
"8304","1315達新","110/08/26","花旗環球",0,1,-1
"8305","1315達新","110/08/26","元大證券",1,0,1
"8306","1315達新","110/08/26","亞東-台南",0,1,-1
"8307","1315達新","110/08/26","元大-沙鹿",1,0,1
"8308","1315達新","110/08/26","第一金",0,1,-1
"8309","1315達新","110/08/26","元大-台北",1,0,1
"8310","1315達新","110/08/26","元富-花蓮",0,1,-1
"8311","2609陽明","110/08/26","永豐金-信義",3562,119,3443
"8312","2609陽明","110/08/26","凱基-台北",2973,9333,-6360
"8313","2609陽明","110/08/26","康和",4424,1135,3289
"8314","2609陽明","110/08/26","台灣摩根士丹利",92,1881,-1789
"8315","2609陽明","110/08/26","摩根大通",6387,3687,2700
"8316","2609陽明","110/08/26","美林",515,1703,-1188
"8317","2609陽明","110/08/26","兆豐-三民",2069,35,2034
"8318","2609陽明","110/08/26","兆豐-中壢",10,856,-846
"8319","2609陽明","110/08/26","花旗環球",1142,0,1142
"8320","2609陽明","110/08/26","富邦-台東",35,624,-589
"8321","2609陽明","110/08/26","統一-敦南",2070,936,1134
"8322","2609陽明","110/08/26","瑞士信貸",390,948,-558
"8323","2609陽明","110/08/26","兆豐-南京",1088,76,1012
"8324","2609陽明","110/08/26","日盛-板橋",169,679,-510
"8325","2609陽明","110/08/26","富邦-建國",1011,325,686
"8326","2609陽明","110/08/26","宏遠證券",1001,1420,-419
"8327","2609陽明","110/08/26","兆豐-虎尾",4061,3405,656
"8328","2609陽明","110/08/26","元大證券",1362,1772,-410
"8329","2609陽明","110/08/26","凱基-市政",1854,1349,505
"8330","2609陽明","110/08/26","富邦-南屯",218,600,-382
"8331","2609陽明","110/08/26","國票-彰化",1013,618,395
"8332","2609陽明","110/08/26","新加坡商瑞銀",1501,1879,-378
"8333","2609陽明","110/08/26","元大-樹林",436,112,324
"8334","2609陽明","110/08/26","兆豐-彰化",382,743,-361
"8335","2609陽明","110/08/26","群益金鼎",517,212,305
"8336","2609陽明","110/08/26","富邦-虎尾",3490,3837,-347
"8337","2609陽明","110/08/26","元富-文心",572,288,284
"8338","2609陽明","110/08/26","寶盛",15,315,-300
"8339","2609陽明","110/08/26","兆豐-埔墘",354,143,211
"8340","2609陽明","110/08/26","華南永昌-竹北",709,1009,-300
"8341","2636台驊投控","110/08/26","富邦-台北",72,6,66
"8342","2636台驊投控","110/08/26","凱基-台北",566,1251,-685
"8343","2636台驊投控","110/08/26","元大-松江",77,15,62
"8344","2636台驊投控","110/08/26","瑞士信貸",31,462,-431
"8345","2636台驊投控","110/08/26","永豐金-嘉義",114,54,60
"8346","2636台驊投控","110/08/26","美商高盛",35,394,-359
"8347","2636台驊投控","110/08/26","華南永昌-南京",78,22,56
"8348","2636台驊投控","110/08/26","台灣摩根士丹利",7,344,-337
"8349","2636台驊投控","110/08/26","國泰-敦南",176,125,51
"8350","2636台驊投控","110/08/26","國票-彰化",466,763,-297
"8351","2636台驊投控","110/08/26","宏遠-館前",50,0,50
"8352","2636台驊投控","110/08/26","美林",290,532,-242
"8353","2636台驊投控","110/08/26","群益金鼎-海山",62,18,44
"8354","2636台驊投控","110/08/26","兆豐-中壢",30,234,-204
"8355","2636台驊投控","110/08/26","第一金-中壢",50,7,43
"8356","2636台驊投控","110/08/26","港商野村",679,881,-202
"8357","2636台驊投控","110/08/26","兆豐-南京",54,11,43
"8358","2636台驊投控","110/08/26","元富-西松",54,219,-165
"8359","2636台驊投控","110/08/26","富邦-嘉義",53,11,42
"8360","2636台驊投控","110/08/26","元大-淡水",8,54,-46
"8361","2636台驊投控","110/08/26","新光",183,143,40
"8362","2636台驊投控","110/08/26","元大-士林",41,82,-41
"8363","2636台驊投控","110/08/26","元大-林森",42,3,39
"8364","2636台驊投控","110/08/26","新加坡商瑞銀",127,164,-37
"8365","2636台驊投控","110/08/26","日盛-忠孝",45,9,36
"8366","2636台驊投控","110/08/26","摩根大通",363,399,-36
"8367","2636台驊投控","110/08/26","華南永昌-合泰",56,20,36
"8368","2636台驊投控","110/08/26","日盛-永康",14,43,-29
"8369","2636台驊投控","110/08/26","日盛-木柵",46,11,35
"8370","2636台驊投控","110/08/26","台中銀-台北",5,33,-28
"8371","2867三商壽","110/08/26","美林",559,133,426
"8372","2867三商壽","110/08/26","台灣摩根士丹利",25,307,-282
"8373","2867三商壽","110/08/26","瑞士信貸",223,8,215
"8374","2867三商壽","110/08/26","凱基-中港",2,279,-277
"8375","2867三商壽","110/08/26","日盛-頭份",108,0,108
"8376","2867三商壽","110/08/26","花旗環球",0,180,-180
"8377","2867三商壽","110/08/26","臺銀-臺中",103,0,103
"8378","2867三商壽","110/08/26","元大-桃園",20,199,-179
"8379","2867三商壽","110/08/26","日盛-樹林",100,0,100
"8380","2867三商壽","110/08/26","國泰證券",0,150,-150
"8381","2867三商壽","110/08/26","新光",90,1,89
"8382","2867三商壽","110/08/26","凱基-台北",18,156,-138
"8383","2867三商壽","110/08/26","光和",80,0,80
"8384","2867三商壽","110/08/26","凱基-長庚",0,120,-120
"8385","2867三商壽","110/08/26","兆豐-城中",70,0,70
"8386","2867三商壽","110/08/26","摩根大通",59,172,-113
"8387","2867三商壽","110/08/26","凱基-高雄",60,0,60
"8388","2867三商壽","110/08/26","群益金鼎-大甲",0,90,-90
"8389","2867三商壽","110/08/26","凱基-林口",50,0,50
"8390","2867三商壽","110/08/26","中國信託-忠孝",0,70,-70
"8391","2867三商壽","110/08/26","富邦-高雄",60,11,49
"8392","2867三商壽","110/08/26","兆豐-新營",0,50,-50
"8393","2867三商壽","110/08/26","港商野村",66,29,37
"8394","2867三商壽","110/08/26","台灣企銀",0,40,-40
"8395","2867三商壽","110/08/26","大昌-新店",37,0,37
"8396","2867三商壽","110/08/26","華南永昌-高雄",24,60,-36
"8397","2867三商壽","110/08/26","國票-南崁",30,0,30
"8398","2867三商壽","110/08/26","兆豐-西螺",0,30,-30
"8399","2867三商壽","110/08/26","中農",25,0,25
"8400","2867三商壽","110/08/26","兆豐-斗南",0,30,-30
"8401","5521工信","110/08/26","摩根大通",563,0,563
"8402","5521工信","110/08/26","華南永昌-民權",0,100,-100
"8403","5521工信","110/08/26","凱基-台北",346,17,329
"8404","5521工信","110/08/26","台灣摩根士丹利",14,103,-89
"8405","5521工信","110/08/26","群益金鼎-大甲",145,0,145
"8406","5521工信","110/08/26","富邦-台北",0,47,-47
"8407","5521工信","110/08/26","美林",61,9,52
"8408","5521工信","110/08/26","國泰-板橋",0,46,-46
"8409","5521工信","110/08/26","兆豐-嘉義",50,0,50
"8410","5521工信","110/08/26","元富-新店",0,40,-40
"8411","5521工信","110/08/26","美商高盛",49,0,49
"8412","5521工信","110/08/26","中國信託-三重",0,40,-40
"8413","5521工信","110/08/26","日進",45,0,45
"8414","5521工信","110/08/26","永豐金-中盛",0,33,-33
"8415","5521工信","110/08/26","元大證券",47,2,45
"8416","5521工信","110/08/26","日盛-中壢",0,32,-32
"8417","5521工信","110/08/26","康和-台中",30,0,30
"8418","5521工信","110/08/26","新光",0,32,-32
"8419","5521工信","110/08/26","福勝",30,12,18
"8420","5521工信","110/08/26","富邦-嘉義",0,31,-31
"8421","5521工信","110/08/26","港商野村",16,0,16
"8422","5521工信","110/08/26","日盛-雙和",0,30,-30
"8423","5521工信","110/08/26","統一-屏東",15,0,15
"8424","5521工信","110/08/26","國票-安和",0,24,-24
"8425","5521工信","110/08/26","日盛-新莊",30,20,10
"8426","5521工信","110/08/26","第一金-桃園",0,23,-23
"8427","5521工信","110/08/26","日盛-中和",10,0,10
"8428","5521工信","110/08/26","日盛-大墩",0,20,-20
"8429","5521工信","110/08/26","凱基-高雄",10,0,10
"8430","5521工信","110/08/26","第一金-華江",0,20,-20
"8431","1471首利","110/08/26","瑞士信貸",60,4,56
"8432","1471首利","110/08/26","群益金鼎-東大",0,120,-120
"8433","1471首利","110/08/26","永豐金-台南",34,0,34
"8434","1471首利","110/08/26","元大-敦化",0,86,-86
"8435","1471首利","110/08/26","大慶",25,0,25
"8436","1471首利","110/08/26","美林",0,40,-40
"8437","1471首利","110/08/26","台中銀-員林",20,0,20
"8438","1471首利","110/08/26","台灣摩根士丹利",0,36,-36
"8439","1471首利","110/08/26","群益金鼎-土城",20,0,20
"8440","1471首利","110/08/26","摩根大通",25,61,-36
"8441","1471首利","110/08/26","新光",16,0,16
"8442","1471首利","110/08/26","元大-內湖",0,30,-30
"8443","1471首利","110/08/26","永豐金-大園",11,0,11
"8444","1471首利","110/08/26","凱基-五股",0,25,-25
"8445","1471首利","110/08/26","永豐金-竹北",11,0,11
"8446","1471首利","110/08/26","元大-大甲",0,20,-20
"8447","1471首利","110/08/26","第一金-台南",10,0,10
"8448","1471首利","110/08/26","台新證券",3,20,-17
"8449","1471首利","110/08/26","中國信託",10,0,10
"8450","1471首利","110/08/26","兆豐-西螺",0,14,-14
"8451","1471首利","110/08/26","中國信託-永康",10,0,10
"8452","1471首利","110/08/26","凱基-台北",4,18,-14
"8453","1471首利","110/08/26","群益金鼎-海山",10,0,10
"8454","1471首利","110/08/26","大慶-富順",0,10,-10
"8455","1471首利","110/08/26","富邦-板橋",10,0,10
"8456","1471首利","110/08/26","國票-九鼎",0,5,-5
"8457","1471首利","110/08/26","元大-永康",10,0,10
"8458","1471首利","110/08/26","元大-斗信",0,5,-5
"8459","1471首利","110/08/26","元富-草屯",9,0,9
"8460","1471首利","110/08/26","永豐金-敦北",0,5,-5
"8461","2883開發金","110/08/26","美林",3929,1002,2927
"8462","2883開發金","110/08/26","台灣摩根士丹利",24,5752,-5728
"8463","2883開發金","110/08/26","元大證券",2303,84,2219
"8464","2883開發金","110/08/26","統一",3,2525,-2522
"8465","2883開發金","110/08/26","港商法國興業",1967,153,1814
"8466","2883開發金","110/08/26","瑞士信貸",71,2033,-1962
"8467","2883開發金","110/08/26","玉山證券",1626,46,1580
"8468","2883開發金","110/08/26","永豐金-新莊",1,1001,-1000
"8469","2883開發金","110/08/26","摩根大通",2510,1213,1297
"8470","2883開發金","110/08/26","新加坡商瑞銀",508,1498,-990
"8471","2883開發金","110/08/26","元大-草屯",1002,18,984
"8472","2883開發金","110/08/26","港商野村",4,846,-842
"8473","2883開發金","110/08/26","華南永昌",1021,206,815
"8474","2883開發金","110/08/26","香港上海匯豐",0,698,-698
"8475","2883開發金","110/08/26","陽信",400,0,400
"8476","2883開發金","110/08/26","凱基-台北",725,1403,-678
"8477","2883開發金","110/08/26","第一金-台南",314,12,302
"8478","2883開發金","110/08/26","永豐金證券",100,493,-393
"8479","2883開發金","110/08/26","國泰-館前",373,86,287
"8480","2883開發金","110/08/26","美商高盛",32,393,-361
"8481","2883開發金","110/08/26","亞東-台中",282,0,282
"8482","2883開發金","110/08/26","元富-城東",4,287,-283
"8483","2883開發金","110/08/26","台新證券",390,136,254
"8484","2883開發金","110/08/26","兆豐-北高雄",172,451,-279
"8485","2883開發金","110/08/26","凱基-宜蘭",270,25,245
"8486","2883開發金","110/08/26","富邦證券",10,235,-225
"8487","2883開發金","110/08/26","凱基-台東",342,113,229
"8488","2883開發金","110/08/26","兆豐-三民",2,210,-208
"8489","2883開發金","110/08/26","永豐金-竹科",233,10,223
"8490","2883開發金","110/08/26","新光",885,1069,-184
"8491","6205詮欣","110/08/26","凱基-信義",20,0,20
"8492","6205詮欣","110/08/26","永豐金-敦南",0,30,-30
"8493","6205詮欣","110/08/26","凱基-長庚",11,0,11
"8494","6205詮欣","110/08/26","凱基-台北",0,9,-9
"8495","6205詮欣","110/08/26","日盛-北高雄",5,0,5
"8496","6205詮欣","110/08/26","凱基-台南",0,7,-7
"8497","6205詮欣","110/08/26","台中銀",5,0,5
"8498","6205詮欣","110/08/26","摩根大通",4,10,-6
"8499","6205詮欣","110/08/26","臺銀-民權",4,0,4
"8500","6205詮欣","110/08/26","兆豐-公益",0,4,-4
"8501","6205詮欣","110/08/26","臺銀-臺中",3,0,3
"8502","6205詮欣","110/08/26","永豐金證券",0,4,-4
"8503","6205詮欣","110/08/26","台新-屏東",3,0,3
"8504","6205詮欣","110/08/26","港商法國興業",0,3,-3
"8505","6205詮欣","110/08/26","日盛-土城",2,0,2
"8506","6205詮欣","110/08/26","瑞士信貸",0,2,-2
"8507","6205詮欣","110/08/26","中農",2,0,2
"8508","6205詮欣","110/08/26","亞東",0,2,-2
"8509","6205詮欣","110/08/26","玉山-台大",2,0,2
"8510","6205詮欣","110/08/26","新光-高雄",0,2,-2
"8511","6205詮欣","110/08/26","玉山-大里",2,0,2
"8512","6205詮欣","110/08/26","元大-屏東民生",0,2,-2
"8513","6205詮欣","110/08/26","國泰-板橋",2,0,2
"8514","6205詮欣","110/08/26","元大-仁愛",0,2,-2
"8515","6205詮欣","110/08/26","凱基-高美館",2,0,2
"8516","6205詮欣","110/08/26","永豐金-台南",0,2,-2
"8517","6205詮欣","110/08/26","華南永昌-台中",2,0,2
"8518","6205詮欣","110/08/26","大慶-台南",0,1,-1
"8519","6205詮欣","110/08/26","永豐金-中和",2,0,2
"8520","6205詮欣","110/08/26","新光",0,1,-1
"8521","1540喬福","110/08/26","元大-士林",12,0,12
"8522","1540喬福","110/08/26","富邦-中壢",0,14,-14
"8523","1540喬福","110/08/26","凱基-中壢",5,0,5
"8524","1540喬福","110/08/26","富邦-虎尾",0,13,-13
"8525","1540喬福","110/08/26","富邦-仁愛",5,0,5
"8526","1540喬福","110/08/26","台新-高雄",0,5,-5
"8527","1540喬福","110/08/26","凱基-台北",4,0,4
"8528","1540喬福","110/08/26","日盛-花蓮",0,2,-2
"8529","1540喬福","110/08/26","富邦-建國",3,0,3
"8530","1540喬福","110/08/26","北城證券",0,2,-2
"8531","1540喬福","110/08/26","中國信託",2,0,2
"8532","1540喬福","110/08/26","元大-南屯",0,1,-1
"8533","1540喬福","110/08/26","國泰-忠孝",2,0,2
"8534","1540喬福","110/08/26","凱基-北門",0,1,-1
"8535","1540喬福","110/08/26","群益金鼎-崇德",2,0,2
"8536","1540喬福","110/08/26","統一-員林",0,1,-1
"8537","1540喬福","110/08/26","永豐金-埔里",1,0,1
"8538","1540喬福","110/08/26","美商高盛",0,1,-1
"8539","1540喬福","110/08/26","致和-南京",1,0,1
"8540","1540喬福","110/08/26","美林",0,1,-1
"8541","1540喬福","110/08/26","華南永昌-中正",1,0,1
"8542","1540喬福","110/08/26","康和-板橋",0,0,0
"8543","1540喬福","110/08/26","富邦-台北",1,0,1
"8544","1540喬福","110/08/26","凱基-竹北",0,0,0
"8545","1540喬福","110/08/26","富邦-左營",1,0,1
"8546","1540喬福","110/08/26","高橋",0,0,0
"8547","1540喬福","110/08/26","華南永昌-敦南",0,0,0
"8548","1540喬福","110/08/26","華南永昌-敦南",0,0,0
"8549","1540喬福","110/08/26","元大-金門",0,0,0
"8550","1540喬福","110/08/26","元大-莒光",0,0,0
"8551","2888新光金","110/08/26","瑞士信貸",3038,457,2581
"8552","2888新光金","110/08/26","元富-大昌",7,9389,-9382
"8553","2888新光金","110/08/26","群益金鼎-崇德",1739,0,1739
"8554","2888新光金","110/08/26","元富-城東",37,2318,-2281
"8555","2888新光金","110/08/26","富邦-岡山",1647,23,1624
"8556","2888新光金","110/08/26","永豐金證券",28,1552,-1524
"8557","2888新光金","110/08/26","凱基-台北",3564,2278,1286
"8558","2888新光金","110/08/26","國票-長城",500,2005,-1505
"8559","2888新光金","110/08/26","致和證券",1108,5,1103
"8560","2888新光金","110/08/26","花旗環球",138,1202,-1064
"8561","2888新光金","110/08/26","美林",1537,539,998
"8562","2888新光金","110/08/26","台灣摩根士丹利",55,1026,-971
"8563","2888新光金","110/08/26","群益金鼎-嘉義",903,17,886
"8564","2888新光金","110/08/26","元富",1,799,-798
"8565","2888新光金","110/08/26","大慶-高雄",832,0,832
"8566","2888新光金","110/08/26","元富-世貿",8,776,-768
"8567","2888新光金","110/08/26","永豐金-板橋",820,1,819
"8568","2888新光金","110/08/26","(牛牛牛)亞-鑫豐",34,645,-611
"8569","2888新光金","110/08/26","凱基-桃園",774,15,759
"8570","2888新光金","110/08/26","香港上海匯豐",0,600,-600
"8571","2888新光金","110/08/26","日盛-忠孝",744,10,734
"8572","2888新光金","110/08/26","元大-板橋",37,499,-462
"8573","2888新光金","110/08/26","新光",766,153,613
"8574","2888新光金","110/08/26","港商法國興業",135,568,-433
"8575","2888新光金","110/08/26","合庫-高雄",607,0,607
"8576","2888新光金","110/08/26","元大證券",239,634,-395
"8577","2888新光金","110/08/26","宏遠-桃園",504,0,504
"8578","2888新光金","110/08/26","元富-文心",132,483,-351
"8579","2888新光金","110/08/26","凱基-台南",520,23,497
"8580","2888新光金","110/08/26","元富-成功",19,358,-339
"8581","1340勝悅","110/08/26","元大-基隆孝二",10,0,10
"8582","1340勝悅","110/08/26","元大-新盛",0,16,-16
"8583","1340勝悅","110/08/26","凱基-台北",9,1,8
"8584","1340勝悅","110/08/26","元大-四維",0,11,-11
"8585","1340勝悅","110/08/26","國泰-台中",7,0,7
"8586","1340勝悅","110/08/26","凱基-松山",0,10,-10
"8587","1340勝悅","110/08/26","美林",6,0,6
"8588","1340勝悅","110/08/26","元大-東門",0,10,-10
"8589","1340勝悅","110/08/26","臺灣企銀-埔墘",5,0,5
"8590","1340勝悅","110/08/26","統一-南京",0,8,-8
"8591","1340勝悅","110/08/26","統一-城中",5,1,4
"8592","1340勝悅","110/08/26","國票-台東",0,5,-5
"8593","1340勝悅","110/08/26","群益金鼎-北高雄",4,0,4
"8594","1340勝悅","110/08/26","摩根大通",2,7,-5
"8595","1340勝悅","110/08/26","日盛-鳳山",3,0,3
"8596","1340勝悅","110/08/26","元大-忠孝鼎富",0,5,-5
"8597","1340勝悅","110/08/26","元大-林園",5,2,3
"8598","1340勝悅","110/08/26","港商法國興業",0,2,-2
"8599","1340勝悅","110/08/26","宏遠-桃園",2,0,2
"8600","1340勝悅","110/08/26","兆豐-三民",0,2,-2
"8601","1340勝悅","110/08/26","第一金-華江",2,0,2
"8602","1340勝悅","110/08/26","臺銀",0,1,-1
"8603","1340勝悅","110/08/26","中農",2,0,2
"8604","1340勝悅","110/08/26","中國信託-文心",0,1,-1
"8605","1340勝悅","110/08/26","國泰-敦南",5,3,2
"8606","1340勝悅","110/08/26","凱基",0,1,-1
"8607","1340勝悅","110/08/26","國泰-館前",2,0,2
"8608","1340勝悅","110/08/26","富邦-嘉義",0,1,-1
"8609","1340勝悅","110/08/26","富邦-北港",2,0,2
"8610","1340勝悅","110/08/26","元大-東泰",0,1,-1
"8611","6246臺龍","110/08/26","兆豐-內湖",40,0,40
"8612","6246臺龍","110/08/26","兆豐-忠孝",0,20,-20
"8613","6246臺龍","110/08/26","新光-台中",11,0,11
"8614","6246臺龍","110/08/26","統一-台南",0,15,-15
"8615","6246臺龍","110/08/26","凱基-永康",10,0,10
"8616","6246臺龍","110/08/26","聯邦-大業",0,10,-10
"8617","6246臺龍","110/08/26","元大-屏南",10,0,10
"8618","6246臺龍","110/08/26","港商野村",0,9,-9
"8619","6246臺龍","110/08/26","元富-板橋",5,0,5
"8620","6246臺龍","110/08/26","元大-員林",0,6,-6
"8621","6246臺龍","110/08/26","元大-北港",5,0,5
"8622","6246臺龍","110/08/26","元富-宜蘭",0,5,-5
"8623","6246臺龍","110/08/26","元大-小港",5,0,5
"8624","6246臺龍","110/08/26","永豐金-板橋",0,5,-5
"8625","6246臺龍","110/08/26","兆豐-竹北",4,0,4
"8626","6246臺龍","110/08/26","兆豐-公益",0,4,-4
"8627","6246臺龍","110/08/26","華南永昌-台中",4,0,4
"8628","6246臺龍","110/08/26","兆豐-新營",0,4,-4
"8629","6246臺龍","110/08/26","華南永昌-彰化",3,0,3
"8630","6246臺龍","110/08/26","國票-新莊",0,4,-4
"8631","6246臺龍","110/08/26","元大-大雅",3,0,3
"8632","6246臺龍","110/08/26","玉山證券",0,4,-4
"8633","6246臺龍","110/08/26","土銀-新竹",2,0,2
"8634","6246臺龍","110/08/26","凱基-長庚",0,4,-4
"8635","6246臺龍","110/08/26","日盛-八德",2,0,2
"8636","6246臺龍","110/08/26","永豐金-復興",1,5,-4
"8637","6246臺龍","110/08/26","高橋",2,0,2
"8638","6246臺龍","110/08/26","元大-永康",0,3,-3
"8639","6246臺龍","110/08/26","玉山-台南",2,0,2
"8640","6246臺龍","110/08/26","台新證券",0,2,-2
"8641","00715L期街口布蘭特正2","110/08/26","元大證券",27288,25,27263
"8642","00715L期街口布蘭特正2","110/08/26","宏遠-高雄",0,11055,-11055
"8643","00715L期街口布蘭特正2","110/08/26","永豐金證券",6471,22,6449
"8644","00715L期街口布蘭特正2","110/08/26","元大-萬華",0,2051,-2051
"8645","00715L期街口布蘭特正2","110/08/26","元富",3942,0,3942
"8646","00715L期街口布蘭特正2","110/08/26","(牛牛牛)亞-鑫豐",17,1456,-1439
"8647","00715L期街口布蘭特正2","110/08/26","合庫證券",3500,20,3480
"8648","00715L期街口布蘭特正2","110/08/26","元大-新竹",110,1320,-1210
"8649","00715L期街口布蘭特正2","110/08/26","國票",2138,8,2130
"8650","00715L期街口布蘭特正2","110/08/26","元大-永康",0,1053,-1053
"8651","00715L期街口布蘭特正2","110/08/26","群益金鼎",1740,0,1740
"8652","00715L期街口布蘭特正2","110/08/26","華南永昌-台中",102,827,-725
"8653","00715L期街口布蘭特正2","110/08/26","統一",1396,3,1393
"8654","00715L期街口布蘭特正2","110/08/26","玉山-大里",2,630,-628
"8655","00715L期街口布蘭特正2","110/08/26","台新證券",1085,223,862
"8656","00715L期街口布蘭特正2","110/08/26","華南永昌",0,606,-606
"8657","00715L期街口布蘭特正2","110/08/26","聯邦-三重",550,19,531
"8658","00715L期街口布蘭特正2","110/08/26","新光",179,718,-539
"8659","00715L期街口布蘭特正2","110/08/26","國票-博愛",550,30,520
"8660","00715L期街口布蘭特正2","110/08/26","國泰-敦南",607,1119,-512
"8661","00715L期街口布蘭特正2","110/08/26","富邦證券",562,99,463
"8662","00715L期街口布蘭特正2","110/08/26","元大-大雅",22,524,-502
"8663","00715L期街口布蘭特正2","110/08/26","兆豐證券",600,156,444
"8664","00715L期街口布蘭特正2","110/08/26","玉山-新竹",0,489,-489
"8665","00715L期街口布蘭特正2","110/08/26","凱基-台北",401,129,272
"8666","00715L期街口布蘭特正2","110/08/26","第一金-路竹",5,459,-454
"8667","00715L期街口布蘭特正2","110/08/26","凱基-新豐",208,20,188
"8668","00715L期街口布蘭特正2","110/08/26","富邦-嘉義",0,406,-406
"8669","00715L期街口布蘭特正2","110/08/26","新光-桃園",92,29,63
"8670","00715L期街口布蘭特正2","110/08/26","元大-淡水",1,326,-325
"8671","8941關中","110/08/26","元大-四維",6,0,6
"8672","8941關中","110/08/26","凱基-中山",0,4,-4
"8673","8941關中","110/08/26","玉山證券",4,0,4
"8674","8941關中","110/08/26","富邦-員林",2,6,-4
"8675","8941關中","110/08/26","元富-台中",1,0,1
"8676","8941關中","110/08/26","彰銀-台中",0,1,-1
"8677","8941關中","110/08/26","元大-斗六",1,0,1
"8678","8941關中","110/08/26","第一金-台中",0,1,-1
"8679","8941關中","110/08/26","凱基-高美館",3,3,0
"8680","8941關中","110/08/26","康和-板橋",0,1,-1
"8681","8941關中","110/08/26","元大-金華",3,3,0
"8682","8941關中","110/08/26","元大-桃興",1,2,-1
"8683","8941關中","110/08/26","永豐金-敦北",0,0,0
"8684","8941關中","110/08/26","凱基-高美館",3,3,0
"8685","8941關中","110/08/26","永豐金-萬盛",0,0,0
"8686","8941關中","110/08/26","元大-金華",3,3,0
"8687","8941關中","110/08/26","永豐金-南投",0,0,0
"8688","8941關中","110/08/26","永豐金-敦北",0,0,0
"8689","8941關中","110/08/26","",NA,NA,NA
"8690","8941關中","110/08/26","永豐金-萬盛",0,0,0
"8691","8941關中","110/08/26","",NA,NA,NA
"8692","8941關中","110/08/26","永豐金-南投",0,0,0
"8693","8941關中","110/08/26","",NA,NA,NA
"8694","8941關中","110/08/26","",NA,NA,NA
"8695","8941關中","110/08/26","",NA,NA,NA
"8696","8941關中","110/08/26","",NA,NA,NA
"8697","8941關中","110/08/26","",NA,NA,NA
"8698","8941關中","110/08/26","",NA,NA,NA
"8699","8941關中","110/08/26","",NA,NA,NA
"8700","8941關中","110/08/26","",NA,NA,NA
"8701","8936國統","110/08/26","永豐金-苓雅",106,0,106
"8702","8936國統","110/08/26","元大-蘆洲",0,107,-107
"8703","8936國統","110/08/26","台新-高雄",48,2,46
"8704","8936國統","110/08/26","元富-新興",0,96,-96
"8705","8936國統","110/08/26","元大-天母",43,0,43
"8706","8936國統","110/08/26","康和-嘉義",2,79,-77
"8707","8936國統","110/08/26","光和-溪湖",40,0,40
"8708","8936國統","110/08/26","凱基-台北",1,72,-71
"8709","8936國統","110/08/26","元富-敦南",32,0,32
"8710","8936國統","110/08/26","新光-台中",30,89,-59
"8711","8936國統","110/08/26","中國信託-高雄",31,0,31
"8712","8936國統","110/08/26","國票-台東",0,50,-50
"8713","8936國統","110/08/26","國票-敦北法人",20,0,20
"8714","8936國統","110/08/26","摩根大通",4,39,-35
"8715","8936國統","110/08/26","台灣摩根士丹利",14,0,14
"8716","8936國統","110/08/26","富邦-陽明",0,30,-30
"8717","8936國統","110/08/26","美林",12,0,12
"8718","8936國統","110/08/26","新加坡商瑞銀",23,51,-28
"8719","8936國統","110/08/26","國泰-館前",12,0,12
"8720","8936國統","110/08/26","新光-新竹",5,25,-20
"8721","8936國統","110/08/26","第一金-桃園",11,0,11
"8722","8936國統","110/08/26","永豐金-北高雄",0,15,-15
"8723","8936國統","110/08/26","日盛證券",10,0,10
"8724","8936國統","110/08/26","群益金鼎-彰化",0,12,-12
"8725","8936國統","110/08/26","日盛-北高雄",10,0,10
"8726","8936國統","110/08/26","日盛-忠孝",0,10,-10
"8727","8936國統","110/08/26","統一-台中",10,0,10
"8728","8936國統","110/08/26","中國信託-松江",0,10,-10
"8729","8936國統","110/08/26","兆豐-竹北",10,0,10
"8730","8936國統","110/08/26","富邦-三重",0,10,-10
"8731","6226光鼎","110/08/26","大展-台南",235,14,221
"8732","6226光鼎","110/08/26","摩根大通",0,1105,-1105
"8733","6226光鼎","110/08/26","宏遠-光隆",186,32,154
"8734","6226光鼎","110/08/26","台灣摩根士丹利",12,742,-730
"8735","6226光鼎","110/08/26","兆豐-松德",145,0,145
"8736","6226光鼎","110/08/26","元大-大同",6,557,-551
"8737","6226光鼎","110/08/26","凱基-台北",204,67,137
"8738","6226光鼎","110/08/26","統一",13,410,-397
"8739","6226光鼎","110/08/26","合庫-台中",127,13,114
"8740","6226光鼎","110/08/26","凱基-永和",10,305,-295
"8741","6226光鼎","110/08/26","元大-敦化",97,0,97
"8742","6226光鼎","110/08/26","港商野村",193,480,-287
"8743","6226光鼎","110/08/26","中國信託-忠孝",97,13,84
"8744","6226光鼎","110/08/26","美商高盛",48,329,-281
"8745","6226光鼎","110/08/26","國泰-敦南",354,272,82
"8746","6226光鼎","110/08/26","美林",73,274,-201
"8747","6226光鼎","110/08/26","臺銀-鳳山",84,12,72
"8748","6226光鼎","110/08/26","統一-南京",5,205,-200
"8749","6226光鼎","110/08/26","元大-木柵",80,12,68
"8750","6226光鼎","110/08/26","富邦證券",0,95,-95
"8751","6226光鼎","110/08/26","富邦-台北",73,6,67
"8752","6226光鼎","110/08/26","凱基-大直",110,187,-77
"8753","6226光鼎","110/08/26","永豐金-苓雅",67,0,67
"8754","6226光鼎","110/08/26","元大-四維",61,135,-74
"8755","6226光鼎","110/08/26","元大-大雅",184,127,57
"8756","6226光鼎","110/08/26","群益金鼎-鳳山",2,61,-59
"8757","6226光鼎","110/08/26","玉山-板橋",55,0,55
"8758","6226光鼎","110/08/26","富邦-建國",18,74,-56
"8759","6226光鼎","110/08/26","元大-仁愛",55,0,55
"8760","6226光鼎","110/08/26","永豐金-虎尾",1,50,-49
"8761","2363矽統","110/08/26","美林",676,159,517
"8762","2363矽統","110/08/26","凱基-台北",1056,1726,-670
"8763","2363矽統","110/08/26","合庫-基隆",1381,1003,378
"8764","2363矽統","110/08/26","宏遠-光隆",18,368,-350
"8765","2363矽統","110/08/26","富邦-彰化",380,25,355
"8766","2363矽統","110/08/26","台新-台南",56,248,-192
"8767","2363矽統","110/08/26","第一金-桃園",311,12,299
"8768","2363矽統","110/08/26","日盛-南京",34,170,-136
"8769","2363矽統","110/08/26","華南永昌-台中",349,81,268
"8770","2363矽統","110/08/26","北城證券",206,329,-123
"8771","2363矽統","110/08/26","新光",480,249,231
"8772","2363矽統","110/08/26","光和-嘉義",20,137,-117
"8773","2363矽統","110/08/26","瑞士信貸",198,3,195
"8774","2363矽統","110/08/26","統一-城中",75,189,-114
"8775","2363矽統","110/08/26","元大-前金",160,31,129
"8776","2363矽統","110/08/26","華南永昌-朴子",28,131,-103
"8777","2363矽統","110/08/26","元大-博愛",157,31,126
"8778","2363矽統","110/08/26","康和-嘉義",3,101,-98
"8779","2363矽統","110/08/26","凱基-嘉義",90,6,84
"8780","2363矽統","110/08/26","凱基-中山",8,105,-97
"8781","2363矽統","110/08/26","玉山-桃園",104,24,80
"8782","2363矽統","110/08/26","台新-台中",29,118,-89
"8783","2363矽統","110/08/26","元大-和平",80,13,67
"8784","2363矽統","110/08/26","凱基-大直",30,108,-78
"8785","2363矽統","110/08/26","第一金-嘉義",71,11,60
"8786","2363矽統","110/08/26","亞東-板橋",17,89,-72
"8787","2363矽統","110/08/26","新光-桃園",163,105,58
"8788","2363矽統","110/08/26","國泰-板橋",93,164,-71
"8789","2363矽統","110/08/26","元大-左營",68,13,55
"8790","2363矽統","110/08/26","統一-永和",2,62,-60
"8791","8112至上","110/08/26","凱基-台北",372,56,316
"8792","8112至上","110/08/26","群益金鼎",0,150,-150
"8793","8112至上","110/08/26","摩根大通",376,62,314
"8794","8112至上","110/08/26","台新-台中",10,113,-103
"8795","8112至上","110/08/26","凱基-竹科",151,1,150
"8796","8112至上","110/08/26","群益金鼎-基隆",0,90,-90
"8797","8112至上","110/08/26","新加坡商瑞銀",191,45,146
"8798","8112至上","110/08/26","永豐金-台中",1,80,-79
"8799","8112至上","110/08/26","台灣摩根士丹利",129,41,88
"8800","8112至上","110/08/26","凱基-東勢",0,50,-50
"8801","8112至上","110/08/26","美商高盛",172,92,80
"8802","8112至上","110/08/26","凱基-北門",0,50,-50
"8803","8112至上","110/08/26","日進",69,3,66
"8804","8112至上","110/08/26","元大-西門",0,50,-50
"8805","8112至上","110/08/26","兆豐-西螺",60,0,60
"8806","8112至上","110/08/26","群益金鼎-高雄",0,40,-40
"8807","8112至上","110/08/26","港商野村",63,24,39
"8808","8112至上","110/08/26","元富-新莊",0,31,-31
"8809","8112至上","110/08/26","元大-竹東",30,0,30
"8810","8112至上","110/08/26","日盛-復興",1,31,-30
"8811","8112至上","110/08/26","元大-淡水",30,2,28
"8812","8112至上","110/08/26","統一-南京",0,30,-30
"8813","8112至上","110/08/26","康和",30,5,25
"8814","8112至上","110/08/26","凱基-士林",1,31,-30
"8815","8112至上","110/08/26","凱基-三重",22,0,22
"8816","8112至上","110/08/26","元大-佳里",0,30,-30
"8817","8112至上","110/08/26","元大-楊梅",20,1,19
"8818","8112至上","110/08/26","台灣企銀-民雄",0,27,-27
"8819","8112至上","110/08/26","元大-豐原",20,2,18
"8820","8112至上","110/08/26","日盛-台南",0,27,-27
"8821","1570力肯","110/08/26","群益金鼎-高雄",34,0,34
"8822","1570力肯","110/08/26","永豐金-虎尾",0,50,-50
"8823","1570力肯","110/08/26","香港上海匯豐",21,0,21
"8824","1570力肯","110/08/26","富邦-高雄",0,38,-38
"8825","1570力肯","110/08/26","凱基-台北",9,1,8
"8826","1570力肯","110/08/26","華南永昌-麻豆",0,14,-14
"8827","1570力肯","110/08/26","國票-台中",7,0,7
"8828","1570力肯","110/08/26","摩根大通",0,11,-11
"8829","1570力肯","110/08/26","美林",6,0,6
"8830","1570力肯","110/08/26","凱基-復興",0,7,-7
"8831","1570力肯","110/08/26","群益金鼎-瑞豐",6,0,6
"8832","1570力肯","110/08/26","元大-基隆孝二",0,7,-7
"8833","1570力肯","110/08/26","日茂-南投",5,0,5
"8834","1570力肯","110/08/26","國票-博愛",2,8,-6
"8835","1570力肯","110/08/26","兆豐-鹿港",5,0,5
"8836","1570力肯","110/08/26","元富-城東",0,5,-5
"8837","1570力肯","110/08/26","兆豐-松德",5,0,5
"8838","1570力肯","110/08/26","兆豐-中壢",0,4,-4
"8839","1570力肯","110/08/26","國票-和平",5,0,5
"8840","1570力肯","110/08/26","華南永昌-大安",0,4,-4
"8841","1570力肯","110/08/26","凱基-站前",5,0,5
"8842","1570力肯","110/08/26","統一-三重",0,3,-3
"8843","1570力肯","110/08/26","元大-新竹經國",5,0,5
"8844","1570力肯","110/08/26","統一-員林",0,2,-2
"8845","1570力肯","110/08/26","元大-草屯",4,0,4
"8846","1570力肯","110/08/26","凱基-天母",0,2,-2
"8847","1570力肯","110/08/26","(牛牛牛)亞-鑫豐",3,0,3
"8848","1570力肯","110/08/26","元大-大里",0,2,-2
"8849","1570力肯","110/08/26","國票-北高雄",4,1,3
"8850","1570力肯","110/08/26","大慶-富順",0,1,-1
"8851","2929淘帝","110/08/26","新光-新竹",47,0,47
"8852","2929淘帝","110/08/26","元大-豐原站前",0,20,-20
"8853","2929淘帝","110/08/26","摩根大通",20,0,20
"8854","2929淘帝","110/08/26","康和-仁愛",0,17,-17
"8855","2929淘帝","110/08/26","兆豐-民生",10,0,10
"8856","2929淘帝","110/08/26","新光-台中",16,32,-16
"8857","2929淘帝","110/08/26","元大-承德",10,0,10
"8858","2929淘帝","110/08/26","港商野村",3,15,-12
"8859","2929淘帝","110/08/26","元大-萬華",10,0,10
"8860","2929淘帝","110/08/26","合庫-自強",0,10,-10
"8861","2929淘帝","110/08/26","日盛-和美",5,0,5
"8862","2929淘帝","110/08/26","美林",3,12,-9
"8863","2929淘帝","110/08/26","台中銀-豐原",5,0,5
"8864","2929淘帝","110/08/26","富邦-南屯",1,10,-9
"8865","2929淘帝","110/08/26","國泰-敦南",5,0,5
"8866","2929淘帝","110/08/26","元富-花蓮",0,8,-8
"8867","2929淘帝","110/08/26","元大-大雅",5,0,5
"8868","2929淘帝","110/08/26","富邦-高雄",0,8,-8
"8869","2929淘帝","110/08/26","元大-蘆洲",5,0,5
"8870","2929淘帝","110/08/26","華南永昌-古亭",0,5,-5
"8871","2929淘帝","110/08/26","富邦-內湖",4,0,4
"8872","2929淘帝","110/08/26","港商法國興業",0,4,-4
"8873","2929淘帝","110/08/26","元大-太平",4,0,4
"8874","2929淘帝","110/08/26","新加坡商瑞銀",0,4,-4
"8875","2929淘帝","110/08/26","新光-台南",3,0,3
"8876","2929淘帝","110/08/26","第一金-台南",0,4,-4
"8877","2929淘帝","110/08/26","陽信",3,0,3
"8878","2929淘帝","110/08/26","凱基-長庚",0,4,-4
"8879","2929淘帝","110/08/26","國泰-板橋",3,0,3
"8880","2929淘帝","110/08/26","元大-新竹經國",0,4,-4
"8881","5410國眾","110/08/26","香港上海匯豐",34,0,34
"8882","5410國眾","110/08/26","高橋",0,20,-20
"8883","5410國眾","110/08/26","凱基-台北",34,1,33
"8884","5410國眾","110/08/26","寶盛",0,10,-10
"8885","5410國眾","110/08/26","玉山-高雄",15,0,15
"8886","5410國眾","110/08/26","安泰",0,10,-10
"8887","5410國眾","110/08/26","富邦-內湖",10,0,10
"8888","5410國眾","110/08/26","國泰-敦南",0,10,-10
"8889","5410國眾","110/08/26","元大-中壢",7,0,7
"8890","5410國眾","110/08/26","國泰-台南",0,9,-9
"8891","5410國眾","110/08/26","元大-內湖",7,0,7
"8892","5410國眾","110/08/26","玉山-雙和",0,7,-7
"8893","5410國眾","110/08/26","康和-新竹",6,0,6
"8894","5410國眾","110/08/26","元大-金華",0,7,-7
"8895","5410國眾","110/08/26","摩根大通",5,0,5
"8896","5410國眾","110/08/26","台新-建北",0,6,-6
"8897","5410國眾","110/08/26","凱基-長庚",5,0,5
"8898","5410國眾","110/08/26","元大-羅東",0,6,-6
"8899","5410國眾","110/08/26","元大-向上",5,0,5
"8900","5410國眾","110/08/26","合庫-嘉義",0,5,-5
"8901","5410國眾","110/08/26","元大-南屯",5,0,5
"8902","5410國眾","110/08/26","新光",1,6,-5
"8903","5410國眾","110/08/26","華南永昌-林口",4,0,4
"8904","5410國眾","110/08/26","富邦-台北",0,5,-5
"8905","5410國眾","110/08/26","台新-中壢",3,0,3
"8906","5410國眾","110/08/26","元大-土城",0,5,-5
"8907","5410國眾","110/08/26","華南永昌-內壢",3,0,3
"8908","5410國眾","110/08/26","臺銀-臺中",0,3,-3
"8909","5410國眾","110/08/26","元大-北投",2,0,2
"8910","5410國眾","110/08/26","第一金-澎湖",0,3,-3
"8911","2841台開","110/08/26","宏遠-館前",180,0,180
"8912","2841台開","110/08/26","台中銀",0,50,-50
"8913","2841台開","110/08/26","元富-新興",25,0,25
"8914","2841台開","110/08/26","港商野村",0,35,-35
"8915","2841台開","110/08/26","永豐金-敦南",23,12,11
"8916","2841台開","110/08/26","台新-屏東",0,21,-21
"8917","2841台開","110/08/26","康和-內湖",8,0,8
"8918","2841台開","110/08/26","新加坡商瑞銀",0,20,-20
"8919","2841台開","110/08/26","永豐金-古亭",6,0,6
"8920","2841台開","110/08/26","新光-新竹",0,20,-20
"8921","2841台開","110/08/26","台新-新營",5,0,5
"8922","2841台開","110/08/26","元大-彰化民生",0,18,-18
"8923","2841台開","110/08/26","玉山證券",5,0,5
"8924","2841台開","110/08/26","台灣摩根士丹利",0,12,-12
"8925","2841台開","110/08/26","元大-板橋",4,0,4
"8926","2841台開","110/08/26","日盛-頭份",0,11,-11
"8927","2841台開","110/08/26","國泰-敦南",3,0,3
"8928","2841台開","110/08/26","華南永昌-虎尾",0,10,-10
"8929","2841台開","110/08/26","日盛-和美",2,0,2
"8930","2841台開","110/08/26","元大-承德",0,10,-10
"8931","2841台開","110/08/26","台新-台南",2,0,2
"8932","2841台開","110/08/26","元大-北三重",0,10,-10
"8933","2841台開","110/08/26","凱基-台北",5,3,2
"8934","2841台開","110/08/26","富邦-宜蘭",0,7,-7
"8935","2841台開","110/08/26","合庫-自強",1,0,1
"8936","2841台開","110/08/26","華南永昌-岡山",0,5,-5
"8937","2841台開","110/08/26","元富-板橋",1,0,1
"8938","2841台開","110/08/26","富邦-中壢",0,5,-5
"8939","2841台開","110/08/26","群益金鼎-崇德",1,0,1
"8940","2841台開","110/08/26","日盛-二林",0,4,-4
"8941","6207雷科","110/08/26","凱基-台北",21,0,21
"8942","6207雷科","110/08/26","新加坡商瑞銀",1,63,-62
"8943","6207雷科","110/08/26","統一-竹南",18,0,18
"8944","6207雷科","110/08/26","凱基-高美館",5,32,-27
"8945","6207雷科","110/08/26","凱基-台東",15,0,15
"8946","6207雷科","110/08/26","第一金-華江",0,11,-11
"8947","6207雷科","110/08/26","元大-六合",12,0,12
"8948","6207雷科","110/08/26","國泰-板橋",0,11,-11
"8949","6207雷科","110/08/26","元大-大灣",10,0,10
"8950","6207雷科","110/08/26","港商野村",10,20,-10
"8951","6207雷科","110/08/26","瑞士信貸",7,0,7
"8952","6207雷科","110/08/26","國票-中正",0,10,-10
"8953","6207雷科","110/08/26","亞東-台南",7,0,7
"8954","6207雷科","110/08/26","永豐金-內湖",0,10,-10
"8955","6207雷科","110/08/26","寶盛",6,0,6
"8956","6207雷科","110/08/26","中國信託-高雄",0,9,-9
"8957","6207雷科","110/08/26","永豐金-板新",6,0,6
"8958","6207雷科","110/08/26","元大-大同",0,8,-8
"8959","6207雷科","110/08/26","日盛-員林",22,17,5
"8960","6207雷科","110/08/26","合庫-台中",0,5,-5
"8961","6207雷科","110/08/26","第一金-高雄",5,0,5
"8962","6207雷科","110/08/26","第一金-中山",0,5,-5
"8963","6207雷科","110/08/26","第一金-路竹",5,0,5
"8964","6207雷科","110/08/26","德信-和平",0,5,-5
"8965","6207雷科","110/08/26","兆豐-三民",5,0,5
"8966","6207雷科","110/08/26","群益金鼎-忠孝",0,5,-5
"8967","6207雷科","110/08/26","國票-新莊",5,0,5
"8968","6207雷科","110/08/26","凱基-長庚",0,5,-5
"8969","6207雷科","110/08/26","群益金鼎-高盛",5,0,5
"8970","6207雷科","110/08/26","華南永昌-林口",0,5,-5
"8971","3679新至陞","110/08/26","永豐金-南投",13,0,13
"8972","3679新至陞","110/08/26","凱基-台北",0,11,-11
"8973","3679新至陞","110/08/26","元大-大天母",10,0,10
"8974","3679新至陞","110/08/26","摩根大通",0,10,-10
"8975","3679新至陞","110/08/26","玉山-台大",6,0,6
"8976","3679新至陞","110/08/26","美林",0,9,-9
"8977","3679新至陞","110/08/26","台灣摩根士丹利",3,2,1
"8978","3679新至陞","110/08/26","瑞士信貸",0,5,-5
"8979","3679新至陞","110/08/26","亞東-板橋",1,0,1
"8980","3679新至陞","110/08/26","華南永昌-嘉義",0,4,-4
"8981","3679新至陞","110/08/26","統一-桃園",1,0,1
"8982","3679新至陞","110/08/26","元大-福營",0,3,-3
"8983","3679新至陞","110/08/26","元富-埔里",1,0,1
"8984","3679新至陞","110/08/26","花旗環球",0,1,-1
"8985","3679新至陞","110/08/26","台中銀-員林",1,0,1
"8986","3679新至陞","110/08/26","新加坡商瑞銀",0,1,-1
"8987","3679新至陞","110/08/26","兆豐-來福",1,0,1
"8988","3679新至陞","110/08/26","中國信託-永康",0,1,-1
"8989","3679新至陞","110/08/26","兆豐-松德",1,0,1
"8990","3679新至陞","110/08/26","國票-中和",0,1,-1
"8991","3679新至陞","110/08/26","玉山-高雄",2,1,1
"8992","3679新至陞","110/08/26","香港上海匯豐",0,1,-1
"8993","3679新至陞","110/08/26","凱基-桃園",1,0,1
"8994","3679新至陞","110/08/26","富邦-建國",0,1,-1
"8995","3679新至陞","110/08/26","凱基-幸福",1,0,1
"8996","3679新至陞","110/08/26","富邦-新店",1,2,-1
"8997","3679新至陞","110/08/26","凱基-城中",1,0,1
"8998","3679新至陞","110/08/26","元大-永春",0,1,-1
"8999","3679新至陞","110/08/26","華南永昌-大安",1,0,1
"9000","3679新至陞","110/08/26","永豐金證券",0,1,-1
"9001","2727王品","110/08/26","瑞士信貸",54,0,54
"9002","2727王品","110/08/26","凱基-台北",11,70,-59
"9003","2727王品","110/08/26","元大-桃園",26,0,26
"9004","2727王品","110/08/26","永豐金證券",0,48,-48
"9005","2727王品","110/08/26","兆豐-北高雄",32,7,25
"9006","2727王品","110/08/26","華南永昌-鳳山",0,36,-36
"9007","2727王品","110/08/26","台新證券",29,8,21
"9008","2727王品","110/08/26","元大-彰化民生",1,35,-34
"9009","2727王品","110/08/26","康和-澎湖",20,0,20
"9010","2727王品","110/08/26","摩根大通",13,46,-33
"9011","2727王品","110/08/26","台灣摩根士丹利",54,35,19
"9012","2727王品","110/08/26","元大證券",25,57,-32
"9013","2727王品","110/08/26","(牛牛牛)亞-鑫豐",18,2,16
"9014","2727王品","110/08/26","彰銀-台中",1,30,-29
"9015","2727王品","110/08/26","元大-中壢",16,1,15
"9016","2727王品","110/08/26","國泰證券",0,19,-19
"9017","2727王品","110/08/26","華南永昌",13,1,12
"9018","2727王品","110/08/26","富邦-建國",2,21,-19
"9019","2727王品","110/08/26","永豐金-萬盛",12,0,12
"9020","2727王品","110/08/26","美林",5,19,-14
"9021","2727王品","110/08/26","新光-台中",14,3,11
"9022","2727王品","110/08/26","統一",0,14,-14
"9023","2727王品","110/08/26","新光",19,9,10
"9024","2727王品","110/08/26","國票-內壢",1,14,-13
"9025","2727王品","110/08/26","國泰-台南",12,3,9
"9026","2727王品","110/08/26","台灣企銀",0,12,-12
"9027","2727王品","110/08/26","元大-景美",9,1,8
"9028","2727王品","110/08/26","康和-高雄",0,10,-10
"9029","2727王品","110/08/26","國泰-敦南",20,13,7
"9030","2727王品","110/08/26","統一-松江",0,8,-8
"9031","1570力肯","110/08/26","群益金鼎-高雄",34,0,34
"9032","1570力肯","110/08/26","永豐金-虎尾",0,50,-50
"9033","1570力肯","110/08/26","香港上海匯豐",21,0,21
"9034","1570力肯","110/08/26","富邦-高雄",0,38,-38
"9035","1570力肯","110/08/26","凱基-台北",9,1,8
"9036","1570力肯","110/08/26","華南永昌-麻豆",0,14,-14
"9037","1570力肯","110/08/26","國票-台中",7,0,7
"9038","1570力肯","110/08/26","摩根大通",0,11,-11
"9039","1570力肯","110/08/26","美林",6,0,6
"9040","1570力肯","110/08/26","凱基-復興",0,7,-7
"9041","1570力肯","110/08/26","群益金鼎-瑞豐",6,0,6
"9042","1570力肯","110/08/26","元大-基隆孝二",0,7,-7
"9043","1570力肯","110/08/26","日茂-南投",5,0,5
"9044","1570力肯","110/08/26","國票-博愛",2,8,-6
"9045","1570力肯","110/08/26","兆豐-鹿港",5,0,5
"9046","1570力肯","110/08/26","元富-城東",0,5,-5
"9047","1570力肯","110/08/26","兆豐-松德",5,0,5
"9048","1570力肯","110/08/26","兆豐-中壢",0,4,-4
"9049","1570力肯","110/08/26","國票-和平",5,0,5
"9050","1570力肯","110/08/26","華南永昌-大安",0,4,-4
"9051","1570力肯","110/08/26","凱基-站前",5,0,5
"9052","1570力肯","110/08/26","統一-三重",0,3,-3
"9053","1570力肯","110/08/26","元大-新竹經國",5,0,5
"9054","1570力肯","110/08/26","統一-員林",0,2,-2
"9055","1570力肯","110/08/26","元大-草屯",4,0,4
"9056","1570力肯","110/08/26","凱基-天母",0,2,-2
"9057","1570力肯","110/08/26","(牛牛牛)亞-鑫豐",3,0,3
"9058","1570力肯","110/08/26","元大-大里",0,2,-2
"9059","1570力肯","110/08/26","國票-北高雄",4,1,3
"9060","1570力肯","110/08/26","大慶-富順",0,1,-1
"9061","6180橘子","110/08/26","港商野村",126,2,124
"9062","6180橘子","110/08/26","國票-南港",0,71,-71
"9063","6180橘子","110/08/26","美林",29,0,29
"9064","6180橘子","110/08/26","新加坡商瑞銀",0,31,-31
"9065","6180橘子","110/08/26","國泰-敦南",19,1,18
"9066","6180橘子","110/08/26","大慶-富順",0,22,-22
"9067","6180橘子","110/08/26","日盛-文化",15,0,15
"9068","6180橘子","110/08/26","摩根大通",28,47,-19
"9069","6180橘子","110/08/26","美商高盛",26,11,15
"9070","6180橘子","110/08/26","華南永昌-公誠",1,20,-19
"9071","6180橘子","110/08/26","高橋",15,0,15
"9072","6180橘子","110/08/26","元大-台中中港",1,17,-16
"9073","6180橘子","110/08/26","新光-台中",14,0,14
"9074","6180橘子","110/08/26","新光",5,20,-15
"9075","6180橘子","110/08/26","日盛-中壢",13,0,13
"9076","6180橘子","110/08/26","國泰-高雄",1,16,-15
"9077","6180橘子","110/08/26","富邦-新營",13,0,13
"9078","6180橘子","110/08/26","凱基-台北",263,277,-14
"9079","6180橘子","110/08/26","永豐金-松山",14,1,13
"9080","6180橘子","110/08/26","元大-天母",0,14,-14
"9081","6180橘子","110/08/26","日盛-花蓮",10,0,10
"9082","6180橘子","110/08/26","元大-草屯",0,13,-13
"9083","6180橘子","110/08/26","第一金-光復",14,4,10
"9084","6180橘子","110/08/26","富隆-長安",0,12,-12
"9085","6180橘子","110/08/26","台新-高雄",10,0,10
"9086","6180橘子","110/08/26","凱基-站前",0,12,-12
"9087","6180橘子","110/08/26","玉山-高雄",12,2,10
"9088","6180橘子","110/08/26","元大-北成功",0,12,-12
"9089","6180橘子","110/08/26","凱基-高雄",10,0,10
"9090","6180橘子","110/08/26","合庫-新竹",2,12,-10
"9091","2390云辰","110/08/26","統一-新台中",134,19,115
"9092","2390云辰","110/08/26","元大證券",22,150,-128
"9093","2390云辰","110/08/26","元大-松山",82,0,82
"9094","2390云辰","110/08/26","摩根大通",18,141,-123
"9095","2390云辰","110/08/26","國泰-桃園",78,7,71
"9096","2390云辰","110/08/26","凱基-湖口",6,101,-95
"9097","2390云辰","110/08/26","元大-土城學府",121,63,58
"9098","2390云辰","110/08/26","元大-前金",3,82,-79
"9099","2390云辰","110/08/26","台新-左楠",47,0,47
"9100","2390云辰","110/08/26","康和-石牌",3,53,-50
"9101","2390云辰","110/08/26","玉山-板橋",45,1,44
"9102","2390云辰","110/08/26","港商野村",348,393,-45
"9103","2390云辰","110/08/26","國票-嘉義",40,0,40
"9104","2390云辰","110/08/26","凱基-大直",0,45,-45
"9105","2390云辰","110/08/26","凱基-台北",142,106,36
"9106","2390云辰","110/08/26","新加坡商瑞銀",4,48,-44
"9107","2390云辰","110/08/26","群益金鼎-民權",33,0,33
"9108","2390云辰","110/08/26","永豐金-敦北",1,40,-39
"9109","2390云辰","110/08/26","富邦-三重",33,1,32
"9110","2390云辰","110/08/26","大慶-富順",7,40,-33
"9111","2390云辰","110/08/26","富邦-中壢",35,8,27
"9112","2390云辰","110/08/26","元大-豐原",3,36,-33
"9113","2390云辰","110/08/26","玉山-嘉義",29,3,26
"9114","2390云辰","110/08/26","日盛-和美",0,30,-30
"9115","2390云辰","110/08/26","高橋-中壢",25,0,25
"9116","2390云辰","110/08/26","宏遠證券",0,30,-30
"9117","2390云辰","110/08/26","國泰-板橋",44,19,25
"9118","2390云辰","110/08/26","元大-士林",4,34,-30
"9119","2390云辰","110/08/26","富邦-陽明",43,18,25
"9120","2390云辰","110/08/26","台灣摩根士丹利",5,34,-29
"9121","1315達新","110/08/25","凱基-中港",7,0,7
"9122","1315達新","110/08/25","群益金鼎-東湖",0,9,-9
"9123","1315達新","110/08/25","富邦-台中",7,0,7
"9124","1315達新","110/08/25","永豐金證券",0,8,-8
"9125","1315達新","110/08/25","台灣摩根士丹利",4,0,4
"9126","1315達新","110/08/25","群益金鼎-瑞豐",0,3,-3
"9127","1315達新","110/08/25","元大-歸仁",2,0,2
"9128","1315達新","110/08/25","元富-世貿",0,2,-2
"9129","1315達新","110/08/25","元大-南屯",2,0,2
"9130","1315達新","110/08/25","元富-花蓮",0,2,-2
"9131","1315達新","110/08/25","永豐金-中正",2,0,2
"9132","1315達新","110/08/25","元大-文心興安",0,2,-2
"9133","1315達新","110/08/25","統一-城中",1,0,1
"9134","1315達新","110/08/25","宏遠-館前",0,1,-1
"9135","1315達新","110/08/25","統一-三重",1,0,1
"9136","1315達新","110/08/25","統一-敦南",0,1,-1
"9137","1315達新","110/08/25","德信-中正",1,0,1
"9138","1315達新","110/08/25","元富-文心",0,1,-1
"9139","1315達新","110/08/25","玉山-新莊",1,0,1
"9140","1315達新","110/08/25","兆豐-嘉義",0,1,-1
"9141","1315達新","110/08/25","國泰-台南",1,0,1
"9142","1315達新","110/08/25","凱基-市政",0,1,-1
"9143","1315達新","110/08/25","群益金鼎-建成",1,0,1
"9144","1315達新","110/08/25","元大-開元",0,1,-1
"9145","1315達新","110/08/25","群益金鼎-鳳山",1,0,1
"9146","1315達新","110/08/25","元大-東蘆",0,1,-1
"9147","1315達新","110/08/25","凱基",1,0,1
"9148","1315達新","110/08/25","元大-桃園",0,1,-1
"9149","1315達新","110/08/25","凱基-台北",1,0,1
"9150","1315達新","110/08/25","元大-北投",0,1,-1
"9151","2609陽明","110/08/25","康和",4817,1130,3687
"9152","2609陽明","110/08/25","富邦證券",20,1499,-1479
"9153","2609陽明","110/08/25","富邦-虎尾",5954,3739,2215
"9154","2609陽明","110/08/25","華南永昌-虎尾",60,1507,-1447
"9155","2609陽明","110/08/25","台灣摩根士丹利",2126,25,2101
"9156","2609陽明","110/08/25","華南永昌-竹北",35,1362,-1327
"9157","2609陽明","110/08/25","凱基-台北",2778,942,1836
"9158","2609陽明","110/08/25","富邦-建國",327,1397,-1070
"9159","2609陽明","110/08/25","兆豐-虎尾",5704,4355,1349
"9160","2609陽明","110/08/25","群益金鼎-大安",177,815,-638
"9161","2609陽明","110/08/25","元大-開元",1090,150,940
"9162","2609陽明","110/08/25","永豐金-松山",135,646,-511
"9163","2609陽明","110/08/25","新加坡商瑞銀",1582,730,852
"9164","2609陽明","110/08/25","華南永昌-長虹",344,810,-466
"9165","2609陽明","110/08/25","統一-仁愛",961,139,822
"9166","2609陽明","110/08/25","新光",1804,2222,-418
"9167","2609陽明","110/08/25","瑞士信貸",1307,553,754
"9168","2609陽明","110/08/25","合庫-桃園",48,447,-399
"9169","2609陽明","110/08/25","美林",4574,3894,680
"9170","2609陽明","110/08/25","元大-雙和",203,536,-333
"9171","2609陽明","110/08/25","國票-彰化",685,112,573
"9172","2609陽明","110/08/25","永豐金證券",145,468,-323
"9173","2609陽明","110/08/25","摩根大通",4654,4103,551
"9174","2609陽明","110/08/25","兆豐-板橋",88,398,-310
"9175","2609陽明","110/08/25","日盛-板橋",648,186,462
"9176","2609陽明","110/08/25","群益金鼎-敦南",98,346,-248
"9177","2609陽明","110/08/25","兆豐-彰化",904,448,456
"9178","2609陽明","110/08/25","國泰-敦南",1686,1916,-230
"9179","2609陽明","110/08/25","兆豐-中壢",425,15,410
"9180","2609陽明","110/08/25","元大-佳里",54,271,-217
"9181","2636台驊投控","110/08/25","凱基-台北",791,245,546
"9182","2636台驊投控","110/08/25","日進",10,242,-232
"9183","2636台驊投控","110/08/25","美商高盛",508,168,340
"9184","2636台驊投控","110/08/25","兆豐-中壢",0,209,-209
"9185","2636台驊投控","110/08/25","國票-彰化",292,29,263
"9186","2636台驊投控","110/08/25","元大-松江",3,68,-65
"9187","2636台驊投控","110/08/25","美林",331,117,214
"9188","2636台驊投控","110/08/25","國泰-敦南",61,106,-45
"9189","2636台驊投控","110/08/25","摩根大通",424,213,211
"9190","2636台驊投控","110/08/25","富邦-嘉義",10,55,-45
"9191","2636台驊投控","110/08/25","港商野村",852,674,178
"9192","2636台驊投控","110/08/25","群益金鼎-大安",2,43,-41
"9193","2636台驊投控","110/08/25","台灣摩根士丹利",205,89,116
"9194","2636台驊投控","110/08/25","元大-林森",45,84,-39
"9195","2636台驊投控","110/08/25","瑞士信貸",148,86,62
"9196","2636台驊投控","110/08/25","華南永昌-合泰",0,36,-36
"9197","2636台驊投控","110/08/25","元大-士林",43,0,43
"9198","2636台驊投控","110/08/25","富邦-建國",17,52,-35
"9199","2636台驊投控","110/08/25","宏遠-台南",37,3,34
"9200","2636台驊投控","110/08/25","兆豐-城中",1,31,-30
"9201","2636台驊投控","110/08/25","永豐金-萬盛",38,4,34
"9202","2636台驊投控","110/08/25","新光-台中",33,62,-29
"9203","2636台驊投控","110/08/25","凱基-鳳山",32,2,30
"9204","2636台驊投控","110/08/25","台新-台中",13,40,-27
"9205","2636台驊投控","110/08/25","元大-桃園",29,1,28
"9206","2636台驊投控","110/08/25","玉山證券",20,47,-27
"9207","2636台驊投控","110/08/25","新加坡商瑞銀",58,33,25
"9208","2636台驊投控","110/08/25","永豐金-天母",3,30,-27
"9209","2636台驊投控","110/08/25","兆豐-三民",21,0,21
"9210","2636台驊投控","110/08/25","元大-成功",2,24,-22
"9211","2867三商壽","110/08/25","華南永昌-大安",201,0,201
"9212","2867三商壽","110/08/25","元大-北投",0,384,-384
"9213","2867三商壽","110/08/25","元大-竹科",140,0,140
"9214","2867三商壽","110/08/25","摩根大通",78,315,-237
"9215","2867三商壽","110/08/25","美林",174,50,124
"9216","2867三商壽","110/08/25","國泰證券",0,150,-150
"9217","2867三商壽","110/08/25","凱基-台北",125,26,99
"9218","2867三商壽","110/08/25","土銀-台中",0,120,-120
"9219","2867三商壽","110/08/25","瑞士信貸",98,0,98
"9220","2867三商壽","110/08/25","台灣摩根士丹利",0,120,-120
"9221","2867三商壽","110/08/25","兆豐-新營",70,0,70
"9222","2867三商壽","110/08/25","日盛-員林",0,99,-99
"9223","2867三商壽","110/08/25","兆豐-永和",64,0,64
"9224","2867三商壽","110/08/25","兆豐-斗南",0,40,-40
"9225","2867三商壽","110/08/25","群益金鼎-大甲",47,4,43
"9226","2867三商壽","110/08/25","中國信託-永康",0,35,-35
"9227","2867三商壽","110/08/25","群益金鼎-東門",40,0,40
"9228","2867三商壽","110/08/25","群益金鼎-屏東",0,32,-32
"9229","2867三商壽","110/08/25","元大-沙鹿",40,0,40
"9230","2867三商壽","110/08/25","群益金鼎-彰化",2,32,-30
"9231","2867三商壽","110/08/25","國泰-板橋",40,1,39
"9232","2867三商壽","110/08/25","元大-基隆孝二",0,30,-30
"9233","2867三商壽","110/08/25","元大-桃園",36,0,36
"9234","2867三商壽","110/08/25","元大-四維",0,25,-25
"9235","2867三商壽","110/08/25","合庫-基隆",30,0,30
"9236","2867三商壽","110/08/25","國票-北高雄",0,20,-20
"9237","2867三商壽","110/08/25","凱基",26,0,26
"9238","2867三商壽","110/08/25","華南永昌-南京",0,20,-20
"9239","2867三商壽","110/08/25","兆豐-台南",25,0,25
"9240","2867三商壽","110/08/25","宏遠-台中",0,16,-16
"9241","5521工信","110/08/25","凱基-台北",112,46,66
"9242","5521工信","110/08/25","兆豐-桃園",0,207,-207
"9243","5521工信","110/08/25","元大證券",66,0,66
"9244","5521工信","110/08/25","台灣摩根士丹利",1,206,-205
"9245","5521工信","110/08/25","元大-大統",42,0,42
"9246","5521工信","110/08/25","華南永昌-朴子",10,53,-43
"9247","5521工信","110/08/25","元大-南屯",40,0,40
"9248","5521工信","110/08/25","美林",0,35,-35
"9249","5521工信","110/08/25","華南永昌",38,0,38
"9250","5521工信","110/08/25","國泰-板橋",0,34,-34
"9251","5521工信","110/08/25","合庫-台南",30,0,30
"9252","5521工信","110/08/25","豐農",0,30,-30
"9253","5521工信","110/08/25","高橋-內壢",30,0,30
"9254","5521工信","110/08/25","富邦-新竹",0,21,-21
"9255","5521工信","110/08/25","摩根大通",121,91,30
"9256","5521工信","110/08/25","群益金鼎-萬華",0,20,-20
"9257","5521工信","110/08/25","台新-左楠",28,0,28
"9258","5521工信","110/08/25","元大-基隆孝二",0,20,-20
"9259","5521工信","110/08/25","日盛-斗六",26,0,26
"9260","5521工信","110/08/25","凱基-斗六",2,20,-18
"9261","5521工信","110/08/25","元大-東蘆",21,0,21
"9262","5521工信","110/08/25","富邦-陽明",0,16,-16
"9263","5521工信","110/08/25","第一金-新竹",21,3,18
"9264","5521工信","110/08/25","港商野村",0,13,-13
"9265","5521工信","110/08/25","玉山-新莊",16,0,16
"9266","5521工信","110/08/25","群益金鼎-館前",0,11,-11
"9267","5521工信","110/08/25","元大-北投",15,0,15
"9268","5521工信","110/08/25","土銀-高雄",0,10,-10
"9269","5521工信","110/08/25","凱基-台東",15,1,14
"9270","5521工信","110/08/25","統一",0,10,-10
"9271","1471首利","110/08/25","元大-敦化",86,0,86
"9272","1471首利","110/08/25","元大-清水",0,111,-111
"9273","1471首利","110/08/25","凱基-台北",46,0,46
"9274","1471首利","110/08/25","群益金鼎-東大",0,78,-78
"9275","1471首利","110/08/25","美林",34,0,34
"9276","1471首利","110/08/25","新光",0,39,-39
"9277","1471首利","110/08/25","摩根大通",53,26,27
"9278","1471首利","110/08/25","國票-北高雄",0,25,-25
"9279","1471首利","110/08/25","凱基-五股",25,0,25
"9280","1471首利","110/08/25","富邦-高雄",0,15,-15
"9281","1471首利","110/08/25","日盛-樹林",20,0,20
"9282","1471首利","110/08/25","兆豐-員林",0,14,-14
"9283","1471首利","110/08/25","瑞士信貸",20,0,20
"9284","1471首利","110/08/25","元大-土城永寧",0,13,-13
"9285","1471首利","110/08/25","元大-莒光",21,5,16
"9286","1471首利","110/08/25","盈溢-楠梓",0,11,-11
"9287","1471首利","110/08/25","統一-新台中",15,0,15
"9288","1471首利","110/08/25","元大-大里",0,11,-11
"9289","1471首利","110/08/25","永豐金-敦南",15,0,15
"9290","1471首利","110/08/25","日盛-高雄",5,15,-10
"9291","1471首利","110/08/25","光和-溪湖",13,0,13
"9292","1471首利","110/08/25","凱基-竹科",0,10,-10
"9293","1471首利","110/08/25","日盛-屏東",10,0,10
"9294","1471首利","110/08/25","元大-斗信",0,10,-10
"9295","1471首利","110/08/25","兆豐-高雄",10,0,10
"9296","1471首利","110/08/25","第一金-台南",1,10,-9
"9297","1471首利","110/08/25","中農",10,0,10
"9298","1471首利","110/08/25","台灣企銀-太平",0,8,-8
"9299","1471首利","110/08/25","華南永昌-合泰",10,0,10
"9300","1471首利","110/08/25","新光-台中",5,12,-7
"9301","2883開發金","110/08/25","凱基",4004,0,4004
"9302","2883開發金","110/08/25","摩根大通",106,4873,-4767
"9303","2883開發金","110/08/25","群益金鼎",2728,3,2725
"9304","2883開發金","110/08/25","瑞士信貸",1180,3777,-2597
"9305","2883開發金","110/08/25","美林",2122,57,2065
"9306","2883開發金","110/08/25","元大-開元",29,2542,-2513
"9307","2883開發金","110/08/25","凱基-台北",2581,555,2026
"9308","2883開發金","110/08/25","聯邦商銀",1,1900,-1899
"9309","2883開發金","110/08/25","富邦-建國",2069,82,1987
"9310","2883開發金","110/08/25","台灣摩根士丹利",3322,4605,-1283
"9311","2883開發金","110/08/25","中國信託",3132,1528,1604
"9312","2883開發金","110/08/25","元大-忠孝",10,1219,-1209
"9313","2883開發金","110/08/25","兆豐-北高雄",1657,83,1574
"9314","2883開發金","110/08/25","香港上海匯豐",0,1001,-1001
"9315","2883開發金","110/08/25","統一",1311,107,1204
"9316","2883開發金","110/08/25","新光",1050,1828,-778
"9317","2883開發金","110/08/25","永豐金-南京",1030,3,1027
"9318","2883開發金","110/08/25","港商野村",1304,2000,-696
"9319","2883開發金","110/08/25","美商高盛",1733,815,918
"9320","2883開發金","110/08/25","元富",314,1002,-688
"9321","2883開發金","110/08/25","台灣匯立證券",638,0,638
"9322","2883開發金","110/08/25","國泰-敦南",289,975,-686
"9323","2883開發金","110/08/25","合庫-台中",608,38,570
"9324","2883開發金","110/08/25","新光-台南",23,521,-498
"9325","2883開發金","110/08/25","臺銀",1016,450,566
"9326","2883開發金","110/08/25","合庫證券",19,461,-442
"9327","2883開發金","110/08/25","元大-豐原",556,25,531
"9328","2883開發金","110/08/25","(牛牛牛)亞-鑫豐",134,538,-404
"9329","2883開發金","110/08/25","台中銀-員林",501,13,488
"9330","2883開發金","110/08/25","元大-士林",8,385,-377
"9331","6205詮欣","110/08/25","日盛-新莊",12,2,10
"9332","6205詮欣","110/08/25","日盛-樹林",0,12,-12
"9333","6205詮欣","110/08/25","康和-台北",10,0,10
"9334","6205詮欣","110/08/25","臺銀-民權",0,10,-10
"9335","6205詮欣","110/08/25","臺銀-臺中",9,0,9
"9336","6205詮欣","110/08/25","元大-博愛",20,30,-10
"9337","6205詮欣","110/08/25","瑞士信貸",10,2,8
"9338","6205詮欣","110/08/25","元大-羅東",0,8,-8
"9339","6205詮欣","110/08/25","摩根大通",17,10,7
"9340","6205詮欣","110/08/25","元富-三重",0,6,-6
"9341","6205詮欣","110/08/25","凱基-台南",6,0,6
"9342","6205詮欣","110/08/25","群益金鼎-永和",0,5,-5
"9343","6205詮欣","110/08/25","玉山證券",5,0,5
"9344","6205詮欣","110/08/25","元大-館前",0,5,-5
"9345","6205詮欣","110/08/25","元大-東泰",5,0,5
"9346","6205詮欣","110/08/25","凱基-汐止",0,4,-4
"9347","6205詮欣","110/08/25","元富-潮州",4,0,4
"9348","6205詮欣","110/08/25","元大-大益",0,4,-4
"9349","6205詮欣","110/08/25","大慶-泰山",3,0,3
"9350","6205詮欣","110/08/25","永豐金證券",0,4,-4
"9351","6205詮欣","110/08/25","亞東-台南",2,0,2
"9352","6205詮欣","110/08/25","永豐金-台南",0,4,-4
"9353","6205詮欣","110/08/25","兆豐-台南",2,0,2
"9354","6205詮欣","110/08/25","台灣企銀-九如",0,3,-3
"9355","6205詮欣","110/08/25","兆豐-公益",2,0,2
"9356","6205詮欣","110/08/25","兆豐-景美",0,3,-3
"9357","6205詮欣","110/08/25","凱基-松山",2,0,2
"9358","6205詮欣","110/08/25","北城證券",0,3,-3
"9359","6205詮欣","110/08/25","凱基-台北",2,0,2
"9360","6205詮欣","110/08/25","元大-忠孝",0,3,-3
"9361","1540喬福","110/08/25","元大-士林",8,0,8
"9362","1540喬福","110/08/25","摩根大通",0,13,-13
"9363","1540喬福","110/08/25","元富-文心",5,0,5
"9364","1540喬福","110/08/25","永豐金-永康",0,6,-6
"9365","1540喬福","110/08/25","凱基-台北",4,0,4
"9366","1540喬福","110/08/25","群益金鼎-丹鳳",0,5,-5
"9367","1540喬福","110/08/25","元大-土城永寧",2,0,2
"9368","1540喬福","110/08/25","合庫-鳳山",0,1,-1
"9369","1540喬福","110/08/25","元大-頭份",2,0,2
"9370","1540喬福","110/08/25","美商高盛",0,1,-1
"9371","1540喬福","110/08/25","兆豐-北高雄",2,0,2
"9372","1540喬福","110/08/25","中國信託-忠孝",0,1,-1
"9373","1540喬福","110/08/25","凱基-中壢",2,0,2
"9374","1540喬福","110/08/25","致和-南京",0,1,-1
"9375","1540喬福","110/08/25","美林",1,0,1
"9376","1540喬福","110/08/25","富邦-仁愛",0,1,-1
"9377","1540喬福","110/08/25","永豐金-中正",1,0,1
"9378","1540喬福","110/08/25","元大-大里德芳",0,1,-1
"9379","1540喬福","110/08/25","元大-文心興安",1,0,1
"9380","1540喬福","110/08/25","元大-左營",0,1,-1
"9381","1540喬福","110/08/25","華南永昌-公誠",1,0,1
"9382","1540喬福","110/08/25","元大-汐止",0,1,-1
"9383","1540喬福","110/08/25","大昌-新店",1,0,1
"9384","1540喬福","110/08/25","日盛-內湖",0,0,0
"9385","1540喬福","110/08/25","元富-大昌",1,0,1
"9386","1540喬福","110/08/25","(牛牛牛)亞-網路",0,0,0
"9387","1540喬福","110/08/25","元富",1,0,1
"9388","1540喬福","110/08/25","康和-板橋",0,0,0
"9389","1540喬福","110/08/25","凱基-竹北",0,0,0
"9390","1540喬福","110/08/25","凱基-竹北",0,0,0
"9391","2888新光金","110/08/25","統一",11078,277,10801
"9392","2888新光金","110/08/25","元富-城東",162,17808,-17646
"9393","2888新光金","110/08/25","元大-忠孝鼎富",10200,0,10200
"9394","2888新光金","110/08/25","康和-台中",45,10015,-9970
"9395","2888新光金","110/08/25","華南永昌-岡山",9944,105,9839
"9396","2888新光金","110/08/25","第一金-華江",266,9839,-9573
"9397","2888新光金","110/08/25","日盛證券",8935,66,8869
"9398","2888新光金","110/08/25","元富-新店",37,2975,-2938
"9399","2888新光金","110/08/25","瑞士信貸",8347,1175,7172
"9400","2888新光金","110/08/25","元富-世貿",332,3270,-2938
"9401","2888新光金","110/08/25","富邦-岡山",5039,52,4987
"9402","2888新光金","110/08/25","元富-新興",31,2160,-2129
"9403","2888新光金","110/08/25","國票-九鼎",4662,102,4560
"9404","2888新光金","110/08/25","元富-敦南",19,2135,-2116
"9405","2888新光金","110/08/25","國票-長城",4288,5,4283
"9406","2888新光金","110/08/25","元富",7,2039,-2032
"9407","2888新光金","110/08/25","國票-北高雄",2515,38,2477
"9408","2888新光金","110/08/25","元富-成功",184,2095,-1911
"9409","2888新光金","110/08/25","新光",2800,661,2139
"9410","2888新光金","110/08/25","元富-板橋",65,1967,-1902
"9411","2888新光金","110/08/25","統一-板橋",1762,10,1752
"9412","2888新光金","110/08/25","彰銀",0,1865,-1865
"9413","2888新光金","110/08/25","玉山-板橋",1714,21,1693
"9414","2888新光金","110/08/25","元富-文心",159,1916,-1757
"9415","2888新光金","110/08/25","美商高盛",2345,739,1606
"9416","2888新光金","110/08/25","元富-吉利",45,1701,-1656
"9417","2888新光金","110/08/25","國票-博愛",1264,4,1260
"9418","2888新光金","110/08/25","元富-花蓮",13,1602,-1589
"9419","2888新光金","110/08/25","富邦-中壢",1278,95,1183
"9420","2888新光金","110/08/25","凱基-台北",1875,3353,-1478
"9421","1340勝悅","110/08/25","凱基-台北",13,0,13
"9422","1340勝悅","110/08/25","日盛-永康",0,10,-10
"9423","1340勝悅","110/08/25","華南永昌-公誠",10,0,10
"9424","1340勝悅","110/08/25","元大-忠孝鼎富",0,10,-10
"9425","1340勝悅","110/08/25","臺灣企銀-埔墘",5,0,5
"9426","1340勝悅","110/08/25","華南永昌-東昇",0,9,-9
"9427","1340勝悅","110/08/25","美商高盛",3,0,3
"9428","1340勝悅","110/08/25","摩根大通",1,9,-8
"9429","1340勝悅","110/08/25","元大-仁愛",3,0,3
"9430","1340勝悅","110/08/25","華南永昌-林口",0,6,-6
"9431","1340勝悅","110/08/25","永豐金-永康",3,0,3
"9432","1340勝悅","110/08/25","兆豐-新營",0,5,-5
"9433","1340勝悅","110/08/25","國泰-敦南",3,1,2
"9434","1340勝悅","110/08/25","富邦-羅東",0,3,-3
"9435","1340勝悅","110/08/25","富邦-北港",2,0,2
"9436","1340勝悅","110/08/25","元大-竹山",0,3,-3
"9437","1340勝悅","110/08/25","元大-南勢角",2,0,2
"9438","1340勝悅","110/08/25","元大-復北",0,3,-3
"9439","1340勝悅","110/08/25","合庫-台中",1,0,1
"9440","1340勝悅","110/08/25","元大-嘉義",0,3,-3
"9441","1340勝悅","110/08/25","日盛-新莊",1,0,1
"9442","1340勝悅","110/08/25","元大-草屯",0,2,-2
"9443","1340勝悅","110/08/25","日盛-頭份",1,0,1
"9444","1340勝悅","110/08/25","國票-和平",0,1,-1
"9445","1340勝悅","110/08/25","國泰-台中",6,5,1
"9446","1340勝悅","110/08/25","新光",0,1,-1
"9447","1340勝悅","110/08/25","國泰-台南",1,0,1
"9448","1340勝悅","110/08/25","群益金鼎-高盛",0,1,-1
"9449","1340勝悅","110/08/25","元大-竹東",1,0,1
"9450","1340勝悅","110/08/25","元大-新竹經國",0,1,-1
"9451","6246臺龍","110/08/25","統一-台南",15,0,15
"9452","6246臺龍","110/08/25","日盛-斗六",0,9,-9
"9453","6246臺龍","110/08/25","新光-台中",7,0,7
"9454","6246臺龍","110/08/25","新光-高雄",0,5,-5
"9455","6246臺龍","110/08/25","永豐金-嘉義",4,0,4
"9456","6246臺龍","110/08/25","光和-高雄",0,3,-3
"9457","6246臺龍","110/08/25","台新證券",4,1,3
"9458","6246臺龍","110/08/25","永全",0,3,-3
"9459","6246臺龍","110/08/25","凱基-竹科",3,0,3
"9460","6246臺龍","110/08/25","國泰-敦南",0,3,-3
"9461","6246臺龍","110/08/25","統一-中壢",2,0,2
"9462","6246臺龍","110/08/25","元大-員林",4,7,-3
"9463","6246臺龍","110/08/25","兆豐-竹北",2,0,2
"9464","6246臺龍","110/08/25","元大-小港",0,3,-3
"9465","6246臺龍","110/08/25","兆豐-景美",2,0,2
"9466","6246臺龍","110/08/25","土銀-花蓮",0,2,-2
"9467","6246臺龍","110/08/25","元大-內湖",4,2,2
"9468","6246臺龍","110/08/25","日盛-文化",0,2,-2
"9469","6246臺龍","110/08/25","元大-北屯",2,0,2
"9470","6246臺龍","110/08/25","統一-新竹",0,2,-2
"9471","6246臺龍","110/08/25","日盛-中壢",1,0,1
"9472","6246臺龍","110/08/25","台新-台南",0,2,-2
"9473","6246臺龍","110/08/25","日盛-八德",1,0,1
"9474","6246臺龍","110/08/25","國泰-板橋",0,2,-2
"9475","6246臺龍","110/08/25","日盛-新竹",1,0,1
"9476","6246臺龍","110/08/25","富邦-竹東",0,2,-2
"9477","6246臺龍","110/08/25","日盛-宜蘭",1,0,1
"9478","6246臺龍","110/08/25","合庫-西台中",0,1,-1
"9479","6246臺龍","110/08/25","日盛-頭份",1,0,1
"9480","6246臺龍","110/08/25","日盛-新莊",0,1,-1
"9481","00715L期街口布蘭特正2","110/08/25","元大證券",19583,546,19037
"9482","00715L期街口布蘭特正2","110/08/25","第一金-豐原",0,1000,-1000
"9483","00715L期街口布蘭特正2","110/08/25","合庫證券",4367,15,4352
"9484","00715L期街口布蘭特正2","110/08/25","新光",311,1182,-871
"9485","00715L期街口布蘭特正2","110/08/25","永豐金證券",3240,15,3225
"9486","00715L期街口布蘭特正2","110/08/25","兆豐-台中",0,798,-798
"9487","00715L期街口布蘭特正2","110/08/25","元富",3115,0,3115
"9488","00715L期街口布蘭特正2","110/08/25","玉山-新莊",2,634,-632
"9489","00715L期街口布蘭特正2","110/08/25","統一",2701,40,2661
"9490","00715L期街口布蘭特正2","110/08/25","元富-中壢",22,630,-608
"9491","00715L期街口布蘭特正2","110/08/25","第一金-台中",800,2,798
"9492","00715L期街口布蘭特正2","110/08/25","玉山-板橋",1,563,-562
"9493","00715L期街口布蘭特正2","110/08/25","聯邦-三重",750,10,740
"9494","00715L期街口布蘭特正2","110/08/25","華南永昌-台中",105,642,-537
"9495","00715L期街口布蘭特正2","110/08/25","富邦證券",945,420,525
"9496","00715L期街口布蘭特正2","110/08/25","(牛牛牛)亞-鑫豐",31,557,-526
"9497","00715L期街口布蘭特正2","110/08/25","元大-三重",500,3,497
"9498","00715L期街口布蘭特正2","110/08/25","玉山-新竹",0,508,-508
"9499","00715L期街口布蘭特正2","110/08/25","台新證券",955,537,418
"9500","00715L期街口布蘭特正2","110/08/25","新光-台中",52,556,-504
"9501","00715L期街口布蘭特正2","110/08/25","國票-博愛",260,0,260
"9502","00715L期街口布蘭特正2","110/08/25","富邦-陽明",2,475,-473
"9503","00715L期街口布蘭特正2","110/08/25","元大-蘆洲",262,15,247
"9504","00715L期街口布蘭特正2","110/08/25","中國信託-新竹",0,455,-455
"9505","00715L期街口布蘭特正2","110/08/25","台新-台中",390,161,229
"9506","00715L期街口布蘭特正2","110/08/25","群益金鼎-宜蘭",1,448,-447
"9507","00715L期街口布蘭特正2","110/08/25","康和-嘉義",250,36,214
"9508","00715L期街口布蘭特正2","110/08/25","臺銀-新竹",34,435,-401
"9509","00715L期街口布蘭特正2","110/08/25","凱基-站前",245,36,209
"9510","00715L期街口布蘭特正2","110/08/25","第一金-台南",1,400,-399
"9511","8941關中","110/08/25","國泰-新莊",2,0,2
"9512","8941關中","110/08/25","富邦-左營",0,1,-1
"9513","8941關中","110/08/25","(牛牛牛)亞-鑫豐",0,0,0
"9514","8941關中","110/08/25","富邦-員林",0,1,-1
"9515","8941關中","110/08/25","康和-板橋",0,0,0
"9516","8941關中","110/08/25","(牛牛牛)亞-鑫豐",0,0,0
"9517","8941關中","110/08/25","凱基-板橋",0,0,0
"9518","8941關中","110/08/25","康和-板橋",0,0,0
"9519","8941關中","110/08/25","富邦-竹北",0,0,0
"9520","8941關中","110/08/25","凱基-板橋",0,0,0
"9521","8941關中","110/08/25","元大-花蓮",0,0,0
"9522","8941關中","110/08/25","富邦-竹北",0,0,0
"9523","8941關中","110/08/25","元大-土城",0,0,0
"9524","8941關中","110/08/25","元大-花蓮",0,0,0
"9525","8941關中","110/08/25","永豐金-萬盛",0,0,0
"9526","8941關中","110/08/25","元大-土城",0,0,0
"9527","8941關中","110/08/25","永豐金-南投",0,0,0
"9528","8941關中","110/08/25","永豐金-萬盛",0,0,0
"9529","8941關中","110/08/25","",NA,NA,NA
"9530","8941關中","110/08/25","永豐金-南投",0,0,0
"9531","8941關中","110/08/25","",NA,NA,NA
"9532","8941關中","110/08/25","",NA,NA,NA
"9533","8941關中","110/08/25","",NA,NA,NA
"9534","8941關中","110/08/25","",NA,NA,NA
"9535","8941關中","110/08/25","",NA,NA,NA
"9536","8941關中","110/08/25","",NA,NA,NA
"9537","8941關中","110/08/25","",NA,NA,NA
"9538","8941關中","110/08/25","",NA,NA,NA
"9539","8941關中","110/08/25","",NA,NA,NA
"9540","8941關中","110/08/25","",NA,NA,NA
"9541","8936國統","110/08/25","台灣摩根士丹利",132,11,121
"9542","8936國統","110/08/25","第一金-高雄",1,100,-99
"9543","8936國統","110/08/25","元富-新興",96,0,96
"9544","8936國統","110/08/25","美商高盛",1,63,-62
"9545","8936國統","110/08/25","瑞士信貸",74,0,74
"9546","8936國統","110/08/25","元大-蘆洲",0,50,-50
"9547","8936國統","110/08/25","摩根大通",113,52,61
"9548","8936國統","110/08/25","凱基-市政",0,35,-35
"9549","8936國統","110/08/25","永豐金-松山",50,0,50
"9550","8936國統","110/08/25","元大-北港",0,31,-31
"9551","8936國統","110/08/25","凱基-台北",84,52,32
"9552","8936國統","110/08/25","港商野村",4,26,-22
"9553","8936國統","110/08/25","新光",66,36,30
"9554","8936國統","110/08/25","日盛-豐原",0,20,-20
"9555","8936國統","110/08/25","新光-台中",50,24,26
"9556","8936國統","110/08/25","元大-鳳山",0,19,-19
"9557","8936國統","110/08/25","凱基-信義",20,0,20
"9558","8936國統","110/08/25","新加坡商瑞銀",27,45,-18
"9559","8936國統","110/08/25","永豐金-苓雅",20,0,20
"9560","8936國統","110/08/25","群益金鼎-嘉義",0,16,-16
"9561","8936國統","110/08/25","元大-天母",49,30,19
"9562","8936國統","110/08/25","凱基-林口",0,15,-15
"9563","8936國統","110/08/25","華南永昌",21,3,18
"9564","8936國統","110/08/25","台新-高雄",2,16,-14
"9565","8936國統","110/08/25","日盛-板橋",23,7,16
"9566","8936國統","110/08/25","國票-內壢",0,13,-13
"9567","8936國統","110/08/25","元富-敦南",15,0,15
"9568","8936國統","110/08/25","元富-三重",0,12,-12
"9569","8936國統","110/08/25","群益金鼎-古亭",15,0,15
"9570","8936國統","110/08/25","元富-緯城",5,17,-12
"9571","6226光鼎","110/08/25","摩根大通",1583,220,1363
"9572","6226光鼎","110/08/25","瑞士信貸",30,229,-199
"9573","6226光鼎","110/08/25","統一",1723,948,775
"9574","6226光鼎","110/08/25","國泰-敦南",442,580,-138
"9575","6226光鼎","110/08/25","元大-大同",1456,903,553
"9576","6226光鼎","110/08/25","台新-中壢",5,141,-136
"9577","6226光鼎","110/08/25","港商野村",688,373,315
"9578","6226光鼎","110/08/25","宏遠-光隆",22,137,-115
"9579","6226光鼎","110/08/25","凱基-永和",505,200,305
"9580","6226光鼎","110/08/25","元大-虎尾",5,96,-91
"9581","6226光鼎","110/08/25","統一-南京",303,106,197
"9582","6226光鼎","110/08/25","新加坡商瑞銀",49,134,-85
"9583","6226光鼎","110/08/25","美商高盛",243,76,167
"9584","6226光鼎","110/08/25","元大-板橋",2,83,-81
"9585","6226光鼎","110/08/25","台灣摩根士丹利",142,0,142
"9586","6226光鼎","110/08/25","玉山-桃園",46,126,-80
"9587","6226光鼎","110/08/25","兆豐-松德",145,46,99
"9588","6226光鼎","110/08/25","富邦-台北",27,101,-74
"9589","6226光鼎","110/08/25","玉山-城中",115,19,96
"9590","6226光鼎","110/08/25","兆豐-埔墘",0,67,-67
"9591","6226光鼎","110/08/25","富邦證券",148,53,95
"9592","6226光鼎","110/08/25","凱基-台北",51,113,-62
"9593","6226光鼎","110/08/25","富邦-建國",206,126,80
"9594","6226光鼎","110/08/25","台新-高雄",45,101,-56
"9595","6226光鼎","110/08/25","凱基-大直",81,2,79
"9596","6226光鼎","110/08/25","華南永昌-麻豆",5,61,-56
"9597","6226光鼎","110/08/25","元大-四維",149,71,78
"9598","6226光鼎","110/08/25","凱基-內埔",0,52,-52
"9599","6226光鼎","110/08/25","大展-台南",75,0,75
"9600","6226光鼎","110/08/25","日盛-復興",58,109,-51
"9601","2363矽統","110/08/25","合庫-基隆",894,406,488
"9602","2363矽統","110/08/25","元大-萬華",51,751,-700
"9603","2363矽統","110/08/25","瑞士信貸",448,0,448
"9604","2363矽統","110/08/25","美商高盛",260,879,-619
"9605","2363矽統","110/08/25","華南永昌-林口",256,17,239
"9606","2363矽統","110/08/25","凱基-台北",1409,1709,-300
"9607","2363矽統","110/08/25","元大-東泰",360,132,228
"9608","2363矽統","110/08/25","美林",337,633,-296
"9609","2363矽統","110/08/25","元大-員林中山",246,46,200
"9610","2363矽統","110/08/25","摩根大通",712,999,-287
"9611","2363矽統","110/08/25","富邦-新店",246,104,142
"9612","2363矽統","110/08/25","新加坡商瑞銀",671,900,-229
"9613","2363矽統","110/08/25","統一-城中",173,37,136
"9614","2363矽統","110/08/25","大昌-桃園",138,342,-204
"9615","2363矽統","110/08/25","富邦-板橋",196,72,124
"9616","2363矽統","110/08/25","中國信託-忠孝",134,313,-179
"9617","2363矽統","110/08/25","土銀-士林",100,0,100
"9618","2363矽統","110/08/25","元大-淡水",23,201,-178
"9619","2363矽統","110/08/25","新光",427,328,99
"9620","2363矽統","110/08/25","富邦-苗栗",215,356,-141
"9621","2363矽統","110/08/25","元大-員林",121,22,99
"9622","2363矽統","110/08/25","北城證券",23,144,-121
"9623","2363矽統","110/08/25","凱基-台中",107,11,96
"9624","2363矽統","110/08/25","新光-台中",92,210,-118
"9625","2363矽統","110/08/25","富邦-北港",212,117,95
"9626","2363矽統","110/08/25","永豐金-天母",17,132,-115
"9627","2363矽統","110/08/25","統一-高雄",110,18,92
"9628","2363矽統","110/08/25","日盛-台南",256,356,-100
"9629","2363矽統","110/08/25","凱基-苗栗",91,1,90
"9630","2363矽統","110/08/25","元大-大同",22,118,-96
"9631","8112至上","110/08/25","台灣匯立證券",237,0,237
"9632","8112至上","110/08/25","群益金鼎-基隆",1,95,-94
"9633","8112至上","110/08/25","摩根大通",283,173,110
"9634","8112至上","110/08/25","元大-路竹",2,74,-72
"9635","8112至上","110/08/25","第一金-桃園",96,0,96
"9636","8112至上","110/08/25","台灣摩根士丹利",1,61,-60
"9637","8112至上","110/08/25","凱基-台北",126,33,93
"9638","8112至上","110/08/25","永豐金-台中",2,55,-53
"9639","8112至上","110/08/25","國票-南京",80,0,80
"9640","8112至上","110/08/25","(牛牛牛)亞-鑫豐",5,49,-44
"9641","8112至上","110/08/25","瑞士信貸",78,1,77
"9642","8112至上","110/08/25","群益金鼎-高盛",0,43,-43
"9643","8112至上","110/08/25","富邦-仁愛",110,35,75
"9644","8112至上","110/08/25","永豐金-永康",3,46,-43
"9645","8112至上","110/08/25","群益金鼎-敦南",72,0,72
"9646","8112至上","110/08/25","日盛-花蓮",0,40,-40
"9647","8112至上","110/08/25","新加坡商瑞銀",63,9,54
"9648","8112至上","110/08/25","凱基-東勢",0,35,-35
"9649","8112至上","110/08/25","華南永昌-南京",50,0,50
"9650","8112至上","110/08/25","元大-仁愛",0,34,-34
"9651","8112至上","110/08/25","港商野村",45,2,43
"9652","8112至上","110/08/25","台新-台中",0,31,-31
"9653","8112至上","110/08/25","元大-新竹經國",34,3,31
"9654","8112至上","110/08/25","元大-佳里",0,31,-31
"9655","8112至上","110/08/25","康和-仁愛",30,0,30
"9656","8112至上","110/08/25","兆豐-西螺",10,40,-30
"9657","8112至上","110/08/25","凱基-士林",30,0,30
"9658","8112至上","110/08/25","元大-楊梅",0,30,-30
"9659","8112至上","110/08/25","元大-永和",25,0,25
"9660","8112至上","110/08/25","永豐金證券",0,28,-28
"9661","1570力肯","110/08/25","永豐金-虎尾",52,0,52
"9662","1570力肯","110/08/25","元大-竹山",0,14,-14
"9663","1570力肯","110/08/25","國票-南科",26,0,26
"9664","1570力肯","110/08/25","日盛-忠孝",0,12,-12
"9665","1570力肯","110/08/25","凱基-台北",22,3,19
"9666","1570力肯","110/08/25","凱基-高美館",0,10,-10
"9667","1570力肯","110/08/25","日茂-南投",17,0,17
"9668","1570力肯","110/08/25","元富-緯城",3,12,-9
"9669","1570力肯","110/08/25","兆豐-台中港",12,0,12
"9670","1570力肯","110/08/25","(牛牛牛)亞-鑫豐",2,11,-9
"9671","1570力肯","110/08/25","合庫-嘉義",10,0,10
"9672","1570力肯","110/08/25","元大-鳳山",0,8,-8
"9673","1570力肯","110/08/25","凱基-復興",10,0,10
"9674","1570力肯","110/08/25","台灣摩根士丹利",0,7,-7
"9675","1570力肯","110/08/25","國票-博愛",16,7,9
"9676","1570力肯","110/08/25","兆豐-中壢",0,6,-6
"9677","1570力肯","110/08/25","香港上海匯豐",9,0,9
"9678","1570力肯","110/08/25","國票",0,6,-6
"9679","1570力肯","110/08/25","瑞士信貸",8,0,8
"9680","1570力肯","110/08/25","國票-天祥",0,6,-6
"9681","1570力肯","110/08/25","富邦-高雄",8,0,8
"9682","1570力肯","110/08/25","群益金鼎-桃園",0,6,-6
"9683","1570力肯","110/08/25","摩根大通",12,9,3
"9684","1570力肯","110/08/25","華南永昌-大安",0,6,-6
"9685","1570力肯","110/08/25","新光-新竹",3,0,3
"9686","1570力肯","110/08/25","永豐金-桃園",0,6,-6
"9687","1570力肯","110/08/25","群益金鼎-民權",3,0,3
"9688","1570力肯","110/08/25","兆豐-松德",0,5,-5
"9689","1570力肯","110/08/25","富邦-建國",5,2,3
"9690","1570力肯","110/08/25","群益金鼎-鳳山",0,5,-5
"9691","2929淘帝","110/08/25","摩根大通",64,0,64
"9692","2929淘帝","110/08/25","康和-仁愛",0,44,-44
"9693","2929淘帝","110/08/25","港商野村",37,8,29
"9694","2929淘帝","110/08/25","新光-台中",20,43,-23
"9695","2929淘帝","110/08/25","新加坡商瑞銀",36,12,24
"9696","2929淘帝","110/08/25","台新-台中",0,11,-11
"9697","2929淘帝","110/08/25","美林",29,6,23
"9698","2929淘帝","110/08/25","日盛-中壢",0,10,-10
"9699","2929淘帝","110/08/25","群益金鼎-三重",21,0,21
"9700","2929淘帝","110/08/25","日盛-中和",0,10,-10
"9701","2929淘帝","110/08/25","元大-豐原站前",20,0,20
"9702","2929淘帝","110/08/25","兆豐-忠孝",0,10,-10
"9703","2929淘帝","110/08/25","富邦-高雄",20,2,18
"9704","2929淘帝","110/08/25","華南永昌-台中",0,10,-10
"9705","2929淘帝","110/08/25","日盛-台中",16,0,16
"9706","2929淘帝","110/08/25","華南永昌-麻豆",0,10,-10
"9707","2929淘帝","110/08/25","新光-新竹",17,4,13
"9708","2929淘帝","110/08/25","富邦-陽明",0,10,-10
"9709","2929淘帝","110/08/25","凱基-豐中",13,0,13
"9710","2929淘帝","110/08/25","新光",1,9,-8
"9711","2929淘帝","110/08/25","元富-花蓮",10,0,10
"9712","2929淘帝","110/08/25","元大-大里",0,8,-8
"9713","2929淘帝","110/08/25","元富-板橋",8,0,8
"9714","2929淘帝","110/08/25","永豐金-市政",0,8,-8
"9715","2929淘帝","110/08/25","元大-太平",7,0,7
"9716","2929淘帝","110/08/25","合庫-台中",0,7,-7
"9717","2929淘帝","110/08/25","元大-永和",6,0,6
"9718","2929淘帝","110/08/25","元大-文心",0,7,-7
"9719","2929淘帝","110/08/25","日盛-八德",6,1,5
"9720","2929淘帝","110/08/25","日盛-員林",4,10,-6
"9721","5410國眾","110/08/25","華南永昌-高雄",23,0,23
"9722","5410國眾","110/08/25","元大-崇德",0,30,-30
"9723","5410國眾","110/08/25","香港上海匯豐",12,0,12
"9724","5410國眾","110/08/25","日盛-木柵",0,20,-20
"9725","5410國眾","110/08/25","永豐金-內湖",6,0,6
"9726","5410國眾","110/08/25","大展",0,5,-5
"9727","5410國眾","110/08/25","土銀",5,0,5
"9728","5410國眾","110/08/25","國泰-敦南",0,5,-5
"9729","5410國眾","110/08/25","日盛-屏東",5,0,5
"9730","5410國眾","110/08/25","凱基-基隆",0,5,-5
"9731","5410國眾","110/08/25","國泰-板橋",5,0,5
"9732","5410國眾","110/08/25","華南永昌-淡水",0,5,-5
"9733","5410國眾","110/08/25","元大-南京",5,0,5
"9734","5410國眾","110/08/25","元大-新莊",0,5,-5
"9735","5410國眾","110/08/25","新光-台中",4,0,4
"9736","5410國眾","110/08/25","群益金鼎-新店",0,4,-4
"9737","5410國眾","110/08/25","臺銀-金山",3,0,3
"9738","5410國眾","110/08/25","華南永昌-公誠",0,4,-4
"9739","5410國眾","110/08/25","摩根大通",3,0,3
"9740","5410國眾","110/08/25","元大-龍潭",0,4,-4
"9741","5410國眾","110/08/25","元大-鳳山",3,0,3
"9742","5410國眾","110/08/25","元富-大裕",0,3,-3
"9743","5410國眾","110/08/25","台新-中壢",2,0,2
"9744","5410國眾","110/08/25","富邦-建國",0,3,-3
"9745","5410國眾","110/08/25","新光",2,0,2
"9746","5410國眾","110/08/25","美林",0,2,-2
"9747","5410國眾","110/08/25","群益金鼎-新竹",2,0,2
"9748","5410國眾","110/08/25","新光-桃園",0,2,-2
"9749","5410國眾","110/08/25","群益金鼎-三民",2,0,2
"9750","5410國眾","110/08/25","元大-花蓮",0,2,-2
"9751","2841台開","110/08/25","宏遠-館前",155,0,155
"9752","2841台開","110/08/25","台中銀",0,45,-45
"9753","2841台開","110/08/25","元大-仁愛",50,0,50
"9754","2841台開","110/08/25","元大-承德",0,40,-40
"9755","2841台開","110/08/25","永豐金-豐原",50,0,50
"9756","2841台開","110/08/25","永豐金-桃盛",0,40,-40
"9757","2841台開","110/08/25","元大-草屯",40,0,40
"9758","2841台開","110/08/25","港商野村",0,34,-34
"9759","2841台開","110/08/25","永豐金-敦南",45,12,33
"9760","2841台開","110/08/25","永豐金-台中",0,18,-18
"9761","2841台開","110/08/25","元大-沙鹿",10,0,10
"9762","2841台開","110/08/25","國票-中和",0,17,-17
"9763","2841台開","110/08/25","第一金",8,0,8
"9764","2841台開","110/08/25","凱基-高美館",0,16,-16
"9765","2841台開","110/08/25","康和-內湖",7,0,7
"9766","2841台開","110/08/25","永豐金-桃園",0,15,-15
"9767","2841台開","110/08/25","富邦-台北",5,0,5
"9768","2841台開","110/08/25","台灣摩根士丹利",0,11,-11
"9769","2841台開","110/08/25","玉山證券",4,0,4
"9770","2841台開","110/08/25","元富-三重",0,10,-10
"9771","2841台開","110/08/25","富邦-新竹",4,0,4
"9772","2841台開","110/08/25","華南永昌-虎尾",0,10,-10
"9773","2841台開","110/08/25","元大-大里",3,0,3
"9774","2841台開","110/08/25","富邦-基隆",0,10,-10
"9775","2841台開","110/08/25","兆豐-忠孝",2,0,2
"9776","2841台開","110/08/25","元大-成功",0,10,-10
"9777","2841台開","110/08/25","新光",4,2,2
"9778","2841台開","110/08/25","元大-北三重",0,10,-10
"9779","2841台開","110/08/25","元大-南崁",2,0,2
"9780","2841台開","110/08/25","新光-高雄",0,9,-9
"9781","6207雷科","110/08/25","摩根大通",76,0,76
"9782","6207雷科","110/08/25","凱基-復興",0,160,-160
"9783","6207雷科","110/08/25","永豐金證券",63,9,54
"9784","6207雷科","110/08/25","元大-高雄",0,100,-100
"9785","6207雷科","110/08/25","凱基-台北",50,5,45
"9786","6207雷科","110/08/25","元大-林園",0,65,-65
"9787","6207雷科","110/08/25","美商高盛",25,0,25
"9788","6207雷科","110/08/25","臺灣企銀-埔墘",0,20,-20
"9789","6207雷科","110/08/25","港商野村",24,3,21
"9790","6207雷科","110/08/25","第一金-高雄",0,20,-20
"9791","6207雷科","110/08/25","台新-高雄",20,1,19
"9792","6207雷科","110/08/25","元大-大里德芳",0,18,-18
"9793","6207雷科","110/08/25","兆豐-高雄",17,0,17
"9794","6207雷科","110/08/25","元大-敦南",2,18,-16
"9795","6207雷科","110/08/25","新加坡商瑞銀",32,21,11
"9796","6207雷科","110/08/25","玉山-高雄",0,15,-15
"9797","6207雷科","110/08/25","台灣企銀-屏東",10,0,10
"9798","6207雷科","110/08/25","臺銀-鳳山",1,13,-12
"9799","6207雷科","110/08/25","富邦-虎尾",10,0,10
"9800","6207雷科","110/08/25","第一金-中山",10,20,-10
"9801","6207雷科","110/08/25","永豐金-博愛",10,0,10
"9802","6207雷科","110/08/25","元大-鳳山",0,10,-10
"9803","6207雷科","110/08/25","永豐金-中壢",10,0,10
"9804","6207雷科","110/08/25","華南永昌-古亭",5,14,-9
"9805","6207雷科","110/08/25","兆豐-城中",9,0,9
"9806","6207雷科","110/08/25","華南永昌-高雄",3,10,-7
"9807","6207雷科","110/08/25","兆豐-嘉義",7,0,7
"9808","6207雷科","110/08/25","永豐金-市政",0,6,-6
"9809","6207雷科","110/08/25","兆豐-三民",6,0,6
"9810","6207雷科","110/08/25","群益金鼎-嘉義",1,6,-5
"9811","3679新至陞","110/08/25","永豐金-南投",11,0,11
"9812","3679新至陞","110/08/25","台灣摩根士丹利",6,14,-8
"9813","3679新至陞","110/08/25","港商法國興業",10,0,10
"9814","3679新至陞","110/08/25","瑞士信貸",0,6,-6
"9815","3679新至陞","110/08/25","兆豐-公益",3,0,3
"9816","3679新至陞","110/08/25","永豐金-敦北",0,5,-5
"9817","3679新至陞","110/08/25","(牛牛牛)亞-網路",2,0,2
"9818","3679新至陞","110/08/25","群益金鼎-高盛",0,4,-4
"9819","3679新至陞","110/08/25","玉山-嘉義",2,0,2
"9820","3679新至陞","110/08/25","元大-文心興安",0,4,-4
"9821","3679新至陞","110/08/25","元大-華山",2,0,2
"9822","3679新至陞","110/08/25","臺銀-臺中",0,3,-3
"9823","3679新至陞","110/08/25","臺銀",1,0,1
"9824","3679新至陞","110/08/25","美商高盛",0,3,-3
"9825","3679新至陞","110/08/25","美林",3,2,1
"9826","3679新至陞","110/08/25","臺銀-新竹",0,2,-2
"9827","3679新至陞","110/08/25","港商野村",1,0,1
"9828","3679新至陞","110/08/25","宏遠-中和",0,2,-2
"9829","3679新至陞","110/08/25","富隆-長安",1,0,1
"9830","3679新至陞","110/08/25","摩根大通",5,7,-2
"9831","3679新至陞","110/08/25","大慶-富順",1,0,1
"9832","3679新至陞","110/08/25","合庫-彰化",0,1,-1
"9833","3679新至陞","110/08/25","元富-林園",1,0,1
"9834","3679新至陞","110/08/25","臺銀-高雄",0,1,-1
"9835","3679新至陞","110/08/25","元富-嘉義",1,0,1
"9836","3679新至陞","110/08/25","日盛-木柵",0,1,-1
"9837","3679新至陞","110/08/25","元富-埔里",1,0,1
"9838","3679新至陞","110/08/25","日盛-文化",0,1,-1
"9839","3679新至陞","110/08/25","台中銀-員林",1,0,1
"9840","3679新至陞","110/08/25","玉山證券",0,1,-1
"9841","2727王品","110/08/25","美商高盛",121,6,115
"9842","2727王品","110/08/25","美林",9,114,-105
"9843","2727王品","110/08/25","台灣摩根士丹利",139,57,82
"9844","2727王品","110/08/25","永豐金證券",3,71,-68
"9845","2727王品","110/08/25","凱基-台北",105,26,79
"9846","2727王品","110/08/25","元大證券",52,108,-56
"9847","2727王品","110/08/25","新光-台中",34,5,29
"9848","2727王品","110/08/25","摩根大通",35,73,-38
"9849","2727王品","110/08/25","瑞士信貸",20,0,20
"9850","2727王品","110/08/25","華南永昌-麻豆",1,21,-20
"9851","2727王品","110/08/25","凱基-信義",19,1,18
"9852","2727王品","110/08/25","國泰-台中",5,19,-14
"9853","2727王品","110/08/25","國票-內壢",13,0,13
"9854","2727王品","110/08/25","富邦-羅東",2,16,-14
"9855","2727王品","110/08/25","中國信託",12,0,12
"9856","2727王品","110/08/25","富邦-高雄",2,16,-14
"9857","2727王品","110/08/25","元大-中壢",15,3,12
"9858","2727王品","110/08/25","富邦-台中",2,16,-14
"9859","2727王品","110/08/25","日盛-景美",11,0,11
"9860","2727王品","110/08/25","華南永昌",61,73,-12
"9861","2727王品","110/08/25","富邦-板橋",11,0,11
"9862","2727王品","110/08/25","群益金鼎",1,12,-11
"9863","2727王品","110/08/25","元大-台中",11,0,11
"9864","2727王品","110/08/25","群益金鼎-松山",0,10,-10
"9865","2727王品","110/08/25","台新-高雄",14,4,10
"9866","2727王品","110/08/25","凱基-市府",0,10,-10
"9867","2727王品","110/08/25","康和",12,2,10
"9868","2727王品","110/08/25","凱基-市政",1,10,-9
"9869","2727王品","110/08/25","新加坡商瑞銀",9,0,9
"9870","2727王品","110/08/25","富邦-台北",2,10,-8
"9871","1570力肯","110/08/25","永豐金-虎尾",52,0,52
"9872","1570力肯","110/08/25","元大-竹山",0,14,-14
"9873","1570力肯","110/08/25","國票-南科",26,0,26
"9874","1570力肯","110/08/25","日盛-忠孝",0,12,-12
"9875","1570力肯","110/08/25","凱基-台北",22,3,19
"9876","1570力肯","110/08/25","凱基-高美館",0,10,-10
"9877","1570力肯","110/08/25","日茂-南投",17,0,17
"9878","1570力肯","110/08/25","元富-緯城",3,12,-9
"9879","1570力肯","110/08/25","兆豐-台中港",12,0,12
"9880","1570力肯","110/08/25","(牛牛牛)亞-鑫豐",2,11,-9
"9881","1570力肯","110/08/25","合庫-嘉義",10,0,10
"9882","1570力肯","110/08/25","元大-鳳山",0,8,-8
"9883","1570力肯","110/08/25","凱基-復興",10,0,10
"9884","1570力肯","110/08/25","台灣摩根士丹利",0,7,-7
"9885","1570力肯","110/08/25","國票-博愛",16,7,9
"9886","1570力肯","110/08/25","兆豐-中壢",0,6,-6
"9887","1570力肯","110/08/25","香港上海匯豐",9,0,9
"9888","1570力肯","110/08/25","國票",0,6,-6
"9889","1570力肯","110/08/25","瑞士信貸",8,0,8
"9890","1570力肯","110/08/25","國票-天祥",0,6,-6
"9891","1570力肯","110/08/25","富邦-高雄",8,0,8
"9892","1570力肯","110/08/25","群益金鼎-桃園",0,6,-6
"9893","1570力肯","110/08/25","摩根大通",12,9,3
"9894","1570力肯","110/08/25","華南永昌-大安",0,6,-6
"9895","1570力肯","110/08/25","新光-新竹",3,0,3
"9896","1570力肯","110/08/25","永豐金-桃園",0,6,-6
"9897","1570力肯","110/08/25","群益金鼎-民權",3,0,3
"9898","1570力肯","110/08/25","兆豐-松德",0,5,-5
"9899","1570力肯","110/08/25","富邦-建國",5,2,3
"9900","1570力肯","110/08/25","群益金鼎-鳳山",0,5,-5
"9901","6180橘子","110/08/25","摩根大通",127,3,124
"9902","6180橘子","110/08/25","台灣摩根士丹利",5,98,-93
"9903","6180橘子","110/08/25","凱基-台北",387,266,121
"9904","6180橘子","110/08/25","元大-頭份",2,44,-42
"9905","6180橘子","110/08/25","港商野村",106,5,101
"9906","6180橘子","110/08/25","元富-古亭",0,27,-27
"9907","6180橘子","110/08/25","國票-南港",70,1,69
"9908","6180橘子","110/08/25","富邦-陽明",1,28,-27
"9909","6180橘子","110/08/25","美林",47,0,47
"9910","6180橘子","110/08/25","富邦-高雄",0,27,-27
"9911","6180橘子","110/08/25","新加坡商瑞銀",51,6,45
"9912","6180橘子","110/08/25","元大-新店中正",2,25,-23
"9913","6180橘子","110/08/25","美商高盛",43,5,38
"9914","6180橘子","110/08/25","第一金-中山",1,22,-21
"9915","6180橘子","110/08/25","富邦-員林",28,0,28
"9916","6180橘子","110/08/25","合庫-自強",0,20,-20
"9917","6180橘子","110/08/25","大慶-富順",22,0,22
"9918","6180橘子","110/08/25","兆豐證券",0,20,-20
"9919","6180橘子","110/08/25","第一金",20,0,20
"9920","6180橘子","110/08/25","元大-台中中港",1,20,-19
"9921","6180橘子","110/08/25","元富-高雄",20,1,19
"9922","6180橘子","110/08/25","康和-新竹",0,15,-15
"9923","6180橘子","110/08/25","北城證券",18,1,17
"9924","6180橘子","110/08/25","國泰-敦南",3,18,-15
"9925","6180橘子","110/08/25","大昌",15,1,14
"9926","6180橘子","110/08/25","元大-和平",0,15,-15
"9927","6180橘子","110/08/25","元大-六合",13,0,13
"9928","6180橘子","110/08/25","日盛-中壢",0,13,-13
"9929","6180橘子","110/08/25","統一-彰化",13,1,12
"9930","6180橘子","110/08/25","福勝",0,13,-13
"9931","2390云辰","110/08/25","元大-永和",583,40,543
"9932","2390云辰","110/08/25","港商野村",593,815,-222
"9933","2390云辰","110/08/25","元富-安南",400,0,400
"9934","2390云辰","110/08/25","合庫-高雄",19,149,-130
"9935","2390云辰","110/08/25","凱基-台北",361,93,268
"9936","2390云辰","110/08/25","新光-台中",28,149,-121
"9937","2390云辰","110/08/25","凱基-湖口",101,0,101
"9938","2390云辰","110/08/25","致和-崇德",0,116,-116
"9939","2390云辰","110/08/25","元大-土城學府",153,76,77
"9940","2390云辰","110/08/25","美商高盛",11,122,-111
"9941","2390云辰","110/08/25","富邦-陽明",97,28,69
"9942","2390云辰","110/08/25","第一金-豐原",9,109,-100
"9943","2390云辰","110/08/25","群益金鼎-基隆",62,2,60
"9944","2390云辰","110/08/25","元大-雙和",16,113,-97
"9945","2390云辰","110/08/25","元大-南屯",54,4,50
"9946","2390云辰","110/08/25","統一-新台中",81,161,-80
"9947","2390云辰","110/08/25","摩根大通",166,118,48
"9948","2390云辰","110/08/25","富邦-新店",0,80,-80
"9949","2390云辰","110/08/25","元大證券",64,18,46
"9950","2390云辰","110/08/25","國泰-桃園",13,86,-73
"9951","2390云辰","110/08/25","華南永昌-合泰",40,0,40
"9952","2390云辰","110/08/25","台新證券",57,129,-72
"9953","2390云辰","110/08/25","土銀-花蓮",39,0,39
"9954","2390云辰","110/08/25","新光",207,273,-66
"9955","2390云辰","110/08/25","大昌",50,11,39
"9956","2390云辰","110/08/25","華南永昌-楠梓",21,70,-49
"9957","2390云辰","110/08/25","元富-桃園",38,1,37
"9958","2390云辰","110/08/25","群益金鼎-敦南",87,133,-46
"9959","2390云辰","110/08/25","光和-溪湖",32,1,31
"9960","2390云辰","110/08/25","永豐金-敦北",0,40,-40
"9961","1315達新","110/08/23","元大-文心興安",22,0,22
"9962","1315達新","110/08/23","香港上海匯豐",0,25,-25
"9963","1315達新","110/08/23","元大-北屯",9,0,9
"9964","1315達新","110/08/23","港商麥格理",0,22,-22
"9965","1315達新","110/08/23","元大-中壢",6,0,6
"9966","1315達新","110/08/23","群益金鼎-東湖",0,17,-17
"9967","1315達新","110/08/23","新光",5,0,5
"9968","1315達新","110/08/23","日盛-台中",0,9,-9
"9969","1315達新","110/08/23","國泰-桃園",5,0,5
"9970","1315達新","110/08/23","台新-台南",0,8,-8
"9971","1315達新","110/08/23","凱基-中港",5,0,5
"9972","1315達新","110/08/23","元大-四維",0,5,-5
"9973","1315達新","110/08/23","元大-豐原",5,0,5
"9974","1315達新","110/08/23","美林",0,4,-4
"9975","1315達新","110/08/23","致和-東門",3,0,3
"9976","1315達新","110/08/23","群益金鼎-瑞豐",0,3,-3
"9977","1315達新","110/08/23","華南永昌-鳳山",3,0,3
"9978","1315達新","110/08/23","元大-松山",0,2,-2
"9979","1315達新","110/08/23","元大-屏南",3,0,3
"9980","1315達新","110/08/23","元大-板橋",0,2,-2
"9981","1315達新","110/08/23","元大-仁愛",3,0,3
"9982","1315達新","110/08/23","永豐金證券",0,2,-2
"9983","1315達新","110/08/23","日盛-頭份",2,0,2
"9984","1315達新","110/08/23","元富-信義",0,1,-1
"9985","1315達新","110/08/23","港商法國興業",2,0,2
"9986","1315達新","110/08/23","華南永昌-中正",0,1,-1
"9987","1315達新","110/08/23","新加坡商瑞銀",2,0,2
"9988","1315達新","110/08/23","富邦-板橋",0,1,-1
"9989","1315達新","110/08/23","第一金",2,0,2
"9990","1315達新","110/08/23","富邦-仁愛",0,1,-1
"9991","2609陽明","110/08/23","摩根大通",18636,4559,14077
"9992","2609陽明","110/08/23","富邦證券",10185,12443,-2258
"9993","2609陽明","110/08/23","康和",2421,208,2213
"9994","2609陽明","110/08/23","富邦-虎尾",7091,8076,-985
"9995","2609陽明","110/08/23","台灣摩根士丹利",2570,528,2042
"9996","2609陽明","110/08/23","華南永昌-竹北",340,1185,-845
"9997","2609陽明","110/08/23","凱基-台北",2772,1398,1374
"9998","2609陽明","110/08/23","新光-新竹",958,1746,-788
"9999","2609陽明","110/08/23","美林",7570,6327,1243
"10000","2609陽明","110/08/23","凱基-長庚",161,815,-654
"10001","2609陽明","110/08/23","瑞士信貸",1505,326,1179
"10002","2609陽明","110/08/23","凱基-市府",164,817,-653
"10003","2609陽明","110/08/23","日盛-板橋",1087,183,904
"10004","2609陽明","110/08/23","國泰-敦南",5133,5754,-621
"10005","2609陽明","110/08/23","凱基-復興",1293,497,796
"10006","2609陽明","110/08/23","國泰-館前",1329,1670,-341
"10007","2609陽明","110/08/23","元大證券",3275,2760,515
"10008","2609陽明","110/08/23","富邦-建國",489,824,-335
"10009","2609陽明","110/08/23","元大-頭份",776,338,438
"10010","2609陽明","110/08/23","元大-大同",246,569,-323
"10011","2609陽明","110/08/23","富邦-仁愛",1292,875,417
"10012","2609陽明","110/08/23","元大-和平",98,405,-307
"10013","2609陽明","110/08/23","凱基-市政",2414,2002,412
"10014","2609陽明","110/08/23","元大-台中中港",128,429,-301
"10015","2609陽明","110/08/23","元大-士林",2427,2036,391
"10016","2609陽明","110/08/23","玉山證券",756,1049,-293
"10017","2609陽明","110/08/23","宏遠證券",1542,1153,389
"10018","2609陽明","110/08/23","群益金鼎-內湖",32,319,-287
"10019","2609陽明","110/08/23","新加坡商瑞銀",746,375,371
"10020","2609陽明","110/08/23","群益金鼎-大安",1012,1296,-284
"10021","2636台驊投控","110/08/23","摩根大通",1383,622,761
"10022","2636台驊投控","110/08/23","第一金-桃園",32,181,-149
"10023","2636台驊投控","110/08/23","瑞士信貸",679,89,590
"10024","2636台驊投控","110/08/23","永豐金-新竹",6,139,-133
"10025","2636台驊投控","110/08/23","台灣摩根士丹利",413,93,320
"10026","2636台驊投控","110/08/23","日盛-景美",5,108,-103
"10027","2636台驊投控","110/08/23","美商高盛",400,167,233
"10028","2636台驊投控","110/08/23","台新證券",155,215,-60
"10029","2636台驊投控","110/08/23","新加坡商瑞銀",215,57,158
"10030","2636台驊投控","110/08/23","日盛-台中",0,55,-55
"10031","2636台驊投控","110/08/23","元大-松江",81,17,64
"10032","2636台驊投控","110/08/23","富邦-苗栗",2,57,-55
"10033","2636台驊投控","110/08/23","新光",303,240,63
"10034","2636台驊投控","110/08/23","日盛-信義",12,66,-54
"10035","2636台驊投控","110/08/23","凱基-台北",601,539,62
"10036","2636台驊投控","110/08/23","富邦-北港",7,56,-49
"10037","2636台驊投控","110/08/23","富邦-彰化",116,55,61
"10038","2636台驊投控","110/08/23","中國信託-文心",19,67,-48
"10039","2636台驊投控","110/08/23","永豐金-萬盛",84,36,48
"10040","2636台驊投控","110/08/23","統一-城中",34,81,-47
"10041","2636台驊投控","110/08/23","兆豐-中壢",67,22,45
"10042","2636台驊投控","110/08/23","土銀-南港",0,45,-45
"10043","2636台驊投控","110/08/23","兆豐-鹿港",44,4,40
"10044","2636台驊投控","110/08/23","永豐金-桃園",19,64,-45
"10045","2636台驊投控","110/08/23","元大-林森",77,40,37
"10046","2636台驊投控","110/08/23","台新-台中",63,107,-44
"10047","2636台驊投控","110/08/23","富邦-虎尾",255,221,34
"10048","2636台驊投控","110/08/23","日盛證券",24,67,-43
"10049","2636台驊投控","110/08/23","元富-成功",37,6,31
"10050","2636台驊投控","110/08/23","凱基-竹科",80,118,-38
"10051","2867三商壽","110/08/23","凱基-台北",292,9,283
"10052","2867三商壽","110/08/23","宏遠證券",0,1024,-1024
"10053","2867三商壽","110/08/23","康和-台中",273,3,270
"10054","2867三商壽","110/08/23","富邦-陽明",0,280,-280
"10055","2867三商壽","110/08/23","土銀-台中",150,0,150
"10056","2867三商壽","110/08/23","元大-北投",0,100,-100
"10057","2867三商壽","110/08/23","新光",135,10,125
"10058","2867三商壽","110/08/23","元富",0,75,-75
"10059","2867三商壽","110/08/23","新加坡商瑞銀",109,5,104
"10060","2867三商壽","110/08/23","摩根大通",309,368,-59
"10061","2867三商壽","110/08/23","元大-桃園",100,0,100
"10062","2867三商壽","110/08/23","台灣摩根士丹利",6,57,-51
"10063","2867三商壽","110/08/23","元大-沙鹿",76,0,76
"10064","2867三商壽","110/08/23","元富-城東",0,51,-51
"10065","2867三商壽","110/08/23","凱基",75,0,75
"10066","2867三商壽","110/08/23","美林",9,59,-50
"10067","2867三商壽","110/08/23","元大-彰化民生",72,0,72
"10068","2867三商壽","110/08/23","宏遠-中和",3,50,-47
"10069","2867三商壽","110/08/23","國泰-台南",78,10,68
"10070","2867三商壽","110/08/23","元大-永和",0,42,-42
"10071","2867三商壽","110/08/23","元大-屏東",60,0,60
"10072","2867三商壽","110/08/23","土銀-白河",0,36,-36
"10073","2867三商壽","110/08/23","華南永昌-公誠",60,1,59
"10074","2867三商壽","110/08/23","元大-博愛",0,31,-31
"10075","2867三商壽","110/08/23","國票-安和",50,0,50
"10076","2867三商壽","110/08/23","凱基-八德",0,30,-30
"10077","2867三商壽","110/08/23","國泰-板橋",50,0,50
"10078","2867三商壽","110/08/23","元大-永康",0,30,-30
"10079","2867三商壽","110/08/23","永豐金-新莊",50,0,50
"10080","2867三商壽","110/08/23","日盛-二林",20,40,-20
"10081","5521工信","110/08/23","摩根大通",142,16,126
"10082","5521工信","110/08/23","港商野村",0,134,-134
"10083","5521工信","110/08/23","群益金鼎-台中",123,0,123
"10084","5521工信","110/08/23","元大-南屯",10,135,-125
"10085","5521工信","110/08/23","元大證券",106,0,106
"10086","5521工信","110/08/23","國泰-敦南",1,34,-33
"10087","5521工信","110/08/23","凱基-台北",117,24,93
"10088","5521工信","110/08/23","台新-台中",2,30,-28
"10089","5521工信","110/08/23","中國信託-三重",44,0,44
"10090","5521工信","110/08/23","群益金鼎-三民",0,25,-25
"10091","5521工信","110/08/23","日盛-宜蘭",20,0,20
"10092","5521工信","110/08/23","福勝",0,20,-20
"10093","5521工信","110/08/23","元大-桃園",20,0,20
"10094","5521工信","110/08/23","元大-內湖",0,20,-20
"10095","5521工信","110/08/23","日茂",14,0,14
"10096","5521工信","110/08/23","第一金-新竹",0,15,-15
"10097","5521工信","110/08/23","富邦-苗栗",12,0,12
"10098","5521工信","110/08/23","統一-員林",0,15,-15
"10099","5521工信","110/08/23","港商法國興業",11,0,11
"10100","5521工信","110/08/23","新光",0,15,-15
"10101","5521工信","110/08/23","統一-新台中",66,55,11
"10102","5521工信","110/08/23","華南永昌-高雄",0,15,-15
"10103","5521工信","110/08/23","宏遠-桃園",10,0,10
"10104","5521工信","110/08/23","第一金-桃園",0,12,-12
"10105","5521工信","110/08/23","日進",10,0,10
"10106","5521工信","110/08/23","群益金鼎-萬華",0,12,-12
"10107","5521工信","110/08/23","群益金鼎-中壢",10,0,10
"10108","5521工信","110/08/23","兆豐-新竹",0,11,-11
"10109","5521工信","110/08/23","富邦-虎尾",10,0,10
"10110","5521工信","110/08/23","群益金鼎-忠孝",0,10,-10
"10111","1471首利","110/08/23","摩根大通",143,11,132
"10112","1471首利","110/08/23","元大-草屯",0,153,-153
"10113","1471首利","110/08/23","瑞士信貸",79,0,79
"10114","1471首利","110/08/23","富邦-台北",0,30,-30
"10115","1471首利","110/08/23","美林",27,1,26
"10116","1471首利","110/08/23","第一金-路竹",0,28,-28
"10117","1471首利","110/08/23","凱基-台北",23,0,23
"10118","1471首利","110/08/23","光和-嘉義",0,20,-20
"10119","1471首利","110/08/23","港商法國興業",16,0,16
"10120","1471首利","110/08/23","兆豐-台中港",0,20,-20
"10121","1471首利","110/08/23","兆豐-員林",13,1,12
"10122","1471首利","110/08/23","新光-台南",0,20,-20
"10123","1471首利","110/08/23","台新-台南",10,0,10
"10124","1471首利","110/08/23","永豐金-松山",0,20,-20
"10125","1471首利","110/08/23","玉山-新莊",10,0,10
"10126","1471首利","110/08/23","永興-大墩",0,12,-12
"10127","1471首利","110/08/23","元大-南崁",10,0,10
"10128","1471首利","110/08/23","元富-民權",0,12,-12
"10129","1471首利","110/08/23","國泰-敦南",9,0,9
"10130","1471首利","110/08/23","光和",0,11,-11
"10131","1471首利","110/08/23","中農",7,0,7
"10132","1471首利","110/08/23","凱基-嘉義",0,11,-11
"10133","1471首利","110/08/23","元大-南投",7,0,7
"10134","1471首利","110/08/23","宏遠-光隆",0,10,-10
"10135","1471首利","110/08/23","臺銀-鳳山",5,0,5
"10136","1471首利","110/08/23","元富-台南",0,10,-10
"10137","1471首利","110/08/23","臺銀-新竹",5,0,5
"10138","1471首利","110/08/23","國票-天祥",1,7,-6
"10139","1471首利","110/08/23","台新-松江",5,0,5
"10140","1471首利","110/08/23","凱基-新店",1,7,-6
"10141","2883開發金","110/08/23","港商野村",10106,1311,8795
"10142","2883開發金","110/08/23","凱基",0,12731,-12731
"10143","2883開發金","110/08/23","國泰-館前",3231,61,3170
"10144","2883開發金","110/08/23","華南永昌",206,3525,-3319
"10145","2883開發金","110/08/23","美林",3113,860,2253
"10146","2883開發金","110/08/23","台灣摩根士丹利",274,2928,-2654
"10147","2883開發金","110/08/23","元大-開元",2066,52,2014
"10148","2883開發金","110/08/23","凱基-台北",1073,3532,-2459
"10149","2883開發金","110/08/23","統一",1542,16,1526
"10150","2883開發金","110/08/23","新加坡商瑞銀",404,2862,-2458
"10151","2883開發金","110/08/23","永豐金-新莊",1111,2,1109
"10152","2883開發金","110/08/23","群益金鼎",2,1833,-1831
"10153","2883開發金","110/08/23","永豐金-台南",1055,155,900
"10154","2883開發金","110/08/23","摩根大通",987,2808,-1821
"10155","2883開發金","110/08/23","統一-基隆",542,0,542
"10156","2883開發金","110/08/23","聯邦商銀",4,1800,-1796
"10157","2883開發金","110/08/23","花旗環球",650,117,533
"10158","2883開發金","110/08/23","康和",5,1485,-1480
"10159","2883開發金","110/08/23","群益金鼎-開元",531,23,508
"10160","2883開發金","110/08/23","新光",1648,2512,-864
"10161","2883開發金","110/08/23","港商法國興業",484,0,484
"10162","2883開發金","110/08/23","美商高盛",11,687,-676
"10163","2883開發金","110/08/23","統一-台中",496,32,464
"10164","2883開發金","110/08/23","大慶-基隆",3,503,-500
"10165","2883開發金","110/08/23","(牛牛牛)亞-鑫豐",475,48,427
"10166","2883開發金","110/08/23","瑞士信貸",206,641,-435
"10167","2883開發金","110/08/23","元大證券",560,198,362
"10168","2883開發金","110/08/23","第一金-台南",79,494,-415
"10169","2883開發金","110/08/23","台新證券",488,128,360
"10170","2883開發金","110/08/23","華南永昌-苑裡",2,315,-313
"10171","6205詮欣","110/08/23","合庫-三重",49,0,49
"10172","6205詮欣","110/08/23","永豐金-敦南",0,52,-52
"10173","6205詮欣","110/08/23","摩根大通",8,0,8
"10174","6205詮欣","110/08/23","統一-中壢",0,10,-10
"10175","6205詮欣","110/08/23","日盛-高雄",5,0,5
"10176","6205詮欣","110/08/23","瑞士信貸",3,11,-8
"10177","6205詮欣","110/08/23","新光-台南",5,0,5
"10178","6205詮欣","110/08/23","群益金鼎-永和",0,5,-5
"10179","6205詮欣","110/08/23","元大-復北",4,0,4
"10180","6205詮欣","110/08/23","華南永昌-公誠",0,5,-5
"10181","6205詮欣","110/08/23","永豐金證券",4,0,4
"10182","6205詮欣","110/08/23","元大-屏東",0,5,-5
"10183","6205詮欣","110/08/23","臺銀-高雄",3,0,3
"10184","6205詮欣","110/08/23","元大-汐止",1,5,-4
"10185","6205詮欣","110/08/23","港商法國興業",3,0,3
"10186","6205詮欣","110/08/23","統一-汐止",0,3,-3
"10187","6205詮欣","110/08/23","凱基-汐止",3,0,3
"10188","6205詮欣","110/08/23","元富-嘉義",0,2,-2
"10189","6205詮欣","110/08/23","凱基-台北",4,1,3
"10190","6205詮欣","110/08/23","北城證券",0,2,-2
"10191","6205詮欣","110/08/23","日盛-三重",2,0,2
"10192","6205詮欣","110/08/23","凱基-新莊",0,2,-2
"10193","6205詮欣","110/08/23","華南永昌-潮州",2,0,2
"10194","6205詮欣","110/08/23","富邦-仁愛",0,2,-2
"10195","6205詮欣","110/08/23","元大-成功",2,0,2
"10196","6205詮欣","110/08/23","永豐金-新莊",0,2,-2
"10197","6205詮欣","110/08/23","美林",1,0,1
"10198","6205詮欣","110/08/23","永豐金-台中",0,2,-2
"10199","6205詮欣","110/08/23","第一金-大稻埕",1,0,1
"10200","6205詮欣","110/08/23","第一金-路竹",0,1,-1
"10201","1540喬福","110/08/23","玉山證券",6,1,5
"10202","1540喬福","110/08/23","元富-新竹",0,5,-5
"10203","1540喬福","110/08/23","港商法國興業",3,0,3
"10204","1540喬福","110/08/23","玉山-城中",0,5,-5
"10205","1540喬福","110/08/23","元富-敦南",3,0,3
"10206","1540喬福","110/08/23","兆豐-台中港",0,4,-4
"10207","1540喬福","110/08/23","凱基-台北",2,0,2
"10208","1540喬福","110/08/23","元大-太平",0,4,-4
"10209","1540喬福","110/08/23","國泰-敦南",1,0,1
"10210","1540喬福","110/08/23","美林",0,1,-1
"10211","1540喬福","110/08/23","永豐金-豐原",1,0,1
"10212","1540喬福","110/08/23","元富",0,1,-1
"10213","1540喬福","110/08/23","永豐金-敦南",1,0,1
"10214","1540喬福","110/08/23","群益金鼎-海山",0,1,-1
"10215","1540喬福","110/08/23","元大-文心興安",1,0,1
"10216","1540喬福","110/08/23","富邦-嘉義",0,1,-1
"10217","1540喬福","110/08/23","群益金鼎-丹鳳",1,0,1
"10218","1540喬福","110/08/23","日盛-八德",0,0,0
"10219","1540喬福","110/08/23","群益金鼎-高雄",1,0,1
"10220","1540喬福","110/08/23","統一-三重",0,0,0
"10221","1540喬福","110/08/23","合庫-高雄",1,0,1
"10222","1540喬福","110/08/23","(牛牛牛)亞-網路",0,0,0
"10223","1540喬福","110/08/23","致和-南京",2,1,1
"10224","1540喬福","110/08/23","國泰-高雄",0,0,0
"10225","1540喬福","110/08/23","新加坡商瑞銀",1,0,1
"10226","1540喬福","110/08/23","凱基-竹北",0,0,0
"10227","1540喬福","110/08/23","國泰-高雄",0,0,0
"10228","1540喬福","110/08/23","華南永昌-嘉義",0,0,0
"10229","1540喬福","110/08/23","凱基-竹北",0,0,0
"10230","1540喬福","110/08/23","元大-西門",0,0,0
"10231","2888新光金","110/08/23","港商野村",2200,82,2118
"10232","2888新光金","110/08/23","元富-城東",72,2108,-2036
"10233","2888新光金","110/08/23","凱基-台北",1553,74,1479
"10234","2888新光金","110/08/23","元大-北投",15,1631,-1616
"10235","2888新光金","110/08/23","合庫-新竹",800,0,800
"10236","2888新光金","110/08/23","美商高盛",264,1857,-1593
"10237","2888新光金","110/08/23","法銀巴黎",688,38,650
"10238","2888新光金","110/08/23","摩根大通",2146,3664,-1518
"10239","2888新光金","110/08/23","元富",590,17,573
"10240","2888新光金","110/08/23","元大證券",87,1208,-1121
"10241","2888新光金","110/08/23","第一金-新竹",572,0,572
"10242","2888新光金","110/08/23","凱基-頭份",0,1100,-1100
"10243","2888新光金","110/08/23","台灣摩根士丹利",597,168,429
"10244","2888新光金","110/08/23","玉山-板橋",93,712,-619
"10245","2888新光金","110/08/23","福邦-新竹",412,0,412
"10246","2888新光金","110/08/23","瑞士信貸",535,1122,-587
"10247","2888新光金","110/08/23","新光",504,139,365
"10248","2888新光金","110/08/23","元富-嘉義",27,583,-556
"10249","2888新光金","110/08/23","元大-屏南",343,4,339
"10250","2888新光金","110/08/23","凱基-敦北",2,500,-498
"10251","2888新光金","110/08/23","(牛牛牛)亞-鑫豐",398,63,335
"10252","2888新光金","110/08/23","華南永昌-林口",130,620,-490
"10253","2888新光金","110/08/23","永豐金-嘉義",300,0,300
"10254","2888新光金","110/08/23","元大-草屯",27,442,-415
"10255","2888新光金","110/08/23","富邦-台北",309,14,295
"10256","2888新光金","110/08/23","元大-大天母",5,255,-250
"10257","2888新光金","110/08/23","元富-彰化",254,2,252
"10258","2888新光金","110/08/23","土銀-嘉義",10,250,-240
"10259","2888新光金","110/08/23","群益金鼎-竹南",282,32,250
"10260","2888新光金","110/08/23","富邦-高雄",42,266,-224
"10261","1340勝悅","110/08/23","港商法國興業",20,0,20
"10262","1340勝悅","110/08/23","凱基-永華",0,26,-26
"10263","1340勝悅","110/08/23","凱基-台北",15,1,14
"10264","1340勝悅","110/08/23","元大-四維",0,20,-20
"10265","1340勝悅","110/08/23","美林",12,0,12
"10266","1340勝悅","110/08/23","元大-向上",0,19,-19
"10267","1340勝悅","110/08/23","元富-宜蘭",7,0,7
"10268","1340勝悅","110/08/23","元大-竹北",0,18,-18
"10269","1340勝悅","110/08/23","美商高盛",6,0,6
"10270","1340勝悅","110/08/23","永豐金-內湖",0,15,-15
"10271","1340勝悅","110/08/23","國泰-台中",6,0,6
"10272","1340勝悅","110/08/23","摩根大通",0,9,-9
"10273","1340勝悅","110/08/23","臺灣企銀-埔墘",5,0,5
"10274","1340勝悅","110/08/23","元大-忠孝鼎富",0,9,-9
"10275","1340勝悅","110/08/23","元富-彰化",5,0,5
"10276","1340勝悅","110/08/23","凱基-高美館",0,4,-4
"10277","1340勝悅","110/08/23","台中銀",5,0,5
"10278","1340勝悅","110/08/23","臺銀-鳳山",0,3,-3
"10279","1340勝悅","110/08/23","新光",5,0,5
"10280","1340勝悅","110/08/23","統一-城中",3,6,-3
"10281","1340勝悅","110/08/23","瑞士信貸",4,0,4
"10282","1340勝悅","110/08/23","陽信-石牌",0,2,-2
"10283","1340勝悅","110/08/23","華南永昌-新莊",4,0,4
"10284","1340勝悅","110/08/23","群益金鼎-屏東",0,2,-2
"10285","1340勝悅","110/08/23","富邦-新店",5,1,4
"10286","1340勝悅","110/08/23","富邦-羅東",0,2,-2
"10287","1340勝悅","110/08/23","群益金鼎-館前",3,0,3
"10288","1340勝悅","110/08/23","元大-新竹經國",0,2,-2
"10289","1340勝悅","110/08/23","國泰-桃園",2,0,2
"10290","1340勝悅","110/08/23","新光-台南",0,1,-1
"10291","6246臺龍","110/08/23","台新-高雄",46,22,24
"10292","6246臺龍","110/08/23","元富-高雄",0,26,-26
"10293","6246臺龍","110/08/23","凱基-台北",10,1,9
"10294","6246臺龍","110/08/23","元大-台北",0,8,-8
"10295","6246臺龍","110/08/23","臺銀-臺中",6,0,6
"10296","6246臺龍","110/08/23","日進",0,6,-6
"10297","6246臺龍","110/08/23","國票-北高雄",6,0,6
"10298","6246臺龍","110/08/23","第一金-高雄",0,5,-5
"10299","6246臺龍","110/08/23","第一金-安和",5,0,5
"10300","6246臺龍","110/08/23","玉山-桃園",0,5,-5
"10301","6246臺龍","110/08/23","元富-宜蘭",5,0,5
"10302","6246臺龍","110/08/23","群益金鼎-東門",0,5,-5
"10303","6246臺龍","110/08/23","康和-內湖",5,0,5
"10304","6246臺龍","110/08/23","永豐金-三重",0,5,-5
"10305","6246臺龍","110/08/23","兆豐-公益",4,0,4
"10306","6246臺龍","110/08/23","元富-潮州",0,4,-4
"10307","6246臺龍","110/08/23","台新-屏東",20,16,4
"10308","6246臺龍","110/08/23","元大-新莊",0,4,-4
"10309","6246臺龍","110/08/23","元大-高雄",4,0,4
"10310","6246臺龍","110/08/23","宏遠-新化",0,3,-3
"10311","6246臺龍","110/08/23","兆豐-景美",3,0,3
"10312","6246臺龍","110/08/23","富邦-嘉義",0,3,-3
"10313","6246臺龍","110/08/23","國票-敦北法人",5,2,3
"10314","6246臺龍","110/08/23","日盛-新莊",0,2,-2
"10315","6246臺龍","110/08/23","新光-台中",3,0,3
"10316","6246臺龍","110/08/23","元富-花蓮",0,2,-2
"10317","6246臺龍","110/08/23","元大-竹山",3,0,3
"10318","6246臺龍","110/08/23","兆豐-高雄",0,2,-2
"10319","6246臺龍","110/08/23","元大-土城",3,0,3
"10320","6246臺龍","110/08/23","國泰-敦南",1,3,-2
"10321","00715L期街口布蘭特正2","110/08/23","中國信託-永康",1679,1,1678
"10322","00715L期街口布蘭特正2","110/08/23","元大證券",181,15885,-15704
"10323","00715L期街口布蘭特正2","110/08/23","元大-新竹",1242,37,1205
"10324","00715L期街口布蘭特正2","110/08/23","凱基",0,4277,-4277
"10325","00715L期街口布蘭特正2","110/08/23","兆豐-鹿港",790,10,780
"10326","00715L期街口布蘭特正2","110/08/23","合庫證券",25,3475,-3450
"10327","00715L期街口布蘭特正2","110/08/23","凱基-台北",1274,502,772
"10328","00715L期街口布蘭特正2","110/08/23","永豐金證券",100,3461,-3361
"10329","00715L期街口布蘭特正2","110/08/23","新光",913,226,687
"10330","00715L期街口布蘭特正2","110/08/23","元富",11,2829,-2818
"10331","00715L期街口布蘭特正2","110/08/23","台中銀",639,24,615
"10332","00715L期街口布蘭特正2","110/08/23","康和",0,2551,-2551
"10333","00715L期街口布蘭特正2","110/08/23","元大-嘉義",584,0,584
"10334","00715L期街口布蘭特正2","110/08/23","富邦證券",1628,2629,-1001
"10335","00715L期街口布蘭特正2","110/08/23","兆豐-台中港",613,30,583
"10336","00715L期街口布蘭特正2","110/08/23","元大-林森",45,602,-557
"10337","00715L期街口布蘭特正2","110/08/23","永豐金-板盛",506,0,506
"10338","00715L期街口布蘭特正2","110/08/23","元大-三重",21,550,-529
"10339","00715L期街口布蘭特正2","110/08/23","群益金鼎-屏東",501,0,501
"10340","00715L期街口布蘭特正2","110/08/23","元大-民雄",92,575,-483
"10341","00715L期街口布蘭特正2","110/08/23","元大-北港",496,10,486
"10342","00715L期街口布蘭特正2","110/08/23","元大-蘆洲",15,316,-301
"10343","00715L期街口布蘭特正2","110/08/23","新光-台中",463,36,427
"10344","00715L期街口布蘭特正2","110/08/23","群益金鼎-台中",10,300,-290
"10345","00715L期街口布蘭特正2","110/08/23","永豐金-市政",420,15,405
"10346","00715L期街口布蘭特正2","110/08/23","群益金鼎-丹鳳",37,320,-283
"10347","00715L期街口布蘭特正2","110/08/23","元大-復北",415,11,404
"10348","00715L期街口布蘭特正2","110/08/23","富邦-嘉義",346,628,-282
"10349","00715L期街口布蘭特正2","110/08/23","中國信託-高雄",428,28,400
"10350","00715L期街口布蘭特正2","110/08/23","大昌-樹林",48,295,-247
"10351","8941關中","110/08/23","凱基-市府",1,0,1
"10352","8941關中","110/08/23","元大-金華",0,1,-1
"10353","8941關中","110/08/23","元富-台中",0,0,0
"10354","8941關中","110/08/23","元富-台中",0,0,0
"10355","8941關中","110/08/23","康和-板橋",0,0,0
"10356","8941關中","110/08/23","康和-板橋",0,0,0
"10357","8941關中","110/08/23","凱基-市政",0,0,0
"10358","8941關中","110/08/23","凱基-市政",0,0,0
"10359","8941關中","110/08/23","永豐金-敦北",0,0,0
"10360","8941關中","110/08/23","永豐金-敦北",0,0,0
"10361","8941關中","110/08/23","永豐金-南投",0,0,0
"10362","8941關中","110/08/23","永豐金-南投",0,0,0
"10363","8941關中","110/08/23","",NA,NA,NA
"10364","8941關中","110/08/23","",NA,NA,NA
"10365","8941關中","110/08/23","",NA,NA,NA
"10366","8941關中","110/08/23","",NA,NA,NA
"10367","8941關中","110/08/23","",NA,NA,NA
"10368","8941關中","110/08/23","",NA,NA,NA
"10369","8941關中","110/08/23","",NA,NA,NA
"10370","8941關中","110/08/23","",NA,NA,NA
"10371","8941關中","110/08/23","",NA,NA,NA
"10372","8941關中","110/08/23","",NA,NA,NA
"10373","8941關中","110/08/23","",NA,NA,NA
"10374","8941關中","110/08/23","",NA,NA,NA
"10375","8941關中","110/08/23","",NA,NA,NA
"10376","8941關中","110/08/23","",NA,NA,NA
"10377","8941關中","110/08/23","",NA,NA,NA
"10378","8941關中","110/08/23","",NA,NA,NA
"10379","8941關中","110/08/23","",NA,NA,NA
"10380","8941關中","110/08/23","",NA,NA,NA
"10381","8936國統","110/08/23","新加坡商瑞銀",220,12,208
"10382","8936國統","110/08/23","宏遠-台南",0,264,-264
"10383","8936國統","110/08/23","第一金-高雄",100,0,100
"10384","8936國統","110/08/23","康和-高雄",0,156,-156
"10385","8936國統","110/08/23","美商高盛",89,5,84
"10386","8936國統","110/08/23","凱基-高美館",0,56,-56
"10387","8936國統","110/08/23","瑞士信貸",77,0,77
"10388","8936國統","110/08/23","凱基-台北",7,50,-43
"10389","8936國統","110/08/23","中國信託-高雄",55,0,55
"10390","8936國統","110/08/23","大慶-楊梅",0,19,-19
"10391","8936國統","110/08/23","摩根大通",44,0,44
"10392","8936國統","110/08/23","富邦-台北",1,17,-16
"10393","8936國統","110/08/23","港商野村",68,31,37
"10394","8936國統","110/08/23","國票-中正",0,15,-15
"10395","8936國統","110/08/23","富邦-陽明",30,0,30
"10396","8936國統","110/08/23","兆豐-北高雄",0,14,-14
"10397","8936國統","110/08/23","美林",15,0,15
"10398","8936國統","110/08/23","日盛-和美",1,12,-11
"10399","8936國統","110/08/23","華南永昌",15,0,15
"10400","8936國統","110/08/23","統一-新竹",2,13,-11
"10401","8936國統","110/08/23","新光-台中",13,1,12
"10402","8936國統","110/08/23","永興-水湳",0,10,-10
"10403","8936國統","110/08/23","臺銀-鳳山",11,0,11
"10404","8936國統","110/08/23","國票-北高雄",0,10,-10
"10405","8936國統","110/08/23","元富-城東",10,0,10
"10406","8936國統","110/08/23","凱基-科園",0,10,-10
"10407","8936國統","110/08/23","宏遠-高雄",11,2,9
"10408","8936國統","110/08/23","元大-高雄",0,10,-10
"10409","8936國統","110/08/23","元富-古亭",9,0,9
"10410","8936國統","110/08/23","元大-西螺",0,8,-8
"10411","6226光鼎","110/08/23","摩根大通",432,89,343
"10412","6226光鼎","110/08/23","元大-文心興安",17,248,-231
"10413","6226光鼎","110/08/23","凱基-台北",234,13,221
"10414","6226光鼎","110/08/23","台新-台南",5,92,-87
"10415","6226光鼎","110/08/23","瑞士信貸",176,1,175
"10416","6226光鼎","110/08/23","致和-佳里",0,50,-50
"10417","6226光鼎","110/08/23","美林",77,4,73
"10418","6226光鼎","110/08/23","永豐金-大園",1,50,-49
"10419","6226光鼎","110/08/23","元大-板橋",51,4,47
"10420","6226光鼎","110/08/23","永豐金-竹北",0,40,-40
"10421","6226光鼎","110/08/23","港商法國興業",41,0,41
"10422","6226光鼎","110/08/23","凱基-台中",10,46,-36
"10423","6226光鼎","110/08/23","富邦-陽明",60,20,40
"10424","6226光鼎","110/08/23","統一",0,35,-35
"10425","6226光鼎","110/08/23","華南永昌-中正",38,0,38
"10426","6226光鼎","110/08/23","國泰-板橋",13,47,-34
"10427","6226光鼎","110/08/23","美商高盛",120,86,34
"10428","6226光鼎","110/08/23","富邦-岡山",0,34,-34
"10429","6226光鼎","110/08/23","永豐金-虎尾",54,21,33
"10430","6226光鼎","110/08/23","元富-城中",4,37,-33
"10431","6226光鼎","110/08/23","元大-中壢",43,11,32
"10432","6226光鼎","110/08/23","永豐金-中盛",2,35,-33
"10433","6226光鼎","110/08/23","元大-松山",30,0,30
"10434","6226光鼎","110/08/23","新光",29,60,-31
"10435","6226光鼎","110/08/23","華南永昌-麻豆",29,0,29
"10436","6226光鼎","110/08/23","第一金-台南",3,28,-25
"10437","6226光鼎","110/08/23","國泰-敦南",108,80,28
"10438","6226光鼎","110/08/23","元富-同大",0,23,-23
"10439","6226光鼎","110/08/23","凱基-內埔",31,10,21
"10440","6226光鼎","110/08/23","元大-高雄",0,23,-23
"10441","2363矽統","110/08/23","摩根大通",2511,676,1835
"10442","2363矽統","110/08/23","凱基-南崁",11,1553,-1542
"10443","2363矽統","110/08/23","凱基-台北",1871,888,983
"10444","2363矽統","110/08/23","玉山-台中",25,549,-524
"10445","2363矽統","110/08/23","合庫-基隆",965,24,941
"10446","2363矽統","110/08/23","台灣摩根士丹利",0,504,-504
"10447","2363矽統","110/08/23","瑞士信貸",553,0,553
"10448","2363矽統","110/08/23","永豐金-板盛",4,302,-298
"10449","2363矽統","110/08/23","美商高盛",1636,1099,537
"10450","2363矽統","110/08/23","大展",13,289,-276
"10451","2363矽統","110/08/23","港商野村",2021,1501,520
"10452","2363矽統","110/08/23","元大-汐止",123,391,-268
"10453","2363矽統","110/08/23","美林",395,80,315
"10454","2363矽統","110/08/23","台新證券",332,525,-193
"10455","2363矽統","110/08/23","富邦-苗栗",360,53,307
"10456","2363矽統","110/08/23","富邦-新竹",45,201,-156
"10457","2363矽統","110/08/23","統一-土城",254,6,248
"10458","2363矽統","110/08/23","群益金鼎-桃園",4,107,-103
"10459","2363矽統","110/08/23","統一-仁愛",281,48,233
"10460","2363矽統","110/08/23","台新-屏東",58,156,-98
"10461","2363矽統","110/08/23","統一-敦南",261,40,221
"10462","2363矽統","110/08/23","元富-永和",9,103,-94
"10463","2363矽統","110/08/23","統一-城中",276,57,219
"10464","2363矽統","110/08/23","富邦-新店",19,107,-88
"10465","2363矽統","110/08/23","群益金鼎-敦南",209,13,196
"10466","2363矽統","110/08/23","群益金鼎-南京",24,111,-87
"10467","2363矽統","110/08/23","華南永昌-林口",174,12,162
"10468","2363矽統","110/08/23","台新-左楠",4,88,-84
"10469","2363矽統","110/08/23","元大-淡水",210,57,153
"10470","2363矽統","110/08/23","元大-沙鹿",58,137,-79
"10471","8112至上","110/08/23","美林",116,9,107
"10472","8112至上","110/08/23","群益金鼎-基隆",0,172,-172
"10473","8112至上","110/08/23","摩根大通",133,59,74
"10474","8112至上","110/08/23","香港上海匯豐",0,120,-120
"10475","8112至上","110/08/23","第一金-桃園",99,30,69
"10476","8112至上","110/08/23","台灣摩根士丹利",0,110,-110
"10477","8112至上","110/08/23","凱基-台北",129,78,51
"10478","8112至上","110/08/23","群益金鼎",0,100,-100
"10479","8112至上","110/08/23","元大-成功",50,1,49
"10480","8112至上","110/08/23","元大-佳里",5,92,-87
"10481","8112至上","110/08/23","日盛-花蓮",40,0,40
"10482","8112至上","110/08/23","港商野村",77,140,-63
"10483","8112至上","110/08/23","國票-天祥",40,0,40
"10484","8112至上","110/08/23","元大-永和",0,45,-45
"10485","8112至上","110/08/23","群益金鼎-板橋",40,0,40
"10486","8112至上","110/08/23","富邦-仁愛",31,66,-35
"10487","8112至上","110/08/23","元大-萬華",49,10,39
"10488","8112至上","110/08/23","日盛-文化",0,26,-26
"10489","8112至上","110/08/23","合庫-西台中",40,5,35
"10490","8112至上","110/08/23","元富-佳里",4,30,-26
"10491","8112至上","110/08/23","瑞士信貸",33,0,33
"10492","8112至上","110/08/23","第一金-大稻埕",0,25,-25
"10493","8112至上","110/08/23","中國信託-永康",31,0,31
"10494","8112至上","110/08/23","大慶-蘆洲",0,22,-22
"10495","8112至上","110/08/23","亞東",30,0,30
"10496","8112至上","110/08/23","永豐金-敦南",2,23,-21
"10497","8112至上","110/08/23","亞東-台中",26,0,26
"10498","8112至上","110/08/23","台中銀",0,20,-20
"10499","8112至上","110/08/23","富邦-北港",35,11,24
"10500","8112至上","110/08/23","兆豐-西螺",0,20,-20
"10501","1570力肯","110/08/23","國票-和平",39,0,39
"10502","1570力肯","110/08/23","統一",0,28,-28
"10503","1570力肯","110/08/23","摩根大通",22,1,21
"10504","1570力肯","110/08/23","群益金鼎-東門",0,20,-20
"10505","1570力肯","110/08/23","臺銀",18,0,18
"10506","1570力肯","110/08/23","中國信託-嘉義",0,15,-15
"10507","1570力肯","110/08/23","台新-台中",18,0,18
"10508","1570力肯","110/08/23","台新證券",0,15,-15
"10509","1570力肯","110/08/23","凱基-台北",25,8,17
"10510","1570力肯","110/08/23","元富-世貿",0,10,-10
"10511","1570力肯","110/08/23","中農",10,0,10
"10512","1570力肯","110/08/23","國票-博愛",0,10,-10
"10513","1570力肯","110/08/23","瑞士信貸",5,0,5
"10514","1570力肯","110/08/23","元富-新興",0,9,-9
"10515","1570力肯","110/08/23","兆豐-松德",5,0,5
"10516","1570力肯","110/08/23","新光",0,9,-9
"10517","1570力肯","110/08/23","凱基-高美館",5,0,5
"10518","1570力肯","110/08/23","元大-四維",1,7,-6
"10519","1570力肯","110/08/23","凱基-幸福",5,0,5
"10520","1570力肯","110/08/23","元大-淡水",0,4,-4
"10521","1570力肯","110/08/23","元大-和平",20,15,5
"10522","1570力肯","110/08/23","元大-民生",0,4,-4
"10523","1570力肯","110/08/23","元大-草屯",5,0,5
"10524","1570力肯","110/08/23","元大-東港",0,4,-4
"10525","1570力肯","110/08/23","日盛-中壢",4,0,4
"10526","1570力肯","110/08/23","永豐金-松山",0,4,-4
"10527","1570力肯","110/08/23","國票-天祥",3,0,3
"10528","1570力肯","110/08/23","日盛-景美",0,3,-3
"10529","1570力肯","110/08/23","台灣企銀-屏東",2,0,2
"10530","1570力肯","110/08/23","中國信託-新竹",0,3,-3
"10531","2929淘帝","110/08/23","凱基-台北",27,2,25
"10532","2929淘帝","110/08/23","花旗環球",0,22,-22
"10533","2929淘帝","110/08/23","元大-太平",23,0,23
"10534","2929淘帝","110/08/23","宏遠-館前",0,20,-20
"10535","2929淘帝","110/08/23","元大-萬華",20,0,20
"10536","2929淘帝","110/08/23","富邦-高雄",0,20,-20
"10537","2929淘帝","110/08/23","港商野村",14,0,14
"10538","2929淘帝","110/08/23","兆豐-北高雄",0,17,-17
"10539","2929淘帝","110/08/23","摩根大通",14,0,14
"10540","2929淘帝","110/08/23","致和-高雄",0,10,-10
"10541","2929淘帝","110/08/23","富邦-陽明",11,0,11
"10542","2929淘帝","110/08/23","康和-內湖",0,10,-10
"10543","2929淘帝","110/08/23","元大-文心興安",10,0,10
"10544","2929淘帝","110/08/23","元大-沙鹿",0,9,-9
"10545","2929淘帝","110/08/23","永豐金-大園",10,0,10
"10546","2929淘帝","110/08/23","元大-豐原站前",0,8,-8
"10547","2929淘帝","110/08/23","凱基-林口",7,0,7
"10548","2929淘帝","110/08/23","高橋-龍潭",0,7,-7
"10549","2929淘帝","110/08/23","新加坡商瑞銀",9,3,6
"10550","2929淘帝","110/08/23","臺銀-高雄",0,6,-6
"10551","2929淘帝","110/08/23","日盛-員林",5,0,5
"10552","2929淘帝","110/08/23","元富-新竹",0,6,-6
"10553","2929淘帝","110/08/23","元大-虎尾",5,0,5
"10554","2929淘帝","110/08/23","富邦-竹北",0,6,-6
"10555","2929淘帝","110/08/23","美林",6,2,4
"10556","2929淘帝","110/08/23","元大-莒光",0,5,-5
"10557","2929淘帝","110/08/23","港商法國興業",4,0,4
"10558","2929淘帝","110/08/23","元大-左營",0,5,-5
"10559","2929淘帝","110/08/23","凱基-東門",4,0,4
"10560","2929淘帝","110/08/23","元大-鹿港",0,5,-5
"10561","5410國眾","110/08/23","港商野村",14,0,14
"10562","5410國眾","110/08/23","元大-崇德",0,22,-22
"10563","5410國眾","110/08/23","凱基-台北",14,3,11
"10564","5410國眾","110/08/23","元大-清水",0,15,-15
"10565","5410國眾","110/08/23","凱基-科園",10,0,10
"10566","5410國眾","110/08/23","元大-金華",0,10,-10
"10567","5410國眾","110/08/23","華南永昌-高雄",7,0,7
"10568","5410國眾","110/08/23","元大-中壢",0,9,-9
"10569","5410國眾","110/08/23","新加坡商瑞銀",6,0,6
"10570","5410國眾","110/08/23","日盛-台中",0,8,-8
"10571","5410國眾","110/08/23","國泰-台中",5,0,5
"10572","5410國眾","110/08/23","元大-前金",0,6,-6
"10573","5410國眾","110/08/23","國泰-桃園",5,0,5
"10574","5410國眾","110/08/23","華南永昌-公誠",0,5,-5
"10575","5410國眾","110/08/23","華南永昌-淡水",5,0,5
"10576","5410國眾","110/08/23","臺銀-高雄",0,4,-4
"10577","5410國眾","110/08/23","新光",2,0,2
"10578","5410國眾","110/08/23","華南永昌-鶯歌",1,5,-4
"10579","5410國眾","110/08/23","國泰-台南",2,0,2
"10580","5410國眾","110/08/23","元富-烏日",0,3,-3
"10581","5410國眾","110/08/23","凱基-桃園",2,0,2
"10582","5410國眾","110/08/23","富邦-桃園",0,3,-3
"10583","5410國眾","110/08/23","富邦-建國",2,0,2
"10584","5410國眾","110/08/23","元大-發財",0,2,-2
"10585","5410國眾","110/08/23","永豐金-敦北",2,0,2
"10586","5410國眾","110/08/23","元大-雙和",0,2,-2
"10587","5410國眾","110/08/23","日盛-園區",1,0,1
"10588","5410國眾","110/08/23","日盛-中和",0,1,-1
"10589","5410國眾","110/08/23","第一金-中壢",1,0,1
"10590","5410國眾","110/08/23","彰銀",0,1,-1
"10591","2841台開","110/08/23","宏遠-館前",300,0,300
"10592","2841台開","110/08/23","台中銀",0,74,-74
"10593","2841台開","110/08/23","第一金",54,0,54
"10594","2841台開","110/08/23","港商野村",0,62,-62
"10595","2841台開","110/08/23","元大-仁愛",38,0,38
"10596","2841台開","110/08/23","永豐金-敦南",10,58,-48
"10597","2841台開","110/08/23","合庫-三重",15,0,15
"10598","2841台開","110/08/23","台新-三民",0,39,-39
"10599","2841台開","110/08/23","玉山-新竹",15,0,15
"10600","2841台開","110/08/23","日盛證券",0,27,-27
"10601","2841台開","110/08/23","元大-大里德芳",10,0,10
"10602","2841台開","110/08/23","新光",13,37,-24
"10603","2841台開","110/08/23","元大-新莊",10,0,10
"10604","2841台開","110/08/23","凱基-虎尾",0,20,-20
"10605","2841台開","110/08/23","元富-緯城",5,0,5
"10606","2841台開","110/08/23","永豐金-忠孝",0,20,-20
"10607","2841台開","110/08/23","第一金-台南",4,0,4
"10608","2841台開","110/08/23","富邦-板橋",0,19,-19
"10609","2841台開","110/08/23","富邦-岡山",4,0,4
"10610","2841台開","110/08/23","凱基-東港",0,15,-15
"10611","2841台開","110/08/23","元大-虎尾",4,0,4
"10612","2841台開","110/08/23","國泰-敦南",0,11,-11
"10613","2841台開","110/08/23","元大-學甲",2,0,2
"10614","2841台開","110/08/23","元大-竹北",0,10,-10
"10615","2841台開","110/08/23","元大-草屯",2,0,2
"10616","2841台開","110/08/23","元大-彰化",1,11,-10
"10617","2841台開","110/08/23","台中銀-員林",1,0,1
"10618","2841台開","110/08/23","元大-北三重",0,10,-10
"10619","2841台開","110/08/23","台新-新營",1,0,1
"10620","2841台開","110/08/23","國泰-桃園",1,9,-8
"10621","6207雷科","110/08/23","摩根大通",29,6,23
"10622","6207雷科","110/08/23","元大-高雄",0,75,-75
"10623","6207雷科","110/08/23","凱基-台北",18,3,15
"10624","6207雷科","110/08/23","華南永昌-世貿",0,38,-38
"10625","6207雷科","110/08/23","安泰-楠梓",11,0,11
"10626","6207雷科","110/08/23","凱基-高雄",0,13,-13
"10627","6207雷科","110/08/23","凱基-頭份",12,1,11
"10628","6207雷科","110/08/23","港商野村",7,19,-12
"10629","6207雷科","110/08/23","群益金鼎-中壢",10,0,10
"10630","6207雷科","110/08/23","新加坡商瑞銀",1,13,-12
"10631","6207雷科","110/08/23","統一-中壢",9,0,9
"10632","6207雷科","110/08/23","元大-新莊",0,7,-7
"10633","6207雷科","110/08/23","元大-敦南",9,0,9
"10634","6207雷科","110/08/23","兆豐-公益",0,6,-6
"10635","6207雷科","110/08/23","瑞士信貸",8,0,8
"10636","6207雷科","110/08/23","合庫-高雄",0,5,-5
"10637","6207雷科","110/08/23","兆豐-嘉義",8,0,8
"10638","6207雷科","110/08/23","宏遠-高雄",0,5,-5
"10639","6207雷科","110/08/23","華南永昌-古亭",7,0,7
"10640","6207雷科","110/08/23","凱基-板橋",0,5,-5
"10641","6207雷科","110/08/23","富邦-陽明",7,0,7
"10642","6207雷科","110/08/23","群益金鼎-三民",0,4,-4
"10643","6207雷科","110/08/23","日盛-員林",6,0,6
"10644","6207雷科","110/08/23","群益金鼎-東門",0,4,-4
"10645","6207雷科","110/08/23","德信-新營",5,0,5
"10646","6207雷科","110/08/23","富邦-羅東",0,4,-4
"10647","6207雷科","110/08/23","凱基-高美館",5,0,5
"10648","6207雷科","110/08/23","元富-虎尾",0,3,-3
"10649","6207雷科","110/08/23","玉山-高雄",4,0,4
"10650","6207雷科","110/08/23","國泰-桃園",0,3,-3
"10651","3679新至陞","110/08/23","永豐金-南投",17,0,17
"10652","3679新至陞","110/08/23","港商法國興業",0,8,-8
"10653","3679新至陞","110/08/23","元富-埔里",9,0,9
"10654","3679新至陞","110/08/23","凱基-長庚",0,8,-8
"10655","3679新至陞","110/08/23","(牛牛牛)亞-網路",7,0,7
"10656","3679新至陞","110/08/23","宏遠-光隆",0,6,-6
"10657","3679新至陞","110/08/23","美林",7,1,6
"10658","3679新至陞","110/08/23","玉山-高雄",0,5,-5
"10659","3679新至陞","110/08/23","台灣摩根士丹利",5,0,5
"10660","3679新至陞","110/08/23","群益金鼎-高盛",0,3,-3
"10661","3679新至陞","110/08/23","瑞士信貸",6,1,5
"10662","3679新至陞","110/08/23","華南永昌-林口",0,3,-3
"10663","3679新至陞","110/08/23","元大-樹林",5,0,5
"10664","3679新至陞","110/08/23","元大證券",0,3,-3
"10665","3679新至陞","110/08/23","元大-文心興安",6,2,4
"10666","3679新至陞","110/08/23","元大-小港",0,3,-3
"10667","3679新至陞","110/08/23","凱基-台北",3,0,3
"10668","3679新至陞","110/08/23","統一-敦南",0,2,-2
"10669","3679新至陞","110/08/23","臺銀",2,0,2
"10670","3679新至陞","110/08/23","元富-大昌",0,2,-2
"10671","3679新至陞","110/08/23","臺銀-臺中",3,1,2
"10672","3679新至陞","110/08/23","玉山-新莊",0,2,-2
"10673","3679新至陞","110/08/23","新光-高雄",2,0,2
"10674","3679新至陞","110/08/23","群益金鼎-三民",0,2,-2
"10675","3679新至陞","110/08/23","華南永昌",2,0,2
"10676","3679新至陞","110/08/23","富邦-新竹",0,2,-2
"10677","3679新至陞","110/08/23","日盛-二林",1,0,1
"10678","3679新至陞","110/08/23","元大-敦化",0,2,-2
"10679","3679新至陞","110/08/23","新加坡商瑞銀",1,0,1
"10680","3679新至陞","110/08/23","永豐金-內湖",0,2,-2
"10681","2727王品","110/08/23","凱基-台北",163,48,115
"10682","2727王品","110/08/23","港商麥格理",0,51,-51
"10683","2727王品","110/08/23","台灣摩根士丹利",62,0,62
"10684","2727王品","110/08/23","國票-南港",0,50,-50
"10685","2727王品","110/08/23","元大-台中中港",58,0,58
"10686","2727王品","110/08/23","台新證券",9,35,-26
"10687","2727王品","110/08/23","美林",48,0,48
"10688","2727王品","110/08/23","元大-景美",2,21,-19
"10689","2727王品","110/08/23","摩根大通",73,41,32
"10690","2727王品","110/08/23","大慶-台南",0,15,-15
"10691","2727王品","110/08/23","港商野村",61,35,26
"10692","2727王品","110/08/23","中國信託-高雄",1,15,-14
"10693","2727王品","110/08/23","統一",21,4,17
"10694","2727王品","110/08/23","永豐金-市政",2,13,-11
"10695","2727王品","110/08/23","群益金鼎-大興",15,0,15
"10696","2727王品","110/08/23","第一金-桃園",0,10,-10
"10697","2727王品","110/08/23","台灣企銀",12,0,12
"10698","2727王品","110/08/23","玉山證券",1,11,-10
"10699","2727王品","110/08/23","新加坡商瑞銀",11,0,11
"10700","2727王品","110/08/23","凱基-三重",0,10,-10
"10701","2727王品","110/08/23","統一-三重",10,0,10
"10702","2727王品","110/08/23","富邦-建國",0,10,-10
"10703","2727王品","110/08/23","永豐金-竹科",13,3,10
"10704","2727王品","110/08/23","美商高盛",7,16,-9
"10705","2727王品","110/08/23","合庫-台中",10,1,9
"10706","2727王品","110/08/23","群益金鼎-三重",0,9,-9
"10707","2727王品","110/08/23","香港上海匯豐",9,0,9
"10708","2727王品","110/08/23","群益金鼎-宜蘭",0,9,-9
"10709","2727王品","110/08/23","凱基-台南",10,2,8
"10710","2727王品","110/08/23","凱基-高美館",0,9,-9
"10711","1570力肯","110/08/23","國票-和平",39,0,39
"10712","1570力肯","110/08/23","統一",0,28,-28
"10713","1570力肯","110/08/23","摩根大通",22,1,21
"10714","1570力肯","110/08/23","群益金鼎-東門",0,20,-20
"10715","1570力肯","110/08/23","臺銀",18,0,18
"10716","1570力肯","110/08/23","中國信託-嘉義",0,15,-15
"10717","1570力肯","110/08/23","台新-台中",18,0,18
"10718","1570力肯","110/08/23","台新證券",0,15,-15
"10719","1570力肯","110/08/23","凱基-台北",25,8,17
"10720","1570力肯","110/08/23","元富-世貿",0,10,-10
"10721","1570力肯","110/08/23","中農",10,0,10
"10722","1570力肯","110/08/23","國票-博愛",0,10,-10
"10723","1570力肯","110/08/23","瑞士信貸",5,0,5
"10724","1570力肯","110/08/23","元富-新興",0,9,-9
"10725","1570力肯","110/08/23","兆豐-松德",5,0,5
"10726","1570力肯","110/08/23","新光",0,9,-9
"10727","1570力肯","110/08/23","凱基-高美館",5,0,5
"10728","1570力肯","110/08/23","元大-四維",1,7,-6
"10729","1570力肯","110/08/23","凱基-幸福",5,0,5
"10730","1570力肯","110/08/23","元大-淡水",0,4,-4
"10731","1570力肯","110/08/23","元大-和平",20,15,5
"10732","1570力肯","110/08/23","元大-民生",0,4,-4
"10733","1570力肯","110/08/23","元大-草屯",5,0,5
"10734","1570力肯","110/08/23","元大-東港",0,4,-4
"10735","1570力肯","110/08/23","日盛-中壢",4,0,4
"10736","1570力肯","110/08/23","永豐金-松山",0,4,-4
"10737","1570力肯","110/08/23","國票-天祥",3,0,3
"10738","1570力肯","110/08/23","日盛-景美",0,3,-3
"10739","1570力肯","110/08/23","台灣企銀-屏東",2,0,2
"10740","1570力肯","110/08/23","中國信託-新竹",0,3,-3
"10741","6180橘子","110/08/23","凱基-台北",107,15,92
"10742","6180橘子","110/08/23","國泰-館前",2,28,-26
"10743","6180橘子","110/08/23","美林",50,0,50
"10744","6180橘子","110/08/23","元大-中壢",0,22,-22
"10745","6180橘子","110/08/23","摩根大通",66,24,42
"10746","6180橘子","110/08/23","華南永昌-鶯歌",0,21,-21
"10747","6180橘子","110/08/23","港商野村",38,2,36
"10748","6180橘子","110/08/23","台灣企銀-屏東",0,18,-18
"10749","6180橘子","110/08/23","元富-高雄",22,0,22
"10750","6180橘子","110/08/23","永豐金-中壢",0,18,-18
"10751","6180橘子","110/08/23","元大-上新莊",21,0,21
"10752","6180橘子","110/08/23","兆豐-台中",0,17,-17
"10753","6180橘子","110/08/23","福勝",19,1,18
"10754","6180橘子","110/08/23","新光-高雄",1,18,-17
"10755","6180橘子","110/08/23","富邦-內湖",13,2,11
"10756","6180橘子","110/08/23","台灣摩根士丹利",9,21,-12
"10757","6180橘子","110/08/23","永豐金證券",11,0,11
"10758","6180橘子","110/08/23","富邦-永和",0,12,-12
"10759","6180橘子","110/08/23","彰銀-七賢",10,0,10
"10760","6180橘子","110/08/23","合庫-自強",0,11,-11
"10761","6180橘子","110/08/23","中國信託-高雄",10,0,10
"10762","6180橘子","110/08/23","元大-發財",0,11,-11
"10763","6180橘子","110/08/23","兆豐-埔墘",10,0,10
"10764","6180橘子","110/08/23","第一金-新興",0,10,-10
"10765","6180橘子","110/08/23","群益金鼎-敦南",10,0,10
"10766","6180橘子","110/08/23","統一-中壢",0,10,-10
"10767","6180橘子","110/08/23","元大-台南",10,0,10
"10768","6180橘子","110/08/23","台新-屏東",0,10,-10
"10769","6180橘子","110/08/23","元大-左營",11,1,10
"10770","6180橘子","110/08/23","元大-旗山",0,10,-10
"10771","2390云辰","110/08/23","元大-土城學府",197,0,197
"10772","2390云辰","110/08/23","凱基-台北",87,301,-214
"10773","2390云辰","110/08/23","新光-台中",154,34,120
"10774","2390云辰","110/08/23","兆豐-公益",4,173,-169
"10775","2390云辰","110/08/23","宏遠證券",100,0,100
"10776","2390云辰","110/08/23","國票-博愛",65,200,-135
"10777","2390云辰","110/08/23","凱基-林口",92,0,92
"10778","2390云辰","110/08/23","群益金鼎-三重",8,112,-104
"10779","2390云辰","110/08/23","統一-新台中",83,1,82
"10780","2390云辰","110/08/23","日盛-園區",4,104,-100
"10781","2390云辰","110/08/23","凱基-竹北",62,8,54
"10782","2390云辰","110/08/23","凱基-屏東",1,101,-100
"10783","2390云辰","110/08/23","華南永昌-公誠",66,15,51
"10784","2390云辰","110/08/23","富邦-花蓮",2,100,-98
"10785","2390云辰","110/08/23","國泰-敦南",172,129,43
"10786","2390云辰","110/08/23","摩根大通",83,162,-79
"10787","2390云辰","110/08/23","統一-新竹",44,7,37
"10788","2390云辰","110/08/23","元富-花蓮",2,74,-72
"10789","2390云辰","110/08/23","元大-沙鹿",73,39,34
"10790","2390云辰","110/08/23","第一金-安和",32,101,-69
"10791","2390云辰","110/08/23","元大-新盛",47,16,31
"10792","2390云辰","110/08/23","美商高盛",26,92,-66
"10793","2390云辰","110/08/23","華南永昌-鳳山",29,3,26
"10794","2390云辰","110/08/23","統一-三重",6,71,-65
"10795","2390云辰","110/08/23","大昌-樹林",34,9,25
"10796","2390云辰","110/08/23","富邦-嘉義",195,260,-65
"10797","2390云辰","110/08/23","富邦-陽明",59,34,25
"10798","2390云辰","110/08/23","元大-忠孝鼎富",0,50,-50
"10799","2390云辰","110/08/23","富邦-宜蘭",28,3,25
"10800","2390云辰","110/08/23","統一-城中",7,53,-46
"10801","1315達新","110/08/20","日盛-和美",16,0,16
"10802","1315達新","110/08/20","香港上海匯豐",0,41,-41
"10803","1315達新","110/08/20","元富-成功",10,0,10
"10804","1315達新","110/08/20","元大-文心興安",2,36,-34
"10805","1315達新","110/08/20","兆豐-台中",10,0,10
"10806","1315達新","110/08/20","港商麥格理",0,26,-26
"10807","1315達新","110/08/20","凱基-中港",10,0,10
"10808","1315達新","110/08/20","元富",0,14,-14
"10809","1315達新","110/08/20","元大-桃園",8,0,8
"10810","1315達新","110/08/20","元富-敦南",0,8,-8
"10811","1315達新","110/08/20","凱基-高美館",7,0,7
"10812","1315達新","110/08/20","凱基-台北",7,15,-8
"10813","1315達新","110/08/20","統一",5,0,5
"10814","1315達新","110/08/20","元大-花蓮",2,10,-8
"10815","1315達新","110/08/20","中國信託-高雄",5,0,5
"10816","1315達新","110/08/20","摩根大通",0,7,-7
"10817","1315達新","110/08/20","致和-東門",5,0,5
"10818","1315達新","110/08/20","(牛牛牛)亞證券",0,6,-6
"10819","1315達新","110/08/20","國票-北高雄",5,0,5
"10820","1315達新","110/08/20","群益金鼎-鳳山",0,6,-6
"10821","1315達新","110/08/20","國票-桃園",5,0,5
"10822","1315達新","110/08/20","美林",3,8,-5
"10823","1315達新","110/08/20","凱基-高雄",5,0,5
"10824","1315達新","110/08/20","玉山-大里",0,4,-4
"10825","1315達新","110/08/20","凱基-大安",5,0,5
"10826","1315達新","110/08/20","國票-安和",1,4,-3
"10827","1315達新","110/08/20","新光",5,1,4
"10828","1315達新","110/08/20","永興-台中",0,1,-1
"10829","1315達新","110/08/20","國泰-敦南",4,0,4
"10830","1315達新","110/08/20","光和-花壇",0,1,-1
"10831","2609陽明","110/08/20","摩根大通",7094,4108,2986
"10832","2609陽明","110/08/20","富邦證券",916,4167,-3251
"10833","2609陽明","110/08/20","凱基-台北",3009,829,2180
"10834","2609陽明","110/08/20","瑞士信貸",1961,3747,-1786
"10835","2609陽明","110/08/20","永豐金-信義",2022,49,1973
"10836","2609陽明","110/08/20","美林",3367,4938,-1571
"10837","2609陽明","110/08/20","富邦-虎尾",14038,12509,1529
"10838","2609陽明","110/08/20","元大證券",1688,3204,-1516
"10839","2609陽明","110/08/20","華南永昌-竹北",2009,531,1478
"10840","2609陽明","110/08/20","凱基-高美館",303,786,-483
"10841","2609陽明","110/08/20","群益金鼎-大安",1208,64,1144
"10842","2609陽明","110/08/20","日盛-板橋",125,587,-462
"10843","2609陽明","110/08/20","康和",5625,4754,871
"10844","2609陽明","110/08/20","富邦-北港",163,571,-408
"10845","2609陽明","110/08/20","兆豐-虎尾",919,77,842
"10846","2609陽明","110/08/20","凱基-台南",165,557,-392
"10847","2609陽明","110/08/20","新加坡商瑞銀",1133,390,743
"10848","2609陽明","110/08/20","元大-樹林",215,599,-384
"10849","2609陽明","110/08/20","統一-仁愛",1379,702,677
"10850","2609陽明","110/08/20","富邦-台中",246,596,-350
"10851","2609陽明","110/08/20","美商高盛",1051,452,599
"10852","2609陽明","110/08/20","凱基-復興",141,467,-326
"10853","2609陽明","110/08/20","凱基-市府",658,82,576
"10854","2609陽明","110/08/20","台新-高雄",483,807,-324
"10855","2609陽明","110/08/20","元大-新莊",665,169,496
"10856","2609陽明","110/08/20","日盛證券",323,619,-296
"10857","2609陽明","110/08/20","台灣摩根士丹利",773,365,408
"10858","2609陽明","110/08/20","法銀巴黎",0,292,-292
"10859","2609陽明","110/08/20","日盛-雙和",550,197,353
"10860","2609陽明","110/08/20","元大-北投",454,729,-275
"10861","2636台驊投控","110/08/20","摩根大通",709,415,294
"10862","2636台驊投控","110/08/20","台灣摩根士丹利",146,252,-106
"10863","2636台驊投控","110/08/20","台新-台中",176,64,112
"10864","2636台驊投控","110/08/20","港商野村",1266,1357,-91
"10865","2636台驊投控","110/08/20","統一",191,91,100
"10866","2636台驊投控","110/08/20","美林",246,335,-89
"10867","2636台驊投控","110/08/20","永豐金-萬盛",136,39,97
"10868","2636台驊投控","110/08/20","宏遠-新化",1,75,-74
"10869","2636台驊投控","110/08/20","永豐金-南京",105,33,72
"10870","2636台驊投控","110/08/20","群益金鼎-竹南",5,69,-64
"10871","2636台驊投控","110/08/20","日盛-景美",102,32,70
"10872","2636台驊投控","110/08/20","日盛-大墩",4,56,-52
"10873","2636台驊投控","110/08/20","日盛證券",154,103,51
"10874","2636台驊投控","110/08/20","第一金-台中",5,56,-51
"10875","2636台驊投控","110/08/20","第一金-桃園",54,7,47
"10876","2636台驊投控","110/08/20","日盛-宜蘭",2,52,-50
"10877","2636台驊投控","110/08/20","統一-基隆",47,5,42
"10878","2636台驊投控","110/08/20","兆豐-南京",0,49,-49
"10879","2636台驊投控","110/08/20","元富-城東",63,22,41
"10880","2636台驊投控","110/08/20","合庫-新竹",4,47,-43
"10881","2636台驊投控","110/08/20","富邦-建國",67,35,32
"10882","2636台驊投控","110/08/20","統一-城中",6,33,-27
"10883","2636台驊投控","110/08/20","元大-桃興",40,10,30
"10884","2636台驊投控","110/08/20","凱基-科園",7,34,-27
"10885","2636台驊投控","110/08/20","土銀-南港",34,6,28
"10886","2636台驊投控","110/08/20","新光",167,193,-26
"10887","2636台驊投控","110/08/20","永豐金-台南",54,27,27
"10888","2636台驊投控","110/08/20","群益金鼎-古亭",51,75,-24
"10889","2636台驊投控","110/08/20","富邦-台北",45,19,26
"10890","2636台驊投控","110/08/20","富邦-仁愛",51,74,-23
"10891","2867三商壽","110/08/20","凱基-台北",225,43,182
"10892","2867三商壽","110/08/20","宏遠證券",0,1023,-1023
"10893","2867三商壽","110/08/20","元大-土城永寧",150,2,148
"10894","2867三商壽","110/08/20","摩根大通",123,551,-428
"10895","2867三商壽","110/08/20","新光",213,72,141
"10896","2867三商壽","110/08/20","美商高盛",62,194,-132
"10897","2867三商壽","110/08/20","臺銀-鳳山",131,26,105
"10898","2867三商壽","110/08/20","國票-中正",0,130,-130
"10899","2867三商壽","110/08/20","元大-屏東民生",100,0,100
"10900","2867三商壽","110/08/20","美林",1,114,-113
"10901","2867三商壽","110/08/20","元大-桃園",100,1,99
"10902","2867三商壽","110/08/20","台灣摩根士丹利",31,107,-76
"10903","2867三商壽","110/08/20","永豐金-埔里",94,20,74
"10904","2867三商壽","110/08/20","富邦-中壢",1,75,-74
"10905","2867三商壽","110/08/20","土銀-台中",60,0,60
"10906","2867三商壽","110/08/20","華南永昌-南京",10,70,-60
"10907","2867三商壽","110/08/20","臺銀-高雄",56,1,55
"10908","2867三商壽","110/08/20","富邦-彰化",10,67,-57
"10909","2867三商壽","110/08/20","統一-台南",55,0,55
"10910","2867三商壽","110/08/20","凱基-高美館",0,50,-50
"10911","2867三商壽","110/08/20","富邦-仁愛",53,0,53
"10912","2867三商壽","110/08/20","港商野村",35,68,-33
"10913","2867三商壽","110/08/20","富邦-台北",44,1,43
"10914","2867三商壽","110/08/20","台新-高雄",1,31,-30
"10915","2867三商壽","110/08/20","合庫-高雄",40,0,40
"10916","2867三商壽","110/08/20","元大-北屯",9,36,-27
"10917","2867三商壽","110/08/20","華南永昌-虎尾",50,10,40
"10918","2867三商壽","110/08/20","法銀巴黎",1,27,-26
"10919","2867三商壽","110/08/20","富邦-宜蘭",40,0,40
"10920","2867三商壽","110/08/20","日盛-中壢",0,20,-20
"10921","5521工信","110/08/20","元大-內湖",55,0,55
"10922","5521工信","110/08/20","美商高盛",0,182,-182
"10923","5521工信","110/08/20","日進",36,0,36
"10924","5521工信","110/08/20","摩根大通",39,180,-141
"10925","5521工信","110/08/20","兆豐-來福",30,0,30
"10926","5521工信","110/08/20","凱基-台北",0,101,-101
"10927","5521工信","110/08/20","元大-屏南",30,0,30
"10928","5521工信","110/08/20","富邦-岡山",0,50,-50
"10929","5521工信","110/08/20","台新證券",26,4,22
"10930","5521工信","110/08/20","港商野村",0,41,-41
"10931","5521工信","110/08/20","玉山-台大",25,5,20
"10932","5521工信","110/08/20","台灣摩根士丹利",1,30,-29
"10933","5521工信","110/08/20","群益金鼎-忠孝",20,0,20
"10934","5521工信","110/08/20","群益金鼎-高雄",0,20,-20
"10935","5521工信","110/08/20","富邦-台北",20,0,20
"10936","5521工信","110/08/20","華南永昌-中正",0,20,-20
"10937","5521工信","110/08/20","永豐金-中正",19,0,19
"10938","5521工信","110/08/20","台新-新營",0,19,-19
"10939","5521工信","110/08/20","統一-員林",15,0,15
"10940","5521工信","110/08/20","華南永昌-彰化",2,20,-18
"10941","5521工信","110/08/20","合庫-桃園",12,0,12
"10942","5521工信","110/08/20","群益金鼎-潭子",0,15,-15
"10943","5521工信","110/08/20","陽信-石牌",11,0,11
"10944","5521工信","110/08/20","元大-板橋",0,15,-15
"10945","5521工信","110/08/20","元大-基隆孝二",11,0,11
"10946","5521工信","110/08/20","元大-南屯",1,15,-14
"10947","5521工信","110/08/20","土銀-白河",10,0,10
"10948","5521工信","110/08/20","永豐金-桃盛",0,10,-10
"10949","5521工信","110/08/20","華南永昌-大安",10,0,10
"10950","5521工信","110/08/20","聯邦-雙和",0,8,-8
"10951","1471首利","110/08/20","富邦-員林",41,0,41
"10952","1471首利","110/08/20","元大-草屯",1,100,-99
"10953","1471首利","110/08/20","摩根大通",88,63,25
"10954","1471首利","110/08/20","元富-民權",0,41,-41
"10955","1471首利","110/08/20","永豐金-板盛",23,0,23
"10956","1471首利","110/08/20","致和-府前",0,20,-20
"10957","1471首利","110/08/20","台新證券",30,11,19
"10958","1471首利","110/08/20","大慶-蘆洲",0,14,-14
"10959","1471首利","110/08/20","日盛-高雄",15,0,15
"10960","1471首利","110/08/20","凱基-台北",3,16,-13
"10961","1471首利","110/08/20","瑞士信貸",36,21,15
"10962","1471首利","110/08/20","玉山-新莊",1,12,-11
"10963","1471首利","110/08/20","元大-成功",15,0,15
"10964","1471首利","110/08/20","日盛-樹林",0,10,-10
"10965","1471首利","110/08/20","元大-鳳山",13,0,13
"10966","1471首利","110/08/20","台中銀-豐原",0,10,-10
"10967","1471首利","110/08/20","美林",11,0,11
"10968","1471首利","110/08/20","國票-新莊",0,10,-10
"10969","1471首利","110/08/20","兆豐-西螺",10,0,10
"10970","1471首利","110/08/20","元大-開元",0,10,-10
"10971","1471首利","110/08/20","台新-台南",10,0,10
"10972","1471首利","110/08/20","新光",9,18,-9
"10973","1471首利","110/08/20","新光-台中",7,0,7
"10974","1471首利","110/08/20","元大-台中",0,8,-8
"10975","1471首利","110/08/20","凱基-長庚",7,0,7
"10976","1471首利","110/08/20","富邦-竹東",0,7,-7
"10977","1471首利","110/08/20","日盛-大墩",6,0,6
"10978","1471首利","110/08/20","元大-善化",0,7,-7
"10979","1471首利","110/08/20","國泰-敦南",6,0,6
"10980","1471首利","110/08/20","永豐金-忠孝",0,7,-7
"10981","2883開發金","110/08/20","美商高盛",5045,274,4771
"10982","2883開發金","110/08/20","元大-草屯",110,5813,-5703
"10983","2883開發金","110/08/20","摩根大通",6375,3996,2379
"10984","2883開發金","110/08/20","元大-雙和",35,5050,-5015
"10985","2883開發金","110/08/20","瑞士信貸",2180,184,1996
"10986","2883開發金","110/08/20","元富",228,2528,-2300
"10987","2883開發金","110/08/20","港商野村",4455,2645,1810
"10988","2883開發金","110/08/20","新光",2896,4495,-1599
"10989","2883開發金","110/08/20","美林",1695,187,1508
"10990","2883開發金","110/08/20","法銀巴黎",12,1549,-1537
"10991","2883開發金","110/08/20","凱基-台北",3659,2336,1323
"10992","2883開發金","110/08/20","統一",61,1390,-1329
"10993","2883開發金","110/08/20","富邦證券",1343,39,1304
"10994","2883開發金","110/08/20","台灣匯立證券",0,995,-995
"10995","2883開發金","110/08/20","臺銀",1447,177,1270
"10996","2883開發金","110/08/20","台灣摩根士丹利",1050,1929,-879
"10997","2883開發金","110/08/20","國泰證券",1228,72,1156
"10998","2883開發金","110/08/20","元大-前金",15,785,-770
"10999","2883開發金","110/08/20","華南永昌",1230,198,1032
"11000","2883開發金","110/08/20","元大-桃興",64,796,-732
"11001","2883開發金","110/08/20","元大證券",1137,317,820
"11002","2883開發金","110/08/20","宏遠-台南",80,759,-679
"11003","2883開發金","110/08/20","致和證券",819,0,819
"11004","2883開發金","110/08/20","合庫證券",245,861,-616
"11005","2883開發金","110/08/20","元大-善化",756,83,673
"11006","2883開發金","110/08/20","元大-大灣",46,660,-614
"11007","2883開發金","110/08/20","元大-新莊",731,108,623
"11008","2883開發金","110/08/20","國票-南港",32,641,-609
"11009","2883開發金","110/08/20","凱基",520,10,510
"11010","2883開發金","110/08/20","群益金鼎-開元",30,551,-521
"11011","6205詮欣","110/08/20","聯邦商銀",27,0,27
"11012","6205詮欣","110/08/20","凱基-新店",0,24,-24
"11013","6205詮欣","110/08/20","凱基-汐止",25,0,25
"11014","6205詮欣","110/08/20","元大-忠孝",0,18,-18
"11015","6205詮欣","110/08/20","元大-汐止",10,0,10
"11016","6205詮欣","110/08/20","瑞士信貸",0,17,-17
"11017","6205詮欣","110/08/20","臺銀-臺中",7,0,7
"11018","6205詮欣","110/08/20","摩根大通",2,11,-9
"11019","6205詮欣","110/08/20","統一-基隆",7,0,7
"11020","6205詮欣","110/08/20","日盛-永康",0,5,-5
"11021","6205詮欣","110/08/20","臺銀-高雄",6,0,6
"11022","6205詮欣","110/08/20","聯邦-興中",0,5,-5
"11023","6205詮欣","110/08/20","臺銀-民權",5,0,5
"11024","6205詮欣","110/08/20","華南永昌-公誠",0,5,-5
"11025","6205詮欣","110/08/20","亞東",4,0,4
"11026","6205詮欣","110/08/20","元大-西螺",0,5,-5
"11027","6205詮欣","110/08/20","玉山證券",4,0,4
"11028","6205詮欣","110/08/20","群益金鼎-永和",0,4,-4
"11029","6205詮欣","110/08/20","華南永昌-古亭",4,0,4
"11030","6205詮欣","110/08/20","元大-新竹經國",0,4,-4
"11031","6205詮欣","110/08/20","元大-博愛",4,0,4
"11032","6205詮欣","110/08/20","永興-大墩",0,3,-3
"11033","6205詮欣","110/08/20","元富-草屯",3,0,3
"11034","6205詮欣","110/08/20","國票-和平",0,3,-3
"11035","6205詮欣","110/08/20","合庫-鳳山",2,0,2
"11036","6205詮欣","110/08/20","國泰-敦南",0,3,-3
"11037","6205詮欣","110/08/20","日進",2,0,2
"11038","6205詮欣","110/08/20","華南永昌",0,3,-3
"11039","6205詮欣","110/08/20","凱基-苗栗",2,0,2
"11040","6205詮欣","110/08/20","永豐金-新竹",0,3,-3
"11041","1540喬福","110/08/20","富邦-員林",11,0,11
"11042","1540喬福","110/08/20","元大-北三重",0,12,-12
"11043","1540喬福","110/08/20","永豐金-鳳山",5,0,5
"11044","1540喬福","110/08/20","元大-土城永寧",0,10,-10
"11045","1540喬福","110/08/20","亞東",4,0,4
"11046","1540喬福","110/08/20","新光-新竹",1,6,-5
"11047","1540喬福","110/08/20","新光",3,0,3
"11048","1540喬福","110/08/20","富邦-台南",0,5,-5
"11049","1540喬福","110/08/20","日盛-頭份",2,0,2
"11050","1540喬福","110/08/20","元大-龍潭",0,5,-5
"11051","1540喬福","110/08/20","第一金-嘉義",2,0,2
"11052","1540喬福","110/08/20","日盛-台中",0,2,-2
"11053","1540喬福","110/08/20","兆豐-鹿港",2,0,2
"11054","1540喬福","110/08/20","元大-東港",0,1,-1
"11055","1540喬福","110/08/20","摩根大通",2,0,2
"11056","1540喬福","110/08/20","日盛-板橋",0,0,0
"11057","1540喬福","110/08/20","玉山-桃園",1,0,1
"11058","1540喬福","110/08/20","元富",1,1,0
"11059","1540喬福","110/08/20","凱基-台北",1,0,1
"11060","1540喬福","110/08/20","康和-板橋",0,0,0
"11061","1540喬福","110/08/20","凱基-嘉義",1,0,1
"11062","1540喬福","110/08/20","國泰-敦南",0,0,0
"11063","1540喬福","110/08/20","凱基-市府",1,0,1
"11064","1540喬福","110/08/20","群益金鼎-板橋",0,0,0
"11065","1540喬福","110/08/20","群益金鼎-潭子",1,0,1
"11066","1540喬福","110/08/20","富邦-桃園",0,0,0
"11067","1540喬福","110/08/20","台灣企銀-建成",1,0,1
"11068","1540喬福","110/08/20","元大-西門",0,0,0
"11069","1540喬福","110/08/20","國票-天祥",1,0,1
"11070","1540喬福","110/08/20","元大-草屯",0,0,0
"11071","2888新光金","110/08/20","元富",2479,10,2469
"11072","2888新光金","110/08/20","摩根大通",2428,8920,-6492
"11073","2888新光金","110/08/20","華南永昌",1300,1,1299
"11074","2888新光金","110/08/20","台灣摩根士丹利",272,5505,-5233
"11075","2888新光金","110/08/20","凱基-頭份",1104,10,1094
"11076","2888新光金","110/08/20","美商高盛",23,4545,-4522
"11077","2888新光金","110/08/20","新光",1484,401,1083
"11078","2888新光金","110/08/20","瑞士信貸",62,1483,-1421
"11079","2888新光金","110/08/20","元大證券",1044,239,805
"11080","2888新光金","110/08/20","港商法國興業",66,1075,-1009
"11081","2888新光金","110/08/20","國票-北高雄",711,0,711
"11082","2888新光金","110/08/20","元大-大雅",47,998,-951
"11083","2888新光金","110/08/20","兆豐-台中港",629,0,629
"11084","2888新光金","110/08/20","法銀巴黎",449,1363,-914
"11085","2888新光金","110/08/20","臺銀",509,9,500
"11086","2888新光金","110/08/20","國票-九鼎",27,911,-884
"11087","2888新光金","110/08/20","國泰-忠孝",491,53,438
"11088","2888新光金","110/08/20","港商野村",79,637,-558
"11089","2888新光金","110/08/20","國泰-敦南",466,37,429
"11090","2888新光金","110/08/20","群益金鼎-瑞豐",11,560,-549
"11091","2888新光金","110/08/20","台中銀",442,30,412
"11092","2888新光金","110/08/20","德信-和平",8,500,-492
"11093","2888新光金","110/08/20","富邦-南屯",429,30,399
"11094","2888新光金","110/08/20","元大-大天母",54,452,-398
"11095","2888新光金","110/08/20","元大-三重",338,11,327
"11096","2888新光金","110/08/20","合庫證券",34,393,-359
"11097","2888新光金","110/08/20","永豐金-大園",326,10,316
"11098","2888新光金","110/08/20","群益金鼎",16,358,-342
"11099","2888新光金","110/08/20","北城證券",306,6,300
"11100","2888新光金","110/08/20","群益金鼎-板橋",6,304,-298
"11101","1340勝悅","110/08/20","元富-成功",23,0,23
"11102","1340勝悅","110/08/20","摩根大通",0,13,-13
"11103","1340勝悅","110/08/20","華南永昌-高雄",11,0,11
"11104","1340勝悅","110/08/20","港商法國興業",0,10,-10
"11105","1340勝悅","110/08/20","統一-城中",8,2,6
"11106","1340勝悅","110/08/20","凱基-東勢",0,10,-10
"11107","1340勝悅","110/08/20","元大-北成功",6,0,6
"11108","1340勝悅","110/08/20","元大-楊梅",0,10,-10
"11109","1340勝悅","110/08/20","臺銀-臺中",5,0,5
"11110","1340勝悅","110/08/20","華南永昌-東昇",0,9,-9
"11111","1340勝悅","110/08/20","臺灣企銀-埔墘",5,0,5
"11112","1340勝悅","110/08/20","合庫-自強",0,5,-5
"11113","1340勝悅","110/08/20","日盛-板橋",5,0,5
"11114","1340勝悅","110/08/20","兆豐-新竹",0,5,-5
"11115","1340勝悅","110/08/20","美商高盛",4,0,4
"11116","1340勝悅","110/08/20","玉山-桃園",0,5,-5
"11117","1340勝悅","110/08/20","大昌",3,0,3
"11118","1340勝悅","110/08/20","元大-復北",0,5,-5
"11119","1340勝悅","110/08/20","台中銀",2,0,2
"11120","1340勝悅","110/08/20","兆豐-來福",0,4,-4
"11121","1340勝悅","110/08/20","新光-台中",2,0,2
"11122","1340勝悅","110/08/20","新光",0,4,-4
"11123","1340勝悅","110/08/20","群益金鼎-崇德",2,0,2
"11124","1340勝悅","110/08/20","瑞士信貸",0,3,-3
"11125","1340勝悅","110/08/20","群益金鼎-館前",2,0,2
"11126","1340勝悅","110/08/20","台新證券",0,3,-3
"11127","1340勝悅","110/08/20","華南永昌-忠孝",2,0,2
"11128","1340勝悅","110/08/20","臺銀-鳳山",0,2,-2
"11129","1340勝悅","110/08/20","富邦-北港",2,0,2
"11130","1340勝悅","110/08/20","美林",0,2,-2
"11131","6246臺龍","110/08/20","新光-台中",18,0,18
"11132","6246臺龍","110/08/20","元大-林園",0,20,-20
"11133","6246臺龍","110/08/20","凱基-台北",15,0,15
"11134","6246臺龍","110/08/20","凱基-永和",1,15,-14
"11135","6246臺龍","110/08/20","元大-台北",8,0,8
"11136","6246臺龍","110/08/20","凱基-竹北",0,12,-12
"11137","6246臺龍","110/08/20","元大-北屯",6,0,6
"11138","6246臺龍","110/08/20","富邦-桃園",0,6,-6
"11139","6246臺龍","110/08/20","臺銀-臺中",4,0,4
"11140","6246臺龍","110/08/20","國泰-敦南",0,5,-5
"11141","6246臺龍","110/08/20","元富-吉利",4,0,4
"11142","6246臺龍","110/08/20","日盛證券",0,3,-3
"11143","6246臺龍","110/08/20","凱基-內湖",4,0,4
"11144","6246臺龍","110/08/20","第一金-台南",0,3,-3
"11145","6246臺龍","110/08/20","富邦-建國",4,0,4
"11146","6246臺龍","110/08/20","第一金-桃園",0,3,-3
"11147","6246臺龍","110/08/20","宏遠-新化",3,0,3
"11148","6246臺龍","110/08/20","群益金鼎-北高雄",0,3,-3
"11149","6246臺龍","110/08/20","第一金-大稻埕",2,0,2
"11150","6246臺龍","110/08/20","凱基-虎尾",0,3,-3
"11151","6246臺龍","110/08/20","國票-敦北法人",2,0,2
"11152","6246臺龍","110/08/20","元大-博愛",0,3,-3
"11153","6246臺龍","110/08/20","群益金鼎-開元",2,0,2
"11154","6246臺龍","110/08/20","統一-新竹",0,2,-2
"11155","6246臺龍","110/08/20","元大-竹山",2,0,2
"11156","6246臺龍","110/08/20","元富-新店",0,2,-2
"11157","6246臺龍","110/08/20","元大-上新莊",2,0,2
"11158","6246臺龍","110/08/20","元富-烏日",0,2,-2
"11159","6246臺龍","110/08/20","元大-土城",2,0,2
"11160","6246臺龍","110/08/20","台新-中壢",0,2,-2
"11161","00715L期街口布蘭特正2","110/08/20","新光",1501,206,1295
"11162","00715L期街口布蘭特正2","110/08/20","元大證券",460,5183,-4723
"11163","00715L期街口布蘭特正2","110/08/20","富邦-南屯",671,15,656
"11164","00715L期街口布蘭特正2","110/08/20","合庫證券",9,3350,-3341
"11165","00715L期街口布蘭特正2","110/08/20","元大-復北",756,120,636
"11166","00715L期街口布蘭特正2","110/08/20","康和",603,2255,-1652
"11167","00715L期街口布蘭特正2","110/08/20","華南永昌",555,0,555
"11168","00715L期街口布蘭特正2","110/08/20","群益金鼎",0,1488,-1488
"11169","00715L期街口布蘭特正2","110/08/20","玉山證券",525,32,493
"11170","00715L期街口布蘭特正2","110/08/20","凱基-台北",57,1280,-1223
"11171","00715L期街口布蘭特正2","110/08/20","第一金-華江",472,1,471
"11172","00715L期街口布蘭特正2","110/08/20","統一-台中",34,1238,-1204
"11173","00715L期街口布蘭特正2","110/08/20","元大-西屯",412,0,412
"11174","00715L期街口布蘭特正2","110/08/20","國票",306,1276,-970
"11175","00715L期街口布蘭特正2","110/08/20","第一金-豐原",390,0,390
"11176","00715L期街口布蘭特正2","110/08/20","富邦證券",2234,2995,-761
"11177","00715L期街口布蘭特正2","110/08/20","元大-北港",374,0,374
"11178","00715L期街口布蘭特正2","110/08/20","日盛-新莊",221,825,-604
"11179","00715L期街口布蘭特正2","110/08/20","華南永昌-台中",379,10,369
"11180","00715L期街口布蘭特正2","110/08/20","台新-台中",169,711,-542
"11181","00715L期街口布蘭特正2","110/08/20","玉山-新竹",345,10,335
"11182","00715L期街口布蘭特正2","110/08/20","元富",0,507,-507
"11183","00715L期街口布蘭特正2","110/08/20","元大-草屯",413,88,325
"11184","00715L期街口布蘭特正2","110/08/20","台中銀",90,452,-362
"11185","00715L期街口布蘭特正2","110/08/20","日盛-二林",307,1,306
"11186","00715L期街口布蘭特正2","110/08/20","凱基-中壢",98,442,-344
"11187","00715L期街口布蘭特正2","110/08/20","凱基-站前",306,0,306
"11188","00715L期街口布蘭特正2","110/08/20","台新證券",312,644,-332
"11189","00715L期街口布蘭特正2","110/08/20","新光-台中",308,23,285
"11190","00715L期街口布蘭特正2","110/08/20","元大-林森",1,252,-251
"11191","8941關中","110/08/20","合庫-彰化",1,0,1
"11192","8941關中","110/08/20","大慶-富順",0,1,-1
"11193","8941關中","110/08/20","凱基-市府",1,0,1
"11194","8941關中","110/08/20","國泰-忠孝",0,1,-1
"11195","8941關中","110/08/20","玉山-台大",0,0,0
"11196","8941關中","110/08/20","玉山-台大",0,0,0
"11197","8941關中","110/08/20","國泰-高雄",0,0,0
"11198","8941關中","110/08/20","國泰-高雄",0,0,0
"11199","8941關中","110/08/20","元大-南投",0,0,0
"11200","8941關中","110/08/20","元大-南投",0,0,0
"11201","8941關中","110/08/20","永豐金-萬盛",0,0,0
"11202","8941關中","110/08/20","永豐金-萬盛",0,0,0
"11203","8941關中","110/08/20","永豐金-南投",0,0,0
"11204","8941關中","110/08/20","永豐金-南投",0,0,0
"11205","8941關中","110/08/20","",NA,NA,NA
"11206","8941關中","110/08/20","",NA,NA,NA
"11207","8941關中","110/08/20","",NA,NA,NA
"11208","8941關中","110/08/20","",NA,NA,NA
"11209","8941關中","110/08/20","",NA,NA,NA
"11210","8941關中","110/08/20","",NA,NA,NA
"11211","8941關中","110/08/20","",NA,NA,NA
"11212","8941關中","110/08/20","",NA,NA,NA
"11213","8941關中","110/08/20","",NA,NA,NA
"11214","8941關中","110/08/20","",NA,NA,NA
"11215","8941關中","110/08/20","",NA,NA,NA
"11216","8941關中","110/08/20","",NA,NA,NA
"11217","8941關中","110/08/20","",NA,NA,NA
"11218","8941關中","110/08/20","",NA,NA,NA
"11219","8941關中","110/08/20","",NA,NA,NA
"11220","8941關中","110/08/20","",NA,NA,NA
"11221","8936國統","110/08/20","美林",81,0,81
"11222","8936國統","110/08/20","國票-和平",0,75,-75
"11223","8936國統","110/08/20","宏遠-台南",82,29,53
"11224","8936國統","110/08/20","台灣摩根士丹利",9,55,-46
"11225","8936國統","110/08/20","台中銀-高雄",51,0,51
"11226","8936國統","110/08/20","美商高盛",6,33,-27
"11227","8936國統","110/08/20","富邦-岡山",35,0,35
"11228","8936國統","110/08/20","凱基-高美館",6,33,-27
"11229","8936國統","110/08/20","港商野村",73,43,30
"11230","8936國統","110/08/20","新光-台中",18,43,-25
"11231","8936國統","110/08/20","康和-高雄",30,0,30
"11232","8936國統","110/08/20","凱基-中山",0,17,-17
"11233","8936國統","110/08/20","瑞士信貸",15,0,15
"11234","8936國統","110/08/20","玉山-城中",3,17,-14
"11235","8936國統","110/08/20","兆豐-北高雄",14,0,14
"11236","8936國統","110/08/20","日盛-頭份",0,12,-12
"11237","8936國統","110/08/20","元大-汐止",11,0,11
"11238","8936國統","110/08/20","日盛-大墩",0,10,-10
"11239","8936國統","110/08/20","玉山-左營",10,0,10
"11240","8936國統","110/08/20","凱基-台北",34,44,-10
"11241","8936國統","110/08/20","元大-路竹",10,0,10
"11242","8936國統","110/08/20","元大-高雄",0,10,-10
"11243","8936國統","110/08/20","永豐金-南投",10,0,10
"11244","8936國統","110/08/20","元富-同大",0,8,-8
"11245","8936國統","110/08/20","臺銀",8,2,6
"11246","8936國統","110/08/20","元大-鑫永和",0,8,-8
"11247","8936國統","110/08/20","大昌-新店",5,0,5
"11248","8936國統","110/08/20","日盛-豐原",0,7,-7
"11249","8936國統","110/08/20","國票-內壢",5,0,5
"11250","8936國統","110/08/20","第一金-路竹",0,7,-7
"11251","6226光鼎","110/08/20","美商高盛",388,14,374
"11252","6226光鼎","110/08/20","國泰-台中",62,142,-80
"11253","6226光鼎","110/08/20","台灣摩根士丹利",347,26,321
"11254","6226光鼎","110/08/20","元大-北屯",27,101,-74
"11255","6226光鼎","110/08/20","元大-文心興安",238,8,230
"11256","6226光鼎","110/08/20","永豐金-竹科",0,69,-69
"11257","6226光鼎","110/08/20","美林",265,60,205
"11258","6226光鼎","110/08/20","臺銀-高雄",0,61,-61
"11259","6226光鼎","110/08/20","凱基-台北",211,59,152
"11260","6226光鼎","110/08/20","日盛-信義",0,60,-60
"11261","6226光鼎","110/08/20","摩根大通",172,72,100
"11262","6226光鼎","110/08/20","元大證券",18,76,-58
"11263","6226光鼎","110/08/20","新加坡商瑞銀",162,78,84
"11264","6226光鼎","110/08/20","中國信託",31,81,-50
"11265","6226光鼎","110/08/20","港商野村",168,89,79
"11266","6226光鼎","110/08/20","華南永昌-長虹",1,51,-50
"11267","6226光鼎","110/08/20","中國信託-永康",70,28,42
"11268","6226光鼎","110/08/20","富邦-板橋",6,55,-49
"11269","6226光鼎","110/08/20","致和-佳里",39,5,34
"11270","6226光鼎","110/08/20","土銀-彰化",8,53,-45
"11271","6226光鼎","110/08/20","兆豐-桃鶯",30,0,30
"11272","6226光鼎","110/08/20","新光",49,94,-45
"11273","6226光鼎","110/08/20","永豐金-中盛",38,10,28
"11274","6226光鼎","110/08/20","台新證券",86,129,-43
"11275","6226光鼎","110/08/20","凱基-站前",27,0,27
"11276","6226光鼎","110/08/20","元大-竹科",14,57,-43
"11277","6226光鼎","110/08/20","群益金鼎-永和",25,0,25
"11278","6226光鼎","110/08/20","兆豐-寶成",1,43,-42
"11279","6226光鼎","110/08/20","國票-台南",23,0,23
"11280","6226光鼎","110/08/20","國泰-館前",13,55,-42
"11281","2363矽統","110/08/20","凱基-台北",909,319,590
"11282","2363矽統","110/08/20","群益金鼎",10,183,-173
"11283","2363矽統","110/08/20","港商野村",1346,1106,240
"11284","2363矽統","110/08/20","國票-台東",2,153,-151
"11285","2363矽統","110/08/20","美林",332,137,195
"11286","2363矽統","110/08/20","元大-前金",44,169,-125
"11287","2363矽統","110/08/20","摩根大通",268,88,180
"11288","2363矽統","110/08/20","元大-汐止",32,121,-89
"11289","2363矽統","110/08/20","美商高盛",270,113,157
"11290","2363矽統","110/08/20","統一-屏東",14,90,-76
"11291","2363矽統","110/08/20","統一-三重",108,0,108
"11292","2363矽統","110/08/20","國泰-敦南",202,271,-69
"11293","2363矽統","110/08/20","日盛-中和",110,13,97
"11294","2363矽統","110/08/20","凱基-長庚",12,76,-64
"11295","2363矽統","110/08/20","台新-新營",84,14,70
"11296","2363矽統","110/08/20","凱基-鳳山",4,61,-57
"11297","2363矽統","110/08/20","富邦-台北",183,117,66
"11298","2363矽統","110/08/20","群益金鼎-中壢",25,81,-56
"11299","2363矽統","110/08/20","新光",238,178,60
"11300","2363矽統","110/08/20","合庫-高雄",23,78,-55
"11301","2363矽統","110/08/20","元大-士林",56,1,55
"11302","2363矽統","110/08/20","永豐金-市政",23,75,-52
"11303","2363矽統","110/08/20","凱基-台南",54,6,48
"11304","2363矽統","110/08/20","國泰-館前",98,148,-50
"11305","2363矽統","110/08/20","光和",45,4,41
"11306","2363矽統","110/08/20","國票-九鼎",14,62,-48
"11307","2363矽統","110/08/20","凱基-敦北",40,0,40
"11308","2363矽統","110/08/20","台新-左楠",2,47,-45
"11309","2363矽統","110/08/20","永豐金-台中",45,7,38
"11310","2363矽統","110/08/20","永豐金-潮州",3,46,-43
"11311","8112至上","110/08/20","港商法國興業",188,0,188
"11312","8112至上","110/08/20","台灣摩根士丹利",0,152,-152
"11313","8112至上","110/08/20","港商野村",229,78,151
"11314","8112至上","110/08/20","合庫-西台中",0,130,-130
"11315","8112至上","110/08/20","凱基-台北",95,12,83
"11316","8112至上","110/08/20","富邦-仁愛",7,102,-95
"11317","8112至上","110/08/20","美商高盛",100,23,77
"11318","8112至上","110/08/20","元大-永春",0,88,-88
"11319","8112至上","110/08/20","瑞士信貸",54,1,53
"11320","8112至上","110/08/20","元大-佳里",5,60,-55
"11321","8112至上","110/08/20","元大-路竹",38,7,31
"11322","8112至上","110/08/20","群益金鼎-基隆",1,49,-48
"11323","8112至上","110/08/20","富邦-新竹",37,7,30
"11324","8112至上","110/08/20","新加坡商瑞銀",34,73,-39
"11325","8112至上","110/08/20","元大-竹東",23,0,23
"11326","8112至上","110/08/20","摩根大通",183,214,-31
"11327","8112至上","110/08/20","凱基-桃園",22,1,21
"11328","8112至上","110/08/20","亞東-新竹",0,30,-30
"11329","8112至上","110/08/20","群益金鼎-大興",20,0,20
"11330","8112至上","110/08/20","亞東-台中",0,30,-30
"11331","8112至上","110/08/20","富邦-北港",20,0,20
"11332","8112至上","110/08/20","美林",32,61,-29
"11333","8112至上","110/08/20","元大-東港",20,0,20
"11334","8112至上","110/08/20","合庫-基隆",0,21,-21
"11335","8112至上","110/08/20","第一金-頭份",23,5,18
"11336","8112至上","110/08/20","(牛牛牛)亞-鑫豐",14,35,-21
"11337","8112至上","110/08/20","元大-仁愛",17,0,17
"11338","8112至上","110/08/20","國票-南港",5,26,-21
"11339","8112至上","110/08/20","國票-天祥",16,0,16
"11340","8112至上","110/08/20","國泰-台中",5,26,-21
"11341","1570力肯","110/08/20","國票-北高雄",27,0,27
"11342","1570力肯","110/08/20","元大-大雅",8,58,-50
"11343","1570力肯","110/08/20","元大-鹿港",29,4,25
"11344","1570力肯","110/08/20","凱基-三峽",0,30,-30
"11345","1570力肯","110/08/20","摩根大通",27,5,22
"11346","1570力肯","110/08/20","元大-樹林",0,30,-30
"11347","1570力肯","110/08/20","富邦-花蓮",20,0,20
"11348","1570力肯","110/08/20","統一",0,28,-28
"11349","1570力肯","110/08/20","群益金鼎-高雄",18,0,18
"11350","1570力肯","110/08/20","國票-南科",0,13,-13
"11351","1570力肯","110/08/20","元大-草屯",13,0,13
"11352","1570力肯","110/08/20","元大-鑫永和",0,12,-12
"11353","1570力肯","110/08/20","元富-緯城",12,0,12
"11354","1570力肯","110/08/20","台新證券",0,11,-11
"11355","1570力肯","110/08/20","元富-世貿",10,0,10
"11356","1570力肯","110/08/20","群益金鼎-民權",0,10,-10
"11357","1570力肯","110/08/20","大慶-蘆洲",7,0,7
"11358","1570力肯","110/08/20","國票-台中",3,11,-8
"11359","1570力肯","110/08/20","(牛牛牛)亞-鑫豐",25,18,7
"11360","1570力肯","110/08/20","土銀-新竹",1,7,-6
"11361","1570力肯","110/08/20","國票-天祥",6,0,6
"11362","1570力肯","110/08/20","台灣摩根士丹利",0,6,-6
"11363","1570力肯","110/08/20","凱基-台北",7,1,6
"11364","1570力肯","110/08/20","國泰-敦南",1,7,-6
"11365","1570力肯","110/08/20","元富-城東",5,0,5
"11366","1570力肯","110/08/20","高橋-龍潭",0,5,-5
"11367","1570力肯","110/08/20","國票",5,0,5
"11368","1570力肯","110/08/20","玉山-高雄",0,5,-5
"11369","1570力肯","110/08/20","萬泰",5,0,5
"11370","1570力肯","110/08/20","永豐金-苓雅",0,5,-5
"11371","2929淘帝","110/08/20","元大-太平",35,0,35
"11372","2929淘帝","110/08/20","元大-莒光",0,25,-25
"11373","2929淘帝","110/08/20","港商野村",17,5,12
"11374","2929淘帝","110/08/20","富邦-新營",0,20,-20
"11375","2929淘帝","110/08/20","摩根大通",16,6,10
"11376","2929淘帝","110/08/20","華南永昌-古亭",0,16,-16
"11377","2929淘帝","110/08/20","永豐金-板新",10,0,10
"11378","2929淘帝","110/08/20","兆豐-桃鶯",0,12,-12
"11379","2929淘帝","110/08/20","美林",10,1,9
"11380","2929淘帝","110/08/20","中國信託",0,10,-10
"11381","2929淘帝","110/08/20","兆豐-忠孝",8,0,8
"11382","2929淘帝","110/08/20","元大-竹科",0,10,-10
"11383","2929淘帝","110/08/20","凱基-東門",8,0,8
"11384","2929淘帝","110/08/20","永豐金-新莊",0,10,-10
"11385","2929淘帝","110/08/20","高橋-龍潭",5,0,5
"11386","2929淘帝","110/08/20","兆豐-東門",0,8,-8
"11387","2929淘帝","110/08/20","玉山-台南",5,0,5
"11388","2929淘帝","110/08/20","凱基-三峽",0,7,-7
"11389","2929淘帝","110/08/20","凱基-中山",5,0,5
"11390","2929淘帝","110/08/20","宏遠-館前",0,5,-5
"11391","2929淘帝","110/08/20","華南永昌-小港",5,0,5
"11392","2929淘帝","110/08/20","瑞士信貸",0,5,-5
"11393","2929淘帝","110/08/20","元大-員林",5,0,5
"11394","2929淘帝","110/08/20","富邦-陽明",0,5,-5
"11395","2929淘帝","110/08/20","元大-永和",5,0,5
"11396","2929淘帝","110/08/20","中國信託-松江",0,4,-4
"11397","2929淘帝","110/08/20","永豐金-永康",5,0,5
"11398","2929淘帝","110/08/20","玉山-新竹",11,15,-4
"11399","2929淘帝","110/08/20","群益金鼎-潭子",4,0,4
"11400","2929淘帝","110/08/20","元富-成功",0,3,-3
"11401","5410國眾","110/08/20","大昌",5,0,5
"11402","5410國眾","110/08/20","元大-發財",0,9,-9
"11403","5410國眾","110/08/20","華南永昌-高雄",5,0,5
"11404","5410國眾","110/08/20","元大-士林",2,8,-6
"11405","5410國眾","110/08/20","元大-東泰",5,0,5
"11406","5410國眾","110/08/20","日盛-屏東",0,5,-5
"11407","5410國眾","110/08/20","元大-中壢",5,0,5
"11408","5410國眾","110/08/20","新加坡商瑞銀",3,8,-5
"11409","5410國眾","110/08/20","中國信託-新竹",4,0,4
"11410","5410國眾","110/08/20","凱基-台北",0,4,-4
"11411","5410國眾","110/08/20","新光",3,0,3
"11412","5410國眾","110/08/20","元大-南勢角",0,4,-4
"11413","5410國眾","110/08/20","凱基-竹北",3,0,3
"11414","5410國眾","110/08/20","寶盛",0,3,-3
"11415","5410國眾","110/08/20","國泰-松江",2,0,2
"11416","5410國眾","110/08/20","元富-台南",0,2,-2
"11417","5410國眾","110/08/20","群益金鼎-海山",2,0,2
"11418","5410國眾","110/08/20","華南永昌-小港",0,2,-2
"11419","5410國眾","110/08/20","凱基-彰化",2,0,2
"11420","5410國眾","110/08/20","富邦-竹北",1,3,-2
"11421","5410國眾","110/08/20","日盛-二林",1,0,1
"11422","5410國眾","110/08/20","富邦-永和",0,2,-2
"11423","5410國眾","110/08/20","美林",1,0,1
"11424","5410國眾","110/08/20","元大-華山",0,2,-2
"11425","5410國眾","110/08/20","大慶-蘆洲",1,0,1
"11426","5410國眾","110/08/20","中國信託-文心",0,1,-1
"11427","5410國眾","110/08/20","中國信託-嘉義",1,0,1
"11428","5410國眾","110/08/20","國泰-敦南",4,5,-1
"11429","5410國眾","110/08/20","國泰-台南",1,0,1
"11430","5410國眾","110/08/20","華南永昌-楠梓",0,1,-1
"11431","2841台開","110/08/20","宏遠-館前",465,0,465
"11432","2841台開","110/08/20","台中銀",0,113,-113
"11433","2841台開","110/08/20","第一金",102,0,102
"11434","2841台開","110/08/20","國票-敦北法人",0,51,-51
"11435","2841台開","110/08/20","富邦-岡山",18,0,18
"11436","2841台開","110/08/20","高橋",0,50,-50
"11437","2841台開","110/08/20","台新證券",15,2,13
"11438","2841台開","110/08/20","日盛證券",0,43,-43
"11439","2841台開","110/08/20","元大-新竹經國",10,0,10
"11440","2841台開","110/08/20","永豐金-三重",0,39,-39
"11441","2841台開","110/08/20","日盛-新竹",6,0,6
"11442","2841台開","110/08/20","玉山-高雄",0,30,-30
"11443","2841台開","110/08/20","元富-文心",5,0,5
"11444","2841台開","110/08/20","元大-竹山",0,30,-30
"11445","2841台開","110/08/20","第一金-路竹",3,0,3
"11446","2841台開","110/08/20","光和-高雄",0,28,-28
"11447","2841台開","110/08/20","永豐金-中盛",3,0,3
"11448","2841台開","110/08/20","永豐金-敦南",15,37,-22
"11449","2841台開","110/08/20","新光-台中",2,0,2
"11450","2841台開","110/08/20","新光-台南",0,21,-21
"11451","2841台開","110/08/20","群益金鼎-館前",2,0,2
"11452","2841台開","110/08/20","玉山-嘉義",0,20,-20
"11453","2841台開","110/08/20","群益金鼎-東湖",2,0,2
"11454","2841台開","110/08/20","富邦-員林",0,20,-20
"11455","2841台開","110/08/20","元大-屏東民生",2,0,2
"11456","2841台開","110/08/20","元大-竹科",0,20,-20
"11457","2841台開","110/08/20","國泰-板橋",1,0,1
"11458","2841台開","110/08/20","元大-善化",0,15,-15
"11459","2841台開","110/08/20","群益金鼎-崇德",1,0,1
"11460","2841台開","110/08/20","永豐金-忠孝",0,15,-15
"11461","6207雷科","110/08/20","日盛-員林",20,0,20
"11462","6207雷科","110/08/20","凱基-敦北",0,26,-26
"11463","6207雷科","110/08/20","美林",16,0,16
"11464","6207雷科","110/08/20","新加坡商瑞銀",12,27,-15
"11465","6207雷科","110/08/20","凱基-台北",20,8,12
"11466","6207雷科","110/08/20","國票-南科",1,13,-12
"11467","6207雷科","110/08/20","瑞士信貸",11,0,11
"11468","6207雷科","110/08/20","台新證券",0,10,-10
"11469","6207雷科","110/08/20","港商野村",23,12,11
"11470","6207雷科","110/08/20","國票-九鼎",2,10,-8
"11471","6207雷科","110/08/20","摩根大通",33,22,11
"11472","6207雷科","110/08/20","台新-台中",0,5,-5
"11473","6207雷科","110/08/20","凱基-羅東",6,0,6
"11474","6207雷科","110/08/20","玉山-嘉義",0,5,-5
"11475","6207雷科","110/08/20","富邦-中壢",6,0,6
"11476","6207雷科","110/08/20","群益金鼎-三民",0,5,-5
"11477","6207雷科","110/08/20","元大-大灣",6,0,6
"11478","6207雷科","110/08/20","元大-博愛",0,5,-5
"11479","6207雷科","110/08/20","日盛-台南",5,0,5
"11480","6207雷科","110/08/20","中國信託-中壢",0,4,-4
"11481","6207雷科","110/08/20","富邦-台北",5,0,5
"11482","6207雷科","110/08/20","兆豐-彰化",0,4,-4
"11483","6207雷科","110/08/20","富邦-新店",5,0,5
"11484","6207雷科","110/08/20","群益金鼎-東門",0,4,-4
"11485","6207雷科","110/08/20","元大-府城",5,0,5
"11486","6207雷科","110/08/20","致和-高雄",0,3,-3
"11487","6207雷科","110/08/20","中農",3,0,3
"11488","6207雷科","110/08/20","新光-高雄",0,3,-3
"11489","6207雷科","110/08/20","華南永昌-古亭",3,0,3
"11490","6207雷科","110/08/20","凱基-高雄",0,3,-3
"11491","3679新至陞","110/08/20","元大-大天母",10,0,10
"11492","3679新至陞","110/08/20","台灣企銀-建成",0,6,-6
"11493","3679新至陞","110/08/20","港商野村",3,0,3
"11494","3679新至陞","110/08/20","美林",0,6,-6
"11495","3679新至陞","110/08/20","(牛牛牛)亞-網路",3,0,3
"11496","3679新至陞","110/08/20","花旗環球",0,5,-5
"11497","3679新至陞","110/08/20","富邦-花蓮",3,0,3
"11498","3679新至陞","110/08/20","新加坡商瑞銀",0,5,-5
"11499","3679新至陞","110/08/20","凱基-中山",2,0,2
"11500","3679新至陞","110/08/20","日盛-忠孝",0,4,-4
"11501","3679新至陞","110/08/20","日盛-木柵",1,0,1
"11502","3679新至陞","110/08/20","元大證券",1,4,-3
"11503","3679新至陞","110/08/20","日盛-員林",1,0,1
"11504","3679新至陞","110/08/20","摩根大通",4,6,-2
"11505","3679新至陞","110/08/20","日盛-文化",1,0,1
"11506","3679新至陞","110/08/20","凱基-埔墘",0,2,-2
"11507","3679新至陞","110/08/20","台灣摩根士丹利",1,0,1
"11508","3679新至陞","110/08/20","日盛-板橋",0,1,-1
"11509","3679新至陞","110/08/20","瑞士信貸",1,0,1
"11510","3679新至陞","110/08/20","美商高盛",0,1,-1
"11511","3679新至陞","110/08/20","第一金-澎湖",1,0,1
"11512","3679新至陞","110/08/20","第一金-台南",0,1,-1
"11513","3679新至陞","110/08/20","統一-松江",1,0,1
"11514","3679新至陞","110/08/20","台中銀-員林",0,1,-1
"11515","3679新至陞","110/08/20","元富-草屯",1,0,1
"11516","3679新至陞","110/08/20","北城證券",0,1,-1
"11517","3679新至陞","110/08/20","光和-溪湖",1,0,1
"11518","3679新至陞","110/08/20","國票-九鼎",0,1,-1
"11519","3679新至陞","110/08/20","兆豐-三重",1,0,1
"11520","3679新至陞","110/08/20","富邦-陽明",0,1,-1
"11521","2727王品","110/08/20","元大-台中中港",339,0,339
"11522","2727王品","110/08/20","兆豐-南京",0,980,-980
"11523","2727王品","110/08/20","台灣摩根士丹利",93,12,81
"11524","2727王品","110/08/20","港商麥格理",0,65,-65
"11525","2727王品","110/08/20","摩根大通",63,4,59
"11526","2727王品","110/08/20","玉山證券",2,25,-23
"11527","2727王品","110/08/20","瑞士信貸",62,7,55
"11528","2727王品","110/08/20","元大證券",2,22,-20
"11529","2727王品","110/08/20","國票-南港",50,0,50
"11530","2727王品","110/08/20","永豐金-桃盛",0,20,-20
"11531","2727王品","110/08/20","玉山-板橋",40,10,30
"11532","2727王品","110/08/20","元富-西松",0,18,-18
"11533","2727王品","110/08/20","美林",38,9,29
"11534","2727王品","110/08/20","美商高盛",5,17,-12
"11535","2727王品","110/08/20","國泰-敦南",23,2,21
"11536","2727王品","110/08/20","台新-中壢",0,11,-11
"11537","2727王品","110/08/20","富邦-台北",16,2,14
"11538","2727王品","110/08/20","富邦-桃園",0,11,-11
"11539","2727王品","110/08/20","凱基-科園",15,2,13
"11540","2727王品","110/08/20","永豐金-新竹",0,11,-11
"11541","2727王品","110/08/20","凱基-台北",68,56,12
"11542","2727王品","110/08/20","彰銀-台中",0,10,-10
"11543","2727王品","110/08/20","宏遠-高雄",11,0,11
"11544","2727王品","110/08/20","兆豐-新莊",0,10,-10
"11545","2727王品","110/08/20","日茂-埔里",11,0,11
"11546","2727王品","110/08/20","元大-學甲",0,10,-10
"11547","2727王品","110/08/20","港商野村",58,48,10
"11548","2727王品","110/08/20","群益金鼎-延平",0,9,-9
"11549","2727王品","110/08/20","群益金鼎-潭子",10,0,10
"11550","2727王品","110/08/20","永豐金-松山",2,10,-8
"11551","1570力肯","110/08/20","國票-北高雄",27,0,27
"11552","1570力肯","110/08/20","元大-大雅",8,58,-50
"11553","1570力肯","110/08/20","元大-鹿港",29,4,25
"11554","1570力肯","110/08/20","凱基-三峽",0,30,-30
"11555","1570力肯","110/08/20","摩根大通",27,5,22
"11556","1570力肯","110/08/20","元大-樹林",0,30,-30
"11557","1570力肯","110/08/20","富邦-花蓮",20,0,20
"11558","1570力肯","110/08/20","統一",0,28,-28
"11559","1570力肯","110/08/20","群益金鼎-高雄",18,0,18
"11560","1570力肯","110/08/20","國票-南科",0,13,-13
"11561","1570力肯","110/08/20","元大-草屯",13,0,13
"11562","1570力肯","110/08/20","元大-鑫永和",0,12,-12
"11563","1570力肯","110/08/20","元富-緯城",12,0,12
"11564","1570力肯","110/08/20","台新證券",0,11,-11
"11565","1570力肯","110/08/20","元富-世貿",10,0,10
"11566","1570力肯","110/08/20","群益金鼎-民權",0,10,-10
"11567","1570力肯","110/08/20","大慶-蘆洲",7,0,7
"11568","1570力肯","110/08/20","國票-台中",3,11,-8
"11569","1570力肯","110/08/20","(牛牛牛)亞-鑫豐",25,18,7
"11570","1570力肯","110/08/20","土銀-新竹",1,7,-6
"11571","1570力肯","110/08/20","國票-天祥",6,0,6
"11572","1570力肯","110/08/20","台灣摩根士丹利",0,6,-6
"11573","1570力肯","110/08/20","凱基-台北",7,1,6
"11574","1570力肯","110/08/20","國泰-敦南",1,7,-6
"11575","1570力肯","110/08/20","元富-城東",5,0,5
"11576","1570力肯","110/08/20","高橋-龍潭",0,5,-5
"11577","1570力肯","110/08/20","國票",5,0,5
"11578","1570力肯","110/08/20","玉山-高雄",0,5,-5
"11579","1570力肯","110/08/20","萬泰",5,0,5
"11580","1570力肯","110/08/20","永豐金-苓雅",0,5,-5
"11581","6180橘子","110/08/20","港商野村",272,0,272
"11582","6180橘子","110/08/20","元大-博愛",0,42,-42
"11583","6180橘子","110/08/20","美林",47,0,47
"11584","6180橘子","110/08/20","群益金鼎-永和",1,40,-39
"11585","6180橘子","110/08/20","兆豐-埔墘",10,0,10
"11586","6180橘子","110/08/20","台灣摩根士丹利",4,39,-35
"11587","6180橘子","110/08/20","元大-天母",9,0,9
"11588","6180橘子","110/08/20","摩根大通",11,46,-35
"11589","6180橘子","110/08/20","永豐金-桃園",10,1,9
"11590","6180橘子","110/08/20","新光-桃園",0,35,-35
"11591","6180橘子","110/08/20","凱基-大里",8,0,8
"11592","6180橘子","110/08/20","臺銀",2,34,-32
"11593","6180橘子","110/08/20","元大-草屯",7,0,7
"11594","6180橘子","110/08/20","國泰-館前",1,33,-32
"11595","6180橘子","110/08/20","日盛-雙和",5,0,5
"11596","6180橘子","110/08/20","新光",7,38,-31
"11597","6180橘子","110/08/20","第一金-高雄",5,0,5
"11598","6180橘子","110/08/20","宏遠-館前",0,21,-21
"11599","6180橘子","110/08/20","第一金-新竹",5,0,5
"11600","6180橘子","110/08/20","富邦-竹東",0,21,-21
"11601","6180橘子","110/08/20","群益金鼎-大興",5,0,5
"11602","6180橘子","110/08/20","日盛-景美",0,20,-20
"11603","6180橘子","110/08/20","群益金鼎-開元",5,0,5
"11604","6180橘子","110/08/20","第一金-新興",0,20,-20
"11605","6180橘子","110/08/20","元大-東泰",5,0,5
"11606","6180橘子","110/08/20","凱基-彰化",0,16,-16
"11607","6180橘子","110/08/20","元大-士林",5,0,5
"11608","6180橘子","110/08/20","新加坡商瑞銀",5,15,-10
"11609","6180橘子","110/08/20","元大-土城",5,0,5
"11610","6180橘子","110/08/20","國票-長城",0,10,-10
"11611","2390云辰","110/08/20","國票-安和",130,0,130
"11612","2390云辰","110/08/20","統一-新台中",0,200,-200
"11613","2390云辰","110/08/20","凱基-屏東",100,0,100
"11614","2390云辰","110/08/20","聯邦-敦化",0,68,-68
"11615","2390云辰","110/08/20","摩根大通",233,161,72
"11616","2390云辰","110/08/20","美林",62,127,-65
"11617","2390云辰","110/08/20","美商高盛",101,30,71
"11618","2390云辰","110/08/20","新加坡商瑞銀",0,61,-61
"11619","2390云辰","110/08/20","兆豐-高雄",78,11,67
"11620","2390云辰","110/08/20","統一-新營",26,71,-45
"11621","2390云辰","110/08/20","凱基-台北",257,199,58
"11622","2390云辰","110/08/20","國泰-敦南",114,153,-39
"11623","2390云辰","110/08/20","第一金-安和",62,8,54
"11624","2390云辰","110/08/20","華南永昌-朴子",2,41,-39
"11625","2390云辰","110/08/20","統一-城中",60,10,50
"11626","2390云辰","110/08/20","元大-土城學府",156,192,-36
"11627","2390云辰","110/08/20","富邦-宜蘭",52,4,48
"11628","2390云辰","110/08/20","元大-六合",17,53,-36
"11629","2390云辰","110/08/20","元大-鳳山",60,12,48
"11630","2390云辰","110/08/20","土銀-嘉義",0,35,-35
"11631","2390云辰","110/08/20","元大-板橋三民",50,2,48
"11632","2390云辰","110/08/20","大昌",5,36,-31
"11633","2390云辰","110/08/20","國票-博愛",178,141,37
"11634","2390云辰","110/08/20","宏遠-台南",0,27,-27
"11635","2390云辰","110/08/20","華南永昌-岡山",33,1,32
"11636","2390云辰","110/08/20","群益金鼎-民權",6,31,-25
"11637","2390云辰","110/08/20","元大-北三重",32,1,31
"11638","2390云辰","110/08/20","國泰-館前",28,52,-24
"11639","2390云辰","110/08/20","第一金-豐原",30,0,30
"11640","2390云辰","110/08/20","富邦-建國",13,36,-23
"11641","2609陽明","110/08/19","美商高盛",2352,641,1711
"11642","2609陽明","110/08/19","凱基-台北",2247,12187,-9940
"11643","2609陽明","110/08/19","華南永昌-竹北",1335,536,799
"11644","2609陽明","110/08/19","康和",1685,8746,-7061
"11645","2609陽明","110/08/19","國泰-敦南",5999,5202,797
"11646","2609陽明","110/08/19","富邦證券",159,6808,-6649
"11647","2609陽明","110/08/19","日盛-雙和",967,217,750
"11648","2609陽明","110/08/19","台灣摩根士丹利",66,2608,-2542
"11649","2609陽明","110/08/19","國泰-館前",1665,1071,594
"11650","2609陽明","110/08/19","兆豐-南京",144,2129,-1985
"11651","2609陽明","110/08/19","台新證券",3672,3095,577
"11652","2609陽明","110/08/19","兆豐-虎尾",7267,9058,-1791
"11653","2609陽明","110/08/19","統一-三重",826,296,530
"11654","2609陽明","110/08/19","美林",2631,4379,-1748
"11655","2609陽明","110/08/19","玉山證券",1424,939,485
"11656","2609陽明","110/08/19","永豐金-信義",140,1816,-1676
"11657","2609陽明","110/08/19","富邦-建國",1115,663,452
"11658","2609陽明","110/08/19","富邦-仁愛",873,2277,-1404
"11659","2609陽明","110/08/19","統一-士林",809,391,418
"11660","2609陽明","110/08/19","摩根大通",4652,6019,-1367
"11661","2609陽明","110/08/19","凱基-城中",614,199,415
"11662","2609陽明","110/08/19","凱基-斗六",3347,4638,-1291
"11663","2609陽明","110/08/19","華南永昌-台中",863,449,414
"11664","2609陽明","110/08/19","富邦-虎尾",11651,12857,-1206
"11665","2609陽明","110/08/19","新光-新竹",1263,857,406
"11666","2609陽明","110/08/19","元大證券",2875,3808,-933
"11667","2609陽明","110/08/19","國泰-台中",1878,1503,375
"11668","2609陽明","110/08/19","統一-仁愛",1484,2392,-908
"11669","2609陽明","110/08/19","玉山-左營",623,251,372
"11670","2609陽明","110/08/19","元大-頭份",315,1194,-879
"11671","2636台驊投控","110/08/19","華南永昌-竹北",257,10,247
"11672","2636台驊投控","110/08/19","富邦證券",8,1056,-1048
"11673","2636台驊投控","110/08/19","國泰-敦南",483,306,177
"11674","2636台驊投控","110/08/19","摩根大通",329,1288,-959
"11675","2636台驊投控","110/08/19","新光-新竹",174,42,132
"11676","2636台驊投控","110/08/19","台灣摩根士丹利",168,753,-585
"11677","2636台驊投控","110/08/19","港商野村",2255,2136,119
"11678","2636台驊投控","110/08/19","凱基-台北",574,996,-422
"11679","2636台驊投控","110/08/19","台新證券",257,150,107
"11680","2636台驊投控","110/08/19","瑞士信貸",75,421,-346
"11681","2636台驊投控","110/08/19","新光",389,312,77
"11682","2636台驊投控","110/08/19","統一",98,420,-322
"11683","2636台驊投控","110/08/19","華南永昌-楠梓",98,27,71
"11684","2636台驊投控","110/08/19","凱基",21,323,-302
"11685","2636台驊投控","110/08/19","華南永昌-南京",104,40,64
"11686","2636台驊投控","110/08/19","富邦-員林",377,670,-293
"11687","2636台驊投控","110/08/19","富邦-苗栗",99,35,64
"11688","2636台驊投控","110/08/19","日盛-台中",26,244,-218
"11689","2636台驊投控","110/08/19","元大-竹北",79,16,63
"11690","2636台驊投控","110/08/19","美商高盛",87,244,-157
"11691","2636台驊投控","110/08/19","凱基-市政",265,203,62
"11692","2636台驊投控","110/08/19","日盛-板橋",40,163,-123
"11693","2636台驊投控","110/08/19","中國信託-文心",80,21,59
"11694","2636台驊投控","110/08/19","大慶",2,120,-118
"11695","2636台驊投控","110/08/19","大昌-安康",60,4,56
"11696","2636台驊投控","110/08/19","日盛-大墩",73,184,-111
"11697","2636台驊投控","110/08/19","日盛-宜蘭",53,0,53
"11698","2636台驊投控","110/08/19","宏遠證券",60,152,-92
"11699","2636台驊投控","110/08/19","元富-大昌",81,28,53
"11700","2636台驊投控","110/08/19","新加坡商瑞銀",88,173,-85
"11701","2867三商壽","110/08/19","美林",389,60,329
"11702","2867三商壽","110/08/19","宏遠證券",0,969,-969
"11703","2867三商壽","110/08/19","元大-土城永寧",252,2,250
"11704","2867三商壽","110/08/19","摩根大通",111,691,-580
"11705","2867三商壽","110/08/19","玉山-板橋",127,0,127
"11706","2867三商壽","110/08/19","土銀-建國",0,240,-240
"11707","2867三商壽","110/08/19","元大-大里德芳",110,0,110
"11708","2867三商壽","110/08/19","日盛-中壢",0,122,-122
"11709","2867三商壽","110/08/19","國泰-台中",103,1,102
"11710","2867三商壽","110/08/19","台新-高雄",4,121,-117
"11711","2867三商壽","110/08/19","新加坡商瑞銀",114,19,95
"11712","2867三商壽","110/08/19","德信-中正",0,100,-100
"11713","2867三商壽","110/08/19","玉山-城中",86,0,86
"11714","2867三商壽","110/08/19","華南永昌-南京",0,100,-100
"11715","2867三商壽","110/08/19","合庫-西台中",80,0,80
"11716","2867三商壽","110/08/19","台新證券",15,101,-86
"11717","2867三商壽","110/08/19","永豐金-竹科",80,1,79
"11718","2867三商壽","110/08/19","凱基-台北",42,118,-76
"11719","2867三商壽","110/08/19","玉山-台中",61,0,61
"11720","2867三商壽","110/08/19","富邦-建國",1,71,-70
"11721","2867三商壽","110/08/19","土銀-台中",60,0,60
"11722","2867三商壽","110/08/19","元大-八德",0,70,-70
"11723","2867三商壽","110/08/19","富邦-台南",60,0,60
"11724","2867三商壽","110/08/19","凱基",0,68,-68
"11725","2867三商壽","110/08/19","元大-中壢",56,0,56
"11726","2867三商壽","110/08/19","富邦-三重",0,55,-55
"11727","2867三商壽","110/08/19","群益金鼎-彰化",62,8,54
"11728","2867三商壽","110/08/19","元大-彰化民生",0,50,-50
"11729","2867三商壽","110/08/19","永豐金-埔里",67,13,54
"11730","2867三商壽","110/08/19","亞東",0,45,-45
"11731","5521工信","110/08/19","元大證券",232,28,204
"11732","5521工信","110/08/19","凱基-台北",0,178,-178
"11733","5521工信","110/08/19","中國信託-三重",70,0,70
"11734","5521工信","110/08/19","福勝",0,80,-80
"11735","5521工信","110/08/19","台新證券",37,0,37
"11736","5521工信","110/08/19","新光-新竹",1,80,-79
"11737","5521工信","110/08/19","日盛-高雄",27,0,27
"11738","5521工信","110/08/19","港商法國興業",0,67,-67
"11739","5521工信","110/08/19","元富-埔里",20,0,20
"11740","5521工信","110/08/19","摩根大通",194,256,-62
"11741","5521工信","110/08/19","玉山-雙和",20,0,20
"11742","5521工信","110/08/19","群益金鼎-敦南",0,50,-50
"11743","5521工信","110/08/19","富邦-台北",20,0,20
"11744","5521工信","110/08/19","第一金-桃園",0,36,-36
"11745","5521工信","110/08/19","永豐金-竹科",19,0,19
"11746","5521工信","110/08/19","德信-中正",0,29,-29
"11747","5521工信","110/08/19","臺銀-鳳山",18,0,18
"11748","5521工信","110/08/19","元大-基隆孝二",0,28,-28
"11749","5521工信","110/08/19","華南永昌-高雄",20,2,18
"11750","5521工信","110/08/19","美林",1,27,-26
"11751","5521工信","110/08/19","華南永昌-彰化",23,8,15
"11752","5521工信","110/08/19","兆豐-員林",0,25,-25
"11753","5521工信","110/08/19","元大-大天母",15,0,15
"11754","5521工信","110/08/19","群益金鼎-土城",0,20,-20
"11755","5521工信","110/08/19","富邦-宜蘭",14,0,14
"11756","5521工信","110/08/19","元富-宜蘭",0,18,-18
"11757","5521工信","110/08/19","台新-台中",12,0,12
"11758","5521工信","110/08/19","富邦-高雄",1,15,-14
"11759","5521工信","110/08/19","臺銀-高雄",11,0,11
"11760","5521工信","110/08/19","元大-歸仁",2,16,-14
"11761","1471首利","110/08/19","新光",35,0,35
"11762","1471首利","110/08/19","摩根大通",42,206,-164
"11763","1471首利","110/08/19","新光-台南",24,0,24
"11764","1471首利","110/08/19","瑞士信貸",1,39,-38
"11765","1471首利","110/08/19","元大-太平",20,2,18
"11766","1471首利","110/08/19","凱基-五股",0,23,-23
"11767","1471首利","110/08/19","土銀-花蓮",15,0,15
"11768","1471首利","110/08/19","凱基-台北",6,29,-23
"11769","1471首利","110/08/19","玉山-桃園",15,0,15
"11770","1471首利","110/08/19","元大-虎尾",7,27,-20
"11771","1471首利","110/08/19","元富-三重",13,0,13
"11772","1471首利","110/08/19","光和",9,24,-15
"11773","1471首利","110/08/19","台新證券",12,0,12
"11774","1471首利","110/08/19","致和-府前",0,15,-15
"11775","1471首利","110/08/19","元大-員林中山",11,0,11
"11776","1471首利","110/08/19","兆豐-員林",0,12,-12
"11777","1471首利","110/08/19","台灣企銀-屏東",10,0,10
"11778","1471首利","110/08/19","凱基-新店",0,12,-12
"11779","1471首利","110/08/19","兆豐-台中港",10,0,10
"11780","1471首利","110/08/19","美林",0,11,-11
"11781","1471首利","110/08/19","致和-崇德",10,0,10
"11782","1471首利","110/08/19","凱基-頭份",0,10,-10
"11783","1471首利","110/08/19","凱基-高美館",10,0,10
"11784","1471首利","110/08/19","華南永昌-台中",0,10,-10
"11785","1471首利","110/08/19","華南永昌-公誠",10,0,10
"11786","1471首利","110/08/19","元大-大甲",0,9,-9
"11787","1471首利","110/08/19","華南永昌-楠梓",10,0,10
"11788","1471首利","110/08/19","凱基-三重",3,10,-7
"11789","1471首利","110/08/19","富邦-南屯",10,0,10
"11790","1471首利","110/08/19","永豐金-新店",0,7,-7
"11791","2883開發金","110/08/19","香港上海匯豐",6827,846,5981
"11792","2883開發金","110/08/19","凱基-台北",1722,11079,-9357
"11793","2883開發金","110/08/19","中國信託-文心",4667,49,4618
"11794","2883開發金","110/08/19","花旗環球",1244,7162,-5918
"11795","2883開發金","110/08/19","新光",3917,1918,1999
"11796","2883開發金","110/08/19","國泰證券",51,3659,-3608
"11797","2883開發金","110/08/19","凱基",1952,0,1952
"11798","2883開發金","110/08/19","台新證券",1038,4320,-3282
"11799","2883開發金","110/08/19","玉山證券",2183,465,1718
"11800","2883開發金","110/08/19","兆豐證券",7,1979,-1972
"11801","2883開發金","110/08/19","元大-忠孝",1666,40,1626
"11802","2883開發金","110/08/19","統一",51,1553,-1502
"11803","2883開發金","110/08/19","國泰-敦南",2025,483,1542
"11804","2883開發金","110/08/19","日盛證券",70,1356,-1286
"11805","2883開發金","110/08/19","新加坡商瑞銀",5707,4366,1341
"11806","2883開發金","110/08/19","合庫-彰化",31,1273,-1242
"11807","2883開發金","110/08/19","瑞士信貸",1645,478,1167
"11808","2883開發金","110/08/19","元大證券",2109,3261,-1152
"11809","2883開發金","110/08/19","康和-仁愛",1143,1,1142
"11810","2883開發金","110/08/19","宏遠證券",11,1083,-1072
"11811","2883開發金","110/08/19","凱基-竹科",753,16,737
"11812","2883開發金","110/08/19","富邦-北港",134,1188,-1054
"11813","2883開發金","110/08/19","國泰-板橋",919,284,635
"11814","2883開發金","110/08/19","元大-福營",55,1070,-1015
"11815","2883開發金","110/08/19","新光-台南",757,132,625
"11816","2883開發金","110/08/19","台灣企銀-民雄",23,1022,-999
"11817","2883開發金","110/08/19","元大-萬華",559,62,497
"11818","2883開發金","110/08/19","永豐金-南京",131,1128,-997
"11819","2883開發金","110/08/19","元大-中壢",533,53,480
"11820","2883開發金","110/08/19","群益金鼎-大安",38,965,-927
"11821","6205詮欣","110/08/19","日盛-三重",23,0,23
"11822","6205詮欣","110/08/19","高橋-內壢",0,20,-20
"11823","6205詮欣","110/08/19","凱基-汐止",21,0,21
"11824","6205詮欣","110/08/19","摩根大通",1,12,-11
"11825","6205詮欣","110/08/19","日茂-埔里",10,0,10
"11826","6205詮欣","110/08/19","福邦證券",0,10,-10
"11827","6205詮欣","110/08/19","凱基-台北",3,0,3
"11828","6205詮欣","110/08/19","元富-安南",0,6,-6
"11829","6205詮欣","110/08/19","永豐金證券",3,0,3
"11830","6205詮欣","110/08/19","永興-大墩",0,4,-4
"11831","6205詮欣","110/08/19","元富-草屯",2,0,2
"11832","6205詮欣","110/08/19","元大-豐原",0,2,-2
"11833","6205詮欣","110/08/19","臺銀-臺中",1,0,1
"11834","6205詮欣","110/08/19","統一-中壢",0,2,-2
"11835","6205詮欣","110/08/19","兆豐-景美",1,0,1
"11836","6205詮欣","110/08/19","中國信託-文心",0,2,-2
"11837","6205詮欣","110/08/19","凱基-桃園",1,0,1
"11838","6205詮欣","110/08/19","大慶-台南",0,1,-1
"11839","6205詮欣","110/08/19","凱基-復興",1,0,1
"11840","6205詮欣","110/08/19","元大-南投",0,1,-1
"11841","6205詮欣","110/08/19","華南永昌-台南",1,0,1
"11842","6205詮欣","110/08/19","華南永昌-虎尾",0,1,-1
"11843","6205詮欣","110/08/19","華南永昌-新莊",0,0,0
"11844","6205詮欣","110/08/19","凱基-和平",0,1,-1
"11845","6205詮欣","110/08/19","元大-大里",0,0,0
"11846","6205詮欣","110/08/19","豐農",0,1,-1
"11847","6205詮欣","110/08/19","永豐金-中和",1,1,0
"11848","6205詮欣","110/08/19","元富-文心",0,1,-1
"11849","6205詮欣","110/08/19","",NA,NA,NA
"11850","6205詮欣","110/08/19","美商高盛",0,1,-1
"11851","1540喬福","110/08/19","日盛-台南",20,0,20
"11852","1540喬福","110/08/19","兆豐-小港",0,30,-30
"11853","1540喬福","110/08/19","元大-板橋三民",11,0,11
"11854","1540喬福","110/08/19","富邦-台南",0,10,-10
"11855","1540喬福","110/08/19","富邦-陽明",10,0,10
"11856","1540喬福","110/08/19","元富-桃園",0,9,-9
"11857","1540喬福","110/08/19","富邦-南屯",10,0,10
"11858","1540喬福","110/08/19","元大-龍潭",0,9,-9
"11859","1540喬福","110/08/19","元大-桃興",10,0,10
"11860","1540喬福","110/08/19","元大-雙和",0,6,-6
"11861","1540喬福","110/08/19","元大-成功",10,0,10
"11862","1540喬福","110/08/19","元大-台南",0,5,-5
"11863","1540喬福","110/08/19","(牛牛牛)亞-網路",7,0,7
"11864","1540喬福","110/08/19","台中銀",0,4,-4
"11865","1540喬福","110/08/19","凱基-中壢",3,0,3
"11866","1540喬福","110/08/19","港商法國興業",0,3,-3
"11867","1540喬福","110/08/19","臺銀-新竹",2,0,2
"11868","1540喬福","110/08/19","富邦-員林",0,3,-3
"11869","1540喬福","110/08/19","國票-南崁",2,0,2
"11870","1540喬福","110/08/19","元富",0,2,-2
"11871","1540喬福","110/08/19","摩根大通",5,3,2
"11872","1540喬福","110/08/19","康和-板橋",0,2,-2
"11873","1540喬福","110/08/19","華南永昌-高雄",2,0,2
"11874","1540喬福","110/08/19","玉山-城中",0,2,-2
"11875","1540喬福","110/08/19","台中銀-豐原",1,0,1
"11876","1540喬福","110/08/19","元大-南崁",0,2,-2
"11877","1540喬福","110/08/19","國票-桃園",1,0,1
"11878","1540喬福","110/08/19","元大-敦南",0,2,-2
"11879","1540喬福","110/08/19","玉山-新竹",1,0,1
"11880","1540喬福","110/08/19","國票-台中",0,1,-1
"11881","2888新光金","110/08/19","兆豐-公益",5003,799,4204
"11882","2888新光金","110/08/19","摩根大通",1356,4583,-3227
"11883","2888新光金","110/08/19","凱基-台北",4068,1621,2447
"11884","2888新光金","110/08/19","凱基",0,3218,-3218
"11885","2888新光金","110/08/19","福邦-新竹",982,0,982
"11886","2888新光金","110/08/19","瑞士信貸",1,3126,-3125
"11887","2888新光金","110/08/19","美商高盛",1215,342,873
"11888","2888新光金","110/08/19","大昌-新竹",2,1424,-1422
"11889","2888新光金","110/08/19","統一-板橋",650,15,635
"11890","2888新光金","110/08/19","元富-虎尾",4,1276,-1272
"11891","2888新光金","110/08/19","凱基-中山",634,3,631
"11892","2888新光金","110/08/19","玉山-台南",134,1204,-1070
"11893","2888新光金","110/08/19","永豐金-鳳山",569,12,557
"11894","2888新光金","110/08/19","宏遠-光隆",25,1050,-1025
"11895","2888新光金","110/08/19","新光",855,323,532
"11896","2888新光金","110/08/19","玉山-板橋",106,841,-735
"11897","2888新光金","110/08/19","統一-台中",558,30,528
"11898","2888新光金","110/08/19","香港上海匯豐",0,728,-728
"11899","2888新光金","110/08/19","凱基-鳳山",525,0,525
"11900","2888新光金","110/08/19","台灣摩根士丹利",940,1609,-669
"11901","2888新光金","110/08/19","統一",577,100,477
"11902","2888新光金","110/08/19","中國信託",15,637,-622
"11903","2888新光金","110/08/19","元大證券",1048,635,413
"11904","2888新光金","110/08/19","元大-永和",20,600,-580
"11905","2888新光金","110/08/19","美林",1075,740,335
"11906","2888新光金","110/08/19","福勝",67,600,-533
"11907","2888新光金","110/08/19","元大-嘉義",315,10,305
"11908","2888新光金","110/08/19","凱基-中港",71,580,-509
"11909","2888新光金","110/08/19","元大-大統",304,13,291
"11910","2888新光金","110/08/19","群益金鼎",50,520,-470
"11911","1340勝悅","110/08/19","國泰-台南",99,3,96
"11912","1340勝悅","110/08/19","元大-成功",0,204,-204
"11913","1340勝悅","110/08/19","台中銀",38,0,38
"11914","1340勝悅","110/08/19","摩根大通",0,20,-20
"11915","1340勝悅","110/08/19","國泰-板橋",13,0,13
"11916","1340勝悅","110/08/19","瑞士信貸",0,12,-12
"11917","1340勝悅","110/08/19","臺銀-金山",10,0,10
"11918","1340勝悅","110/08/19","國票-敦北法人",0,12,-12
"11919","1340勝悅","110/08/19","元富-中港",10,0,10
"11920","1340勝悅","110/08/19","華南永昌-東昇",0,12,-12
"11921","1340勝悅","110/08/19","國泰-敦南",13,3,10
"11922","1340勝悅","110/08/19","永豐金-台南",0,12,-12
"11923","1340勝悅","110/08/19","元富-新店",10,2,8
"11924","1340勝悅","110/08/19","合庫-自強",0,11,-11
"11925","1340勝悅","110/08/19","合庫-新竹",7,0,7
"11926","1340勝悅","110/08/19","富邦-台中",0,5,-5
"11927","1340勝悅","110/08/19","群益金鼎-館前",10,3,7
"11928","1340勝悅","110/08/19","港商法國興業",0,4,-4
"11929","1340勝悅","110/08/19","致和-東門",6,0,6
"11930","1340勝悅","110/08/19","致和-金華",0,4,-4
"11931","1340勝悅","110/08/19","元大-屏南",6,0,6
"11932","1340勝悅","110/08/19","新光-台南",0,4,-4
"11933","1340勝悅","110/08/19","臺灣企銀-埔墘",5,0,5
"11934","1340勝悅","110/08/19","凱基-台北",1,5,-4
"11935","1340勝悅","110/08/19","日盛-和美",5,0,5
"11936","1340勝悅","110/08/19","土銀-南港",0,2,-2
"11937","1340勝悅","110/08/19","第一金-新竹",5,0,5
"11938","1340勝悅","110/08/19","元富-世貿",0,2,-2
"11939","1340勝悅","110/08/19","新光-桃園",5,0,5
"11940","1340勝悅","110/08/19","元大-信義",0,2,-2
"11941","6246臺龍","110/08/19","新光-台中",18,1,17
"11942","6246臺龍","110/08/19","日盛-和美",0,10,-10
"11943","6246臺龍","110/08/19","台灣企銀-台南",10,0,10
"11944","6246臺龍","110/08/19","元大-基隆孝二",0,9,-9
"11945","6246臺龍","110/08/19","凱基-台北",8,2,6
"11946","6246臺龍","110/08/19","港商野村",0,6,-6
"11947","6246臺龍","110/08/19","華南永昌-彰化",5,0,5
"11948","6246臺龍","110/08/19","臺銀-高雄",0,5,-5
"11949","6246臺龍","110/08/19","元大-南投",5,0,5
"11950","6246臺龍","110/08/19","兆豐-公益",0,5,-5
"11951","6246臺龍","110/08/19","元大-林園",5,0,5
"11952","6246臺龍","110/08/19","永豐金-三重",0,5,-5
"11953","6246臺龍","110/08/19","日盛-斗六",4,0,4
"11954","6246臺龍","110/08/19","中國信託",0,4,-4
"11955","6246臺龍","110/08/19","兆豐-新營",4,0,4
"11956","6246臺龍","110/08/19","元大-北成功",0,4,-4
"11957","6246臺龍","110/08/19","(牛牛牛)亞-鑫豐",3,0,3
"11958","6246臺龍","110/08/19","元大-台南",0,4,-4
"11959","6246臺龍","110/08/19","台新-台中",3,0,3
"11960","6246臺龍","110/08/19","元富-烏日",0,3,-3
"11961","6246臺龍","110/08/19","元大-大統",3,0,3
"11962","6246臺龍","110/08/19","玉山-城中",0,3,-3
"11963","6246臺龍","110/08/19","臺銀-民權",2,0,2
"11964","6246臺龍","110/08/19","元大-長庚",0,3,-3
"11965","6246臺龍","110/08/19","第一金-大稻埕",2,0,2
"11966","6246臺龍","110/08/19","元大-苑裡",0,3,-3
"11967","6246臺龍","110/08/19","元富-大昌",2,0,2
"11968","6246臺龍","110/08/19","永豐金-屏東",0,3,-3
"11969","6246臺龍","110/08/19","國票-敦北法人",2,0,2
"11970","6246臺龍","110/08/19","統一-永和",0,2,-2
"11971","00715L期街口布蘭特正2","110/08/19","台新證券",1458,205,1253
"11972","00715L期街口布蘭特正2","110/08/19","元大證券",4224,11178,-6954
"11973","00715L期街口布蘭特正2","110/08/19","富邦-南屯",1119,14,1105
"11974","00715L期街口布蘭特正2","110/08/19","合庫證券",266,2599,-2333
"11975","00715L期街口布蘭特正2","110/08/19","元大-永康",1118,19,1099
"11976","00715L期街口布蘭特正2","110/08/19","永豐金證券",8,2207,-2199
"11977","00715L期街口布蘭特正2","110/08/19","豐農",1023,30,993
"11978","00715L期街口布蘭特正2","110/08/19","元大-屏東民生",14,2200,-2186
"11979","00715L期街口布蘭特正2","110/08/19","元大-復北",954,74,880
"11980","00715L期街口布蘭特正2","110/08/19","凱基-台北",245,1890,-1645
"11981","00715L期街口布蘭特正2","110/08/19","中國信託-新竹",840,0,840
"11982","00715L期街口布蘭特正2","110/08/19","國票-博愛",10,1405,-1395
"11983","00715L期街口布蘭特正2","110/08/19","富邦證券",2317,1629,688
"11984","00715L期街口布蘭特正2","110/08/19","元富",10,1165,-1155
"11985","00715L期街口布蘭特正2","110/08/19","第一金-台南",540,0,540
"11986","00715L期街口布蘭特正2","110/08/19","新光",791,1810,-1019
"11987","00715L期街口布蘭特正2","110/08/19","兆豐-台中港",523,30,493
"11988","00715L期街口布蘭特正2","110/08/19","統一",3,978,-975
"11989","00715L期街口布蘭特正2","110/08/19","兆豐-嘉義",465,110,355
"11990","00715L期街口布蘭特正2","110/08/19","華南永昌-長虹",82,830,-748
"11991","00715L期街口布蘭特正2","110/08/19","元大-大里德芳",323,0,323
"11992","00715L期街口布蘭特正2","110/08/19","群益金鼎-宜蘭",20,737,-717
"11993","00715L期街口布蘭特正2","110/08/19","富邦-基隆",336,20,316
"11994","00715L期街口布蘭特正2","110/08/19","亞東",21,512,-491
"11995","00715L期街口布蘭特正2","110/08/19","元大-草屯",434,124,310
"11996","00715L期街口布蘭特正2","110/08/19","永豐金-板盛",6,420,-414
"11997","00715L期街口布蘭特正2","110/08/19","國泰-敦南",552,280,272
"11998","00715L期街口布蘭特正2","110/08/19","第一金-自由",28,419,-391
"11999","00715L期街口布蘭特正2","110/08/19","永豐金-羅東",270,2,268
"12000","00715L期街口布蘭特正2","110/08/19","元大-高雄",128,502,-374
"12001","8941關中","110/08/19","宏遠-館前",2,0,2
"12002","8941關中","110/08/19","富邦-台中",0,6,-6
"12003","8941關中","110/08/19","元大-西門",2,0,2
"12004","8941關中","110/08/19","兆豐-台中",0,2,-2
"12005","8941關中","110/08/19","新光-台中",1,0,1
"12006","8941關中","110/08/19","元大-金華",1,2,-1
"12007","8941關中","110/08/19","玉山-桃園",1,0,1
"12008","8941關中","110/08/19","兆豐-南京",0,0,0
"12009","8941關中","110/08/19","國泰-忠孝",1,0,1
"12010","8941關中","110/08/19","富邦-仁愛",0,0,0
"12011","8941關中","110/08/19","元大-華山",1,0,1
"12012","8941關中","110/08/19","元大-大雅",0,0,0
"12013","8941關中","110/08/19","元大-桃興",1,0,1
"12014","8941關中","110/08/19","永豐金-敦北",0,0,0
"12015","8941關中","110/08/19","兆豐-南京",0,0,0
"12016","8941關中","110/08/19","永豐金-南投",0,0,0
"12017","8941關中","110/08/19","富邦-仁愛",0,0,0
"12018","8941關中","110/08/19","",NA,NA,NA
"12019","8941關中","110/08/19","元大-大雅",0,0,0
"12020","8941關中","110/08/19","",NA,NA,NA
"12021","8941關中","110/08/19","永豐金-敦北",0,0,0
"12022","8941關中","110/08/19","",NA,NA,NA
"12023","8941關中","110/08/19","永豐金-南投",0,0,0
"12024","8941關中","110/08/19","",NA,NA,NA
"12025","8941關中","110/08/19","",NA,NA,NA
"12026","8941關中","110/08/19","",NA,NA,NA
"12027","8941關中","110/08/19","",NA,NA,NA
"12028","8941關中","110/08/19","",NA,NA,NA
"12029","8941關中","110/08/19","",NA,NA,NA
"12030","8941關中","110/08/19","",NA,NA,NA
"12031","8936國統","110/08/19","宏遠-台南",211,0,211
"12032","8936國統","110/08/19","元大-高雄",0,40,-40
"12033","8936國統","110/08/19","康和-高雄",126,1,125
"12034","8936國統","110/08/19","永豐金-苓雅",0,38,-38
"12035","8936國統","110/08/19","凱基-台北",122,66,56
"12036","8936國統","110/08/19","美商高盛",6,38,-32
"12037","8936國統","110/08/19","美林",54,0,54
"12038","8936國統","110/08/19","港商野村",17,38,-21
"12039","8936國統","110/08/19","新加坡商瑞銀",46,20,26
"12040","8936國統","110/08/19","日盛-頭份",0,20,-20
"12041","8936國統","110/08/19","元富-緯城",25,0,25
"12042","8936國統","110/08/19","兆豐-三重",0,20,-20
"12043","8936國統","110/08/19","富邦-高雄",14,0,14
"12044","8936國統","110/08/19","玉山-桃園",0,20,-20
"12045","8936國統","110/08/19","日盛-復興",10,0,10
"12046","8936國統","110/08/19","國泰-高雄",4,22,-18
"12047","8936國統","110/08/19","宏遠-高雄",18,8,10
"12048","8936國統","110/08/19","台灣摩根士丹利",0,17,-17
"12049","8936國統","110/08/19","中國信託-高雄",20,12,8
"12050","8936國統","110/08/19","凱基-竹科",0,16,-16
"12051","8936國統","110/08/19","日盛-豐原",7,0,7
"12052","8936國統","110/08/19","元大-大里德芳",0,16,-16
"12053","8936國統","110/08/19","元富-三重",7,0,7
"12054","8936國統","110/08/19","大昌-樹林",0,15,-15
"12055","8936國統","110/08/19","台新-高雄",10,3,7
"12056","8936國統","110/08/19","台新-屏東",0,12,-12
"12057","8936國統","110/08/19","臺銀-高雄",6,0,6
"12058","8936國統","110/08/19","中農",0,11,-11
"12059","8936國統","110/08/19","第一金-路竹",6,0,6
"12060","8936國統","110/08/19","臺銀-新竹",0,10,-10
"12061","6226光鼎","110/08/19","富邦-左營",110,2,108
"12062","6226光鼎","110/08/19","凱基-台北",177,732,-555
"12063","6226光鼎","110/08/19","元大-北屯",151,50,101
"12064","6226光鼎","110/08/19","摩根大通",28,396,-368
"12065","6226光鼎","110/08/19","國泰-敦南",201,125,76
"12066","6226光鼎","110/08/19","台灣摩根士丹利",0,254,-254
"12067","6226光鼎","110/08/19","元大-敦化",56,4,52
"12068","6226光鼎","110/08/19","元大-文心興安",1,230,-229
"12069","6226光鼎","110/08/19","兆豐-中壢",50,1,49
"12070","6226光鼎","110/08/19","美商高盛",33,233,-200
"12071","6226光鼎","110/08/19","凱基-台中",44,2,42
"12072","6226光鼎","110/08/19","富邦-台北",22,202,-180
"12073","6226光鼎","110/08/19","新光",121,81,40
"12074","6226光鼎","110/08/19","美林",72,160,-88
"12075","6226光鼎","110/08/19","合庫-西台中",47,10,37
"12076","6226光鼎","110/08/19","新加坡商瑞銀",138,225,-87
"12077","6226光鼎","110/08/19","元大-龍潭",42,5,37
"12078","6226光鼎","110/08/19","元大-南勢角",0,70,-70
"12079","6226光鼎","110/08/19","兆豐-東門",36,0,36
"12080","6226光鼎","110/08/19","臺銀-高雄",0,67,-67
"12081","6226光鼎","110/08/19","新光-台中",83,48,35
"12082","6226光鼎","110/08/19","港商野村",178,231,-53
"12083","6226光鼎","110/08/19","玉山-桃園",39,4,35
"12084","6226光鼎","110/08/19","永豐金-內湖",6,56,-50
"12085","6226光鼎","110/08/19","元大-竹科",59,24,35
"12086","6226光鼎","110/08/19","高橋-內壢",5,54,-49
"12087","6226光鼎","110/08/19","第一金-台南",33,0,33
"12088","6226光鼎","110/08/19","凱基-員林",7,53,-46
"12089","6226光鼎","110/08/19","台新證券",66,33,33
"12090","6226光鼎","110/08/19","台新-台中",28,65,-37
"12091","2363矽統","110/08/19","日盛-樹林",300,12,288
"12092","2363矽統","110/08/19","凱基-台北",560,1671,-1111
"12093","2363矽統","110/08/19","永豐金-板盛",200,2,198
"12094","2363矽統","110/08/19","摩根大通",3,713,-710
"12095","2363矽統","110/08/19","凱基-三峽",134,18,116
"12096","2363矽統","110/08/19","台新-三民",50,291,-241
"12097","2363矽統","110/08/19","富邦-新竹",94,7,87
"12098","2363矽統","110/08/19","台灣摩根士丹利",0,206,-206
"12099","2363矽統","110/08/19","元大-汐止",75,8,67
"12100","2363矽統","110/08/19","凱基-和平",1,132,-131
"12101","2363矽統","110/08/19","元大-斗六",67,2,65
"12102","2363矽統","110/08/19","永豐金證券",12,125,-113
"12103","2363矽統","110/08/19","大慶-蘆洲",69,13,56
"12104","2363矽統","110/08/19","石橋證券",50,155,-105
"12105","2363矽統","110/08/19","永豐金-豐原",55,2,53
"12106","2363矽統","110/08/19","港商野村",838,925,-87
"12107","2363矽統","110/08/19","日盛-豐原",59,10,49
"12108","2363矽統","110/08/19","新光-桃園",4,87,-83
"12109","2363矽統","110/08/19","群益金鼎-中壢",54,7,47
"12110","2363矽統","110/08/19","新光",212,282,-70
"12111","2363矽統","110/08/19","元大-南投",58,12,46
"12112","2363矽統","110/08/19","陽信-石牌",18,83,-65
"12113","2363矽統","110/08/19","富邦-板橋",51,7,44
"12114","2363矽統","110/08/19","美林",31,91,-60
"12115","2363矽統","110/08/19","台新證券",117,74,43
"12116","2363矽統","110/08/19","永豐金-新店",1,59,-58
"12117","2363矽統","110/08/19","元大-東港",45,2,43
"12118","2363矽統","110/08/19","台新-左楠",19,76,-57
"12119","2363矽統","110/08/19","元大-旗山",47,5,42
"12120","2363矽統","110/08/19","永全-南崁",7,53,-46
"12121","8112至上","110/08/19","元大-敦化",60,0,60
"12122","8112至上","110/08/19","港商野村",22,279,-257
"12123","8112至上","110/08/19","玉山-城中",60,2,58
"12124","8112至上","110/08/19","瑞士信貸",0,239,-239
"12125","8112至上","110/08/19","永豐金-敦南",52,4,48
"12126","8112至上","110/08/19","凱基-台北",101,275,-174
"12127","8112至上","110/08/19","統一",41,0,41
"12128","8112至上","110/08/19","摩根大通",161,332,-171
"12129","8112至上","110/08/19","元大-竹東",36,0,36
"12130","8112至上","110/08/19","凱基-市政",0,80,-80
"12131","8112至上","110/08/19","凱基-嘉義",35,0,35
"12132","8112至上","110/08/19","台灣摩根士丹利",6,75,-69
"12133","8112至上","110/08/19","新光-台南",32,0,32
"12134","8112至上","110/08/19","美商高盛",18,76,-58
"12135","8112至上","110/08/19","永興-水湳",30,0,30
"12136","8112至上","110/08/19","新加坡商瑞銀",22,76,-54
"12137","8112至上","110/08/19","元大-永和",29,0,29
"12138","8112至上","110/08/19","美林",9,61,-52
"12139","8112至上","110/08/19","凱基-東勢",26,1,25
"12140","8112至上","110/08/19","富邦-花蓮",1,51,-50
"12141","8112至上","110/08/19","臺銀-臺南",28,4,24
"12142","8112至上","110/08/19","元大-路竹",8,52,-44
"12143","8112至上","110/08/19","富邦-中壢",29,5,24
"12144","8112至上","110/08/19","(牛牛牛)亞-鑫豐",34,77,-43
"12145","8112至上","110/08/19","第一金-桃園",24,1,23
"12146","8112至上","110/08/19","台新-中壢",2,42,-40
"12147","8112至上","110/08/19","國泰-敦南",27,4,23
"12148","8112至上","110/08/19","國泰證券",0,40,-40
"12149","8112至上","110/08/19","凱基-文心",23,0,23
"12150","8112至上","110/08/19","永豐金-苓雅",0,40,-40
"12151","1570力肯","110/08/19","國票-北高雄",37,0,37
"12152","1570力肯","110/08/19","新光-台南",3,44,-41
"12153","1570力肯","110/08/19","康和-台南",30,0,30
"12154","1570力肯","110/08/19","元大-大統",0,20,-20
"12155","1570力肯","110/08/19","國票-內壢",25,0,25
"12156","1570力肯","110/08/19","元富-新店",0,18,-18
"12157","1570力肯","110/08/19","元富-虎尾",20,0,20
"12158","1570力肯","110/08/19","元大-民生",2,19,-17
"12159","1570力肯","110/08/19","國票-博愛",17,0,17
"12160","1570力肯","110/08/19","國泰-敦南",1,16,-15
"12161","1570力肯","110/08/19","日盛-高雄",15,0,15
"12162","1570力肯","110/08/19","富邦-敦南",0,15,-15
"12163","1570力肯","110/08/19","元大-南投",15,0,15
"12164","1570力肯","110/08/19","元大-大雅",10,25,-15
"12165","1570力肯","110/08/19","富邦-嘉義",15,1,14
"12166","1570力肯","110/08/19","日盛-板橋",2,16,-14
"12167","1570力肯","110/08/19","元大-北投",13,0,13
"12168","1570力肯","110/08/19","華南永昌-嘉義",0,12,-12
"12169","1570力肯","110/08/19","元富-緯城",12,0,12
"12170","1570力肯","110/08/19","凱基-台北",3,14,-11
"12171","1570力肯","110/08/19","土銀-新竹",11,0,11
"12172","1570力肯","110/08/19","元富-草屯",0,10,-10
"12173","1570力肯","110/08/19","日盛-嘉義",11,0,11
"12174","1570力肯","110/08/19","新光",7,17,-10
"12175","1570力肯","110/08/19","富邦-羅東",11,0,11
"12176","1570力肯","110/08/19","富邦-內湖",3,13,-10
"12177","1570力肯","110/08/19","富邦-仁愛",10,0,10
"12178","1570力肯","110/08/19","元大-福營",0,10,-10
"12179","1570力肯","110/08/19","元大-羅東",10,0,10
"12180","1570力肯","110/08/19","元大-松山",0,10,-10
"12181","2929淘帝","110/08/19","元大-太平",54,0,54
"12182","2929淘帝","110/08/19","摩根大通",0,58,-58
"12183","2929淘帝","110/08/19","凱基-東門",32,0,32
"12184","2929淘帝","110/08/19","宏遠-館前",0,35,-35
"12185","2929淘帝","110/08/19","日盛-桃園",20,0,20
"12186","2929淘帝","110/08/19","元富-台南",0,32,-32
"12187","2929淘帝","110/08/19","富邦-高雄",16,0,16
"12188","2929淘帝","110/08/19","日茂",0,20,-20
"12189","2929淘帝","110/08/19","元大-員林",11,0,11
"12190","2929淘帝","110/08/19","美商高盛",0,11,-11
"12191","2929淘帝","110/08/19","凱基-中山",10,0,10
"12192","2929淘帝","110/08/19","凱基-站前",0,10,-10
"12193","2929淘帝","110/08/19","富邦-南屯",7,0,7
"12194","2929淘帝","110/08/19","統一-三重",0,8,-8
"12195","2929淘帝","110/08/19","日盛-雙和",6,0,6
"12196","2929淘帝","110/08/19","群益金鼎",0,7,-7
"12197","2929淘帝","110/08/19","亞東-新竹",6,0,6
"12198","2929淘帝","110/08/19","凱基-八德",0,7,-7
"12199","2929淘帝","110/08/19","兆豐-桃鶯",6,0,6
"12200","2929淘帝","110/08/19","港商野村",3,9,-6
"12201","2929淘帝","110/08/19","新光",6,0,6
"12202","2929淘帝","110/08/19","安泰",0,5,-5
"12203","2929淘帝","110/08/19","群益金鼎-三重",5,0,5
"12204","2929淘帝","110/08/19","元大-金門",0,5,-5
"12205","2929淘帝","110/08/19","元大-左營",5,0,5
"12206","2929淘帝","110/08/19","永豐金-竹科",0,5,-5
"12207","2929淘帝","110/08/19","台新-新莊",9,5,4
"12208","2929淘帝","110/08/19","致和證券",0,4,-4
"12209","2929淘帝","110/08/19","群益金鼎-新店",4,0,4
"12210","2929淘帝","110/08/19","元大-苑裡",0,4,-4
"12211","5410國眾","110/08/19","土銀-嘉義",14,0,14
"12212","5410國眾","110/08/19","致和-台北",0,60,-60
"12213","5410國眾","110/08/19","國票-北高雄",10,0,10
"12214","5410國眾","110/08/19","凱基-台北",1,20,-19
"12215","5410國眾","110/08/19","玉山-城中",10,0,10
"12216","5410國眾","110/08/19","新加坡商瑞銀",0,14,-14
"12217","5410國眾","110/08/19","元大-中壢",9,0,9
"12218","5410國眾","110/08/19","亞東-新竹",0,14,-14
"12219","5410國眾","110/08/19","台新證券",8,0,8
"12220","5410國眾","110/08/19","富邦-永和",0,7,-7
"12221","5410國眾","110/08/19","新光",7,1,6
"12222","5410國眾","110/08/19","摩根大通",0,5,-5
"12223","5410國眾","110/08/19","日盛-八德",5,0,5
"12224","5410國眾","110/08/19","元大-南勢角",0,3,-3
"12225","5410國眾","110/08/19","元大-旗山",5,0,5
"12226","5410國眾","110/08/19","元大-板橋三民",0,3,-3
"12227","5410國眾","110/08/19","元大-博愛",5,0,5
"12228","5410國眾","110/08/19","元富-大昌",0,2,-2
"12229","5410國眾","110/08/19","元大-左營",5,0,5
"12230","5410國眾","110/08/19","台中銀-員林",0,2,-2
"12231","5410國眾","110/08/19","臺銀-金山",6,2,4
"12232","5410國眾","110/08/19","台新-左楠",0,2,-2
"12233","5410國眾","110/08/19","統一-台中",4,0,4
"12234","5410國眾","110/08/19","群益金鼎-東門",0,2,-2
"12235","5410國眾","110/08/19","元大-開元",4,0,4
"12236","5410國眾","110/08/19","凱基-汐止",0,2,-2
"12237","5410國眾","110/08/19","日盛-園區",3,0,3
"12238","5410國眾","110/08/19","華南永昌-小港",0,2,-2
"12239","5410國眾","110/08/19","國泰-敦南",3,0,3
"12240","5410國眾","110/08/19","富邦-新店",0,2,-2
"12241","2841台開","110/08/19","宏遠-館前",360,0,360
"12242","2841台開","110/08/19","元大證券",0,108,-108
"12243","2841台開","110/08/19","第一金",104,0,104
"12244","2841台開","110/08/19","國票-敦北法人",0,98,-98
"12245","2841台開","110/08/19","日盛-台中",35,1,34
"12246","2841台開","110/08/19","台中銀",0,93,-93
"12247","2841台開","110/08/19","合庫證券",20,0,20
"12248","2841台開","110/08/19","元大-府城",0,51,-51
"12249","2841台開","110/08/19","第一金-台中",20,0,20
"12250","2841台開","110/08/19","日盛-信義",0,50,-50
"12251","2841台開","110/08/19","富邦-基隆",20,0,20
"12252","2841台開","110/08/19","新光-台南",0,46,-46
"12253","2841台開","110/08/19","富邦-三重",20,0,20
"12254","2841台開","110/08/19","永豐金-桃園",0,41,-41
"12255","2841台開","110/08/19","元大-六合",17,0,17
"12256","2841台開","110/08/19","凱基-高美館",0,30,-30
"12257","2841台開","110/08/19","國泰-館前",11,0,11
"12258","2841台開","110/08/19","凱基-新豐",0,30,-30
"12259","2841台開","110/08/19","統一-新台中",10,0,10
"12260","2841台開","110/08/19","第一金-忠孝",0,20,-20
"12261","2841台開","110/08/19","玉山證券",10,0,10
"12262","2841台開","110/08/19","富邦-員林",0,20,-20
"12263","2841台開","110/08/19","國泰-台中",10,0,10
"12264","2841台開","110/08/19","日盛證券",22,38,-16
"12265","2841台開","110/08/19","國泰-忠孝",10,0,10
"12266","2841台開","110/08/19","國泰-敦南",3,19,-16
"12267","2841台開","110/08/19","元大-東泰",10,0,10
"12268","2841台開","110/08/19","中國信託-嘉義",0,15,-15
"12269","2841台開","110/08/19","元大-高雄",10,0,10
"12270","2841台開","110/08/19","永豐金-敦南",17,29,-12
"12271","6207雷科","110/08/19","元大-高雄",76,0,76
"12272","6207雷科","110/08/19","凱基-大安",0,50,-50
"12273","6207雷科","110/08/19","光和-和美",53,0,53
"12274","6207雷科","110/08/19","凱基-復興",2,30,-28
"12275","6207雷科","110/08/19","日盛-桃園",10,0,10
"12276","6207雷科","110/08/19","日盛-三重",0,23,-23
"12277","6207雷科","110/08/19","元大-六合",10,0,10
"12278","6207雷科","110/08/19","港商野村",8,30,-22
"12279","6207雷科","110/08/19","凱基-台北",21,13,8
"12280","6207雷科","110/08/19","新加坡商瑞銀",12,29,-17
"12281","6207雷科","110/08/19","永豐金-高雄",8,0,8
"12282","6207雷科","110/08/19","日茂-埔里",0,17,-17
"12283","6207雷科","110/08/19","凱基-高雄",7,0,7
"12284","6207雷科","110/08/19","摩根大通",7,21,-14
"12285","6207雷科","110/08/19","元大-沙鹿",6,0,6
"12286","6207雷科","110/08/19","群益金鼎-東門",0,12,-12
"12287","6207雷科","110/08/19","元大-東門",6,0,6
"12288","6207雷科","110/08/19","富邦-虎尾",0,10,-10
"12289","6207雷科","110/08/19","元富-吉利",5,0,5
"12290","6207雷科","110/08/19","凱基-高美館",5,14,-9
"12291","6207雷科","110/08/19","大昌-桃園",5,0,5
"12292","6207雷科","110/08/19","富邦-板橋",0,8,-8
"12293","6207雷科","110/08/19","玉山-大里",5,0,5
"12294","6207雷科","110/08/19","元富-潮州",0,7,-7
"12295","6207雷科","110/08/19","元大-大益",5,0,5
"12296","6207雷科","110/08/19","凱基-員林",0,7,-7
"12297","6207雷科","110/08/19","元大-福營",4,0,4
"12298","6207雷科","110/08/19","華南永昌-林口",0,7,-7
"12299","6207雷科","110/08/19","臺銀-臺中",3,0,3
"12300","6207雷科","110/08/19","日盛-八德",0,6,-6
"12301","3679新至陞","110/08/19","台灣摩根士丹利",7,0,7
"12302","3679新至陞","110/08/19","摩根大通",3,11,-8
"12303","3679新至陞","110/08/19","元大-板橋",6,0,6
"12304","3679新至陞","110/08/19","瑞士信貸",1,6,-5
"12305","3679新至陞","110/08/19","美林",10,5,5
"12306","3679新至陞","110/08/19","美商高盛",0,3,-3
"12307","3679新至陞","110/08/19","日盛-土城",2,0,2
"12308","3679新至陞","110/08/19","宏遠-館前",0,2,-2
"12309","3679新至陞","110/08/19","富邦-新店",2,0,2
"12310","3679新至陞","110/08/19","港商野村",0,2,-2
"12311","3679新至陞","110/08/19","土銀-新竹",1,0,1
"12312","3679新至陞","110/08/19","花旗環球",0,2,-2
"12313","3679新至陞","110/08/19","臺銀-高雄",1,0,1
"12314","3679新至陞","110/08/19","國泰-高雄",0,2,-2
"12315","3679新至陞","110/08/19","(牛牛牛)亞-網路",1,0,1
"12316","3679新至陞","110/08/19","元大證券",1,3,-2
"12317","3679新至陞","110/08/19","中國信託-永康",1,0,1
"12318","3679新至陞","110/08/19","元大-新店中正",0,2,-2
"12319","3679新至陞","110/08/19","光和-溪湖",1,0,1
"12320","3679新至陞","110/08/19","元大-成功",0,2,-2
"12321","3679新至陞","110/08/19","兆豐證券",1,0,1
"12322","3679新至陞","110/08/19","永豐金-板新",0,2,-2
"12323","3679新至陞","110/08/19","國票-台東",1,0,1
"12324","3679新至陞","110/08/19","土銀-和平",0,1,-1
"12325","3679新至陞","110/08/19","玉山-新莊",1,0,1
"12326","3679新至陞","110/08/19","新加坡商瑞銀",0,1,-1
"12327","3679新至陞","110/08/19","玉山-嘉義",1,0,1
"12328","3679新至陞","110/08/19","第一金-忠孝",0,1,-1
"12329","3679新至陞","110/08/19","群益金鼎-高盛",1,0,1
"12330","3679新至陞","110/08/19","凱基",0,1,-1
"12331","2727王品","110/08/19","日盛-忠孝",36,0,36
"12332","2727王品","110/08/19","宏遠證券",0,75,-75
"12333","2727王品","110/08/19","中國信託-高雄",12,0,12
"12334","2727王品","110/08/19","美林",0,49,-49
"12335","2727王品","110/08/19","國泰-敦南",17,6,11
"12336","2727王品","110/08/19","摩根大通",1,47,-46
"12337","2727王品","110/08/19","群益金鼎-新店",10,0,10
"12338","2727王品","110/08/19","永豐金證券",2,45,-43
"12339","2727王品","110/08/19","富邦-羅東",10,0,10
"12340","2727王品","110/08/19","美商高盛",2,39,-37
"12341","2727王品","110/08/19","富邦-仁愛",9,0,9
"12342","2727王品","110/08/19","凱基-台北",27,56,-29
"12343","2727王品","110/08/19","國泰-台中",14,6,8
"12344","2727王品","110/08/19","新光-台中",5,28,-23
"12345","2727王品","110/08/19","元大-北屯",10,2,8
"12346","2727王品","110/08/19","台灣摩根士丹利",1,21,-20
"12347","2727王品","110/08/19","元富-大昌",7,0,7
"12348","2727王品","110/08/19","凱基-東門",0,18,-18
"12349","2727王品","110/08/19","台新-台中",9,2,7
"12350","2727王品","110/08/19","統一",0,17,-17
"12351","2727王品","110/08/19","新光-新竹",7,0,7
"12352","2727王品","110/08/19","瑞士信貸",2,13,-11
"12353","2727王品","110/08/19","凱基-基隆",7,0,7
"12354","2727王品","110/08/19","新加坡商瑞銀",0,11,-11
"12355","2727王品","110/08/19","宏遠-高雄",6,0,6
"12356","2727王品","110/08/19","港商野村",18,28,-10
"12357","2727王品","110/08/19","台新證券",6,0,6
"12358","2727王品","110/08/19","富邦-新店",1,11,-10
"12359","2727王品","110/08/19","玉山證券",6,0,6
"12360","2727王品","110/08/19","元大-善化",0,10,-10
"12361","1570力肯","110/08/19","國票-北高雄",37,0,37
"12362","1570力肯","110/08/19","新光-台南",3,44,-41
"12363","1570力肯","110/08/19","康和-台南",30,0,30
"12364","1570力肯","110/08/19","元大-大統",0,20,-20
"12365","1570力肯","110/08/19","國票-內壢",25,0,25
"12366","1570力肯","110/08/19","元富-新店",0,18,-18
"12367","1570力肯","110/08/19","元富-虎尾",20,0,20
"12368","1570力肯","110/08/19","元大-民生",2,19,-17
"12369","1570力肯","110/08/19","國票-博愛",17,0,17
"12370","1570力肯","110/08/19","國泰-敦南",1,16,-15
"12371","1570力肯","110/08/19","日盛-高雄",15,0,15
"12372","1570力肯","110/08/19","富邦-敦南",0,15,-15
"12373","1570力肯","110/08/19","元大-南投",15,0,15
"12374","1570力肯","110/08/19","元大-大雅",10,25,-15
"12375","1570力肯","110/08/19","富邦-嘉義",15,1,14
"12376","1570力肯","110/08/19","日盛-板橋",2,16,-14
"12377","1570力肯","110/08/19","元大-北投",13,0,13
"12378","1570力肯","110/08/19","華南永昌-嘉義",0,12,-12
"12379","1570力肯","110/08/19","元富-緯城",12,0,12
"12380","1570力肯","110/08/19","凱基-台北",3,14,-11
"12381","1570力肯","110/08/19","土銀-新竹",11,0,11
"12382","1570力肯","110/08/19","元富-草屯",0,10,-10
"12383","1570力肯","110/08/19","日盛-嘉義",11,0,11
"12384","1570力肯","110/08/19","新光",7,17,-10
"12385","1570力肯","110/08/19","富邦-羅東",11,0,11
"12386","1570力肯","110/08/19","富邦-內湖",3,13,-10
"12387","1570力肯","110/08/19","富邦-仁愛",10,0,10
"12388","1570力肯","110/08/19","元大-福營",0,10,-10
"12389","1570力肯","110/08/19","元大-羅東",10,0,10
"12390","1570力肯","110/08/19","元大-松山",0,10,-10
"12391","6180橘子","110/08/19","美林",29,0,29
"12392","6180橘子","110/08/19","新光-台中",4,23,-19
"12393","6180橘子","110/08/19","美商高盛",24,0,24
"12394","6180橘子","110/08/19","元大-大甲",0,16,-16
"12395","6180橘子","110/08/19","富邦-竹東",21,0,21
"12396","6180橘子","110/08/19","元富-城東",1,13,-12
"12397","6180橘子","110/08/19","第一金-新竹",20,0,20
"12398","6180橘子","110/08/19","凱基-台北",2,13,-11
"12399","6180橘子","110/08/19","富邦-永和",11,0,11
"12400","6180橘子","110/08/19","凱基-竹科",1,12,-11
"12401","6180橘子","110/08/19","合庫-自強",10,0,10
"12402","6180橘子","110/08/19","元富-草屯",0,10,-10
"12403","6180橘子","110/08/19","富邦-新竹",12,2,10
"12404","6180橘子","110/08/19","新光",8,18,-10
"12405","6180橘子","110/08/19","元大-中壢",10,1,9
"12406","6180橘子","110/08/19","凱基-站前",0,10,-10
"12407","6180橘子","110/08/19","國泰-板橋",7,1,6
"12408","6180橘子","110/08/19","元大-文心興安",0,10,-10
"12409","6180橘子","110/08/19","富隆-長安",5,0,5
"12410","6180橘子","110/08/19","永豐金-新店",0,10,-10
"12411","6180橘子","110/08/19","大慶-苗栗",5,0,5
"12412","6180橘子","110/08/19","兆豐-新營",1,10,-9
"12413","6180橘子","110/08/19","台新-屏東",5,0,5
"12414","6180橘子","110/08/19","元大-北屯",1,10,-9
"12415","6180橘子","110/08/19","元大-向上",5,0,5
"12416","6180橘子","110/08/19","摩根大通",28,36,-8
"12417","6180橘子","110/08/19","永豐金-竹科",5,0,5
"12418","6180橘子","110/08/19","凱基-市政",0,7,-7
"12419","6180橘子","110/08/19","土銀-新竹",4,0,4
"12420","6180橘子","110/08/19","台灣摩根士丹利",11,17,-6
"12421","2390云辰","110/08/19","富邦-花蓮",100,0,100
"12422","2390云辰","110/08/19","摩根大通",96,805,-709
"12423","2390云辰","110/08/19","統一-新台中",86,0,86
"12424","2390云辰","110/08/19","美林",195,271,-76
"12425","2390云辰","110/08/19","凱基-台北",335,254,81
"12426","2390云辰","110/08/19","兆豐-桃園",15,90,-75
"12427","2390云辰","110/08/19","國票-博愛",132,54,78
"12428","2390云辰","110/08/19","大昌-新店",27,92,-65
"12429","2390云辰","110/08/19","凱基-台中",77,1,76
"12430","2390云辰","110/08/19","宏遠-桃園",1,63,-62
"12431","2390云辰","110/08/19","凱基-和平",60,2,58
"12432","2390云辰","110/08/19","華南永昌-公誠",53,110,-57
"12433","2390云辰","110/08/19","國票-安和",53,10,43
"12434","2390云辰","110/08/19","大慶-富順",11,67,-56
"12435","2390云辰","110/08/19","元大-四維",46,10,36
"12436","2390云辰","110/08/19","元大-歸仁",2,55,-53
"12437","2390云辰","110/08/19","中農",55,20,35
"12438","2390云辰","110/08/19","日茂",7,58,-51
"12439","2390云辰","110/08/19","第一金-安和",55,22,33
"12440","2390云辰","110/08/19","元大-大灣",10,60,-50
"12441","2390云辰","110/08/19","元大-雙和",42,12,30
"12442","2390云辰","110/08/19","凱基-三重",1,48,-47
"12443","2390云辰","110/08/19","國泰-館前",77,48,29
"12444","2390云辰","110/08/19","國票-台東",2,41,-39
"12445","2390云辰","110/08/19","元大-文心興安",42,13,29
"12446","2390云辰","110/08/19","豐農",7,41,-34
"12447","2390云辰","110/08/19","(牛牛牛)亞-鑫豐",59,31,28
"12448","2390云辰","110/08/19","凱基-中港",5,36,-31
"12449","2390云辰","110/08/19","國泰-高雄",44,18,26
"12450","2390云辰","110/08/19","永豐金-嘉義",3,32,-29
"12451","2609陽明","110/08/18","凱基-台北",15132,4630,10502
"12452","2609陽明","110/08/18","兆豐-復興",1580,3572,-1992
"12453","2609陽明","110/08/18","康和",4145,283,3862
"12454","2609陽明","110/08/18","日盛-板橋",943,2532,-1589
"12455","2609陽明","110/08/18","美林",6982,3580,3402
"12456","2609陽明","110/08/18","國泰-敦南",4957,6082,-1125
"12457","2609陽明","110/08/18","富邦證券",5335,3049,2286
"12458","2609陽明","110/08/18","新光",3470,4443,-973
"12459","2609陽明","110/08/18","兆豐-南京",2352,209,2143
"12460","2609陽明","110/08/18","玉山證券",1002,1913,-911
"12461","2609陽明","110/08/18","兆豐-虎尾",4490,2388,2102
"12462","2609陽明","110/08/18","台新證券",2873,3601,-728
"12463","2609陽明","110/08/18","永豐金-信義",1719,99,1620
"12464","2609陽明","110/08/18","國泰-館前",1002,1633,-631
"12465","2609陽明","110/08/18","摩根大通",9173,7611,1562
"12466","2609陽明","110/08/18","日盛-中壢",255,825,-570
"12467","2609陽明","110/08/18","台灣摩根士丹利",2544,1230,1314
"12468","2609陽明","110/08/18","兆豐-板橋",646,1122,-476
"12469","2609陽明","110/08/18","凱基-斗六",4335,3037,1298
"12470","2609陽明","110/08/18","第一金-嘉義",153,589,-436
"12471","2609陽明","110/08/18","統一",1895,653,1242
"12472","2609陽明","110/08/18","第一金-桃園",168,595,-427
"12473","2609陽明","110/08/18","元大證券",3293,2063,1230
"12474","2609陽明","110/08/18","(牛牛牛)亞-鑫豐",283,690,-407
"12475","2609陽明","110/08/18","富邦-仁愛",2205,1064,1141
"12476","2609陽明","110/08/18","國泰-板橋",1508,1913,-405
"12477","2609陽明","110/08/18","富邦-虎尾",10781,9680,1101
"12478","2609陽明","110/08/18","凱基-市政",9806,10201,-395
"12479","2609陽明","110/08/18","元大-頭份",1219,381,838
"12480","2609陽明","110/08/18","凱基-高美館",607,1000,-393
"12481","2636台驊投控","110/08/18","富邦證券",1190,0,1190
"12482","2636台驊投控","110/08/18","凱基",21,470,-449
"12483","2636台驊投控","110/08/18","摩根大通",1639,646,993
"12484","2636台驊投控","110/08/18","玉山-南京東路",3,355,-352
"12485","2636台驊投控","110/08/18","台灣摩根士丹利",825,36,789
"12486","2636台驊投控","110/08/18","統一-新台中",15,291,-276
"12487","2636台驊投控","110/08/18","凱基-台北",881,309,572
"12488","2636台驊投控","110/08/18","永豐金-新竹",38,292,-254
"12489","2636台驊投控","110/08/18","統一",503,143,360
"12490","2636台驊投控","110/08/18","國票-彰化",518,760,-242
"12491","2636台驊投控","110/08/18","富邦-員林",373,78,295
"12492","2636台驊投控","110/08/18","國泰-敦南",456,601,-145
"12493","2636台驊投控","110/08/18","新加坡商瑞銀",307,50,257
"12494","2636台驊投控","110/08/18","日盛-宜蘭",12,143,-131
"12495","2636台驊投控","110/08/18","美林",863,611,252
"12496","2636台驊投控","110/08/18","日盛-景美",26,156,-130
"12497","2636台驊投控","110/08/18","日盛-台中",273,57,216
"12498","2636台驊投控","110/08/18","日盛證券",180,298,-118
"12499","2636台驊投控","110/08/18","日盛-板橋",166,13,153
"12500","2636台驊投控","110/08/18","第一金-桃園",36,154,-118
"12501","2636台驊投控","110/08/18","兆豐-虎尾",169,20,149
"12502","2636台驊投控","110/08/18","新光",402,503,-101
"12503","2636台驊投控","110/08/18","華南永昌-竹北",221,84,137
"12504","2636台驊投控","110/08/18","凱基-市政",93,185,-92
"12505","2636台驊投控","110/08/18","大慶",123,6,117
"12506","2636台驊投控","110/08/18","台新證券",371,450,-79
"12507","2636台驊投控","110/08/18","美商高盛",432,323,109
"12508","2636台驊投控","110/08/18","凱基-天母",2,81,-79
"12509","2636台驊投控","110/08/18","統一-南京",102,33,69
"12510","2636台驊投控","110/08/18","華南永昌-南京",30,101,-71
"12511","2867三商壽","110/08/18","摩根大通",776,115,661
"12512","2867三商壽","110/08/18","華南永昌",2,804,-802
"12513","2867三商壽","110/08/18","美林",510,38,472
"12514","2867三商壽","110/08/18","富邦-陽明",0,253,-253
"12515","2867三商壽","110/08/18","元富-世貿",164,15,149
"12516","2867三商壽","110/08/18","宏遠證券",0,220,-220
"12517","2867三商壽","110/08/18","元大-桃園",110,1,109
"12518","2867三商壽","110/08/18","元大-崇德",0,178,-178
"12519","2867三商壽","110/08/18","新加坡商瑞銀",168,73,95
"12520","2867三商壽","110/08/18","元大證券",7,143,-136
"12521","2867三商壽","110/08/18","台新證券",97,2,95
"12522","2867三商壽","110/08/18","土銀-新竹",0,86,-86
"12523","2867三商壽","110/08/18","康和-台中",90,1,89
"12524","2867三商壽","110/08/18","統一-台中",0,82,-82
"12525","2867三商壽","110/08/18","富邦-三重",90,6,84
"12526","2867三商壽","110/08/18","富邦-嘉義",0,70,-70
"12527","2867三商壽","110/08/18","元富",70,0,70
"12528","2867三商壽","110/08/18","宏遠-台中",7,71,-64
"12529","2867三商壽","110/08/18","兆豐-寶成",70,1,69
"12530","2867三商壽","110/08/18","富邦-南屯",0,63,-63
"12531","2867三商壽","110/08/18","台新-台中",68,13,55
"12532","2867三商壽","110/08/18","元大-大甲",1,61,-60
"12533","2867三商壽","110/08/18","凱基",51,0,51
"12534","2867三商壽","110/08/18","美商高盛",32,87,-55
"12535","2867三商壽","110/08/18","元大-開元",51,0,51
"12536","2867三商壽","110/08/18","元富-大裕",0,50,-50
"12537","2867三商壽","110/08/18","日盛-頭份",50,0,50
"12538","2867三商壽","110/08/18","富邦-高雄",1,48,-47
"12539","2867三商壽","110/08/18","兆豐-台中",50,0,50
"12540","2867三商壽","110/08/18","元大-台北",0,40,-40
"12541","5521工信","110/08/18","台新證券",144,10,134
"12542","5521工信","110/08/18","台新-台中",0,200,-200
"12543","5521工信","110/08/18","群益金鼎-台中",43,0,43
"12544","5521工信","110/08/18","香港上海匯豐",0,143,-143
"12545","5521工信","110/08/18","富邦-嘉義",31,0,31
"12546","5521工信","110/08/18","日盛-雙和",0,100,-100
"12547","5521工信","110/08/18","華南永昌-林口",30,1,29
"12548","5521工信","110/08/18","元大-沙鹿",0,61,-61
"12549","5521工信","110/08/18","日進",25,0,25
"12550","5521工信","110/08/18","凱基-台北",57,116,-59
"12551","5521工信","110/08/18","國泰-敦南",26,3,23
"12552","5521工信","110/08/18","美林",3,61,-58
"12553","5521工信","110/08/18","群益金鼎-高雄",20,0,20
"12554","5521工信","110/08/18","永豐金-桃盛",0,50,-50
"12555","5521工信","110/08/18","元大-屏南",20,0,20
"12556","5521工信","110/08/18","摩根大通",106,150,-44
"12557","5521工信","110/08/18","元大-基隆孝二",20,0,20
"12558","5521工信","110/08/18","大慶-富順",0,42,-42
"12559","5521工信","110/08/18","永豐金-新店",20,0,20
"12560","5521工信","110/08/18","元大-鳳山",0,30,-30
"12561","5521工信","110/08/18","元大-龍潭",17,0,17
"12562","5521工信","110/08/18","凱基-三重",25,50,-25
"12563","5521工信","110/08/18","兆豐-北高雄",16,0,16
"12564","5521工信","110/08/18","光和-田中",2,24,-22
"12565","5521工信","110/08/18","元富-文心",15,0,15
"12566","5521工信","110/08/18","元大-和平",0,20,-20
"12567","5521工信","110/08/18","元大-前金",15,0,15
"12568","5521工信","110/08/18","華南永昌",0,15,-15
"12569","5521工信","110/08/18","元大-北投",15,0,15
"12570","5521工信","110/08/18","凱基-南崁",0,12,-12
"12571","1471首利","110/08/18","摩根大通",195,17,178
"12572","1471首利","110/08/18","元大-西門",16,81,-65
"12573","1471首利","110/08/18","永豐金-板盛",42,0,42
"12574","1471首利","110/08/18","高橋-龍潭",0,35,-35
"12575","1471首利","110/08/18","台新證券",35,13,22
"12576","1471首利","110/08/18","新光",14,41,-27
"12577","1471首利","110/08/18","台灣企銀-九如",20,0,20
"12578","1471首利","110/08/18","台新-高雄",2,25,-23
"12579","1471首利","110/08/18","凱基-五股",20,0,20
"12580","1471首利","110/08/18","元富-世貿",0,20,-20
"12581","1471首利","110/08/18","瑞士信貸",25,13,12
"12582","1471首利","110/08/18","台新-中壢",0,20,-20
"12583","1471首利","110/08/18","群益金鼎-三重",10,0,10
"12584","1471首利","110/08/18","玉山-高雄",1,21,-20
"12585","1471首利","110/08/18","凱基-台南",10,0,10
"12586","1471首利","110/08/18","富邦-基隆",13,30,-17
"12587","1471首利","110/08/18","華南永昌-鳳山",10,0,10
"12588","1471首利","110/08/18","凱基-彰化",0,14,-14
"12589","1471首利","110/08/18","富邦-嘉義",10,0,10
"12590","1471首利","110/08/18","元富-民權",0,12,-12
"12591","1471首利","110/08/18","元大-開元",10,0,10
"12592","1471首利","110/08/18","凱基-羅東",0,11,-11
"12593","1471首利","110/08/18","元大-內湖",10,0,10
"12594","1471首利","110/08/18","合庫證券",0,10,-10
"12595","1471首利","110/08/18","元大-東港",10,0,10
"12596","1471首利","110/08/18","日盛-斗六",0,10,-10
"12597","1471首利","110/08/18","永豐金-台南",10,0,10
"12598","1471首利","110/08/18","群益金鼎-潭子",0,10,-10
"12599","1471首利","110/08/18","凱基-台北",25,16,9
"12600","1471首利","110/08/18","元大-汐止",0,10,-10
"12601","2883開發金","110/08/18","合庫-台中",6579,11,6568
"12602","2883開發金","110/08/18","新加坡商瑞銀",902,7117,-6215
"12603","2883開發金","110/08/18","香港上海匯豐",4579,0,4579
"12604","2883開發金","110/08/18","台灣摩根士丹利",375,5303,-4928
"12605","2883開發金","110/08/18","富邦-台中",3720,12,3708
"12606","2883開發金","110/08/18","凱基",0,4582,-4582
"12607","2883開發金","110/08/18","中國信託-文心",3128,2,3126
"12608","2883開發金","110/08/18","台新證券",425,4594,-4169
"12609","2883開發金","110/08/18","元大-福營",1063,19,1044
"12610","2883開發金","110/08/18","國泰證券",11,3677,-3666
"12611","2883開發金","110/08/18","華南永昌-南京",1046,43,1003
"12612","2883開發金","110/08/18","富邦證券",47,3305,-3258
"12613","2883開發金","110/08/18","合庫證券",999,7,992
"12614","2883開發金","110/08/18","元大證券",1065,3675,-2610
"12615","2883開發金","110/08/18","瑞士信貸",1041,53,988
"12616","2883開發金","110/08/18","凱基-台北",1972,4074,-2102
"12617","2883開發金","110/08/18","摩根大通",2088,1332,756
"12618","2883開發金","110/08/18","國票-長城",711,2005,-1294
"12619","2883開發金","110/08/18","新光",2279,1577,702
"12620","2883開發金","110/08/18","日盛證券",88,1002,-914
"12621","2883開發金","110/08/18","元大-金華",559,0,559
"12622","2883開發金","110/08/18","群益金鼎-西松",38,786,-748
"12623","2883開發金","110/08/18","花旗環球",652,184,468
"12624","2883開發金","110/08/18","兆豐-高雄",12,668,-656
"12625","2883開發金","110/08/18","港商野村",1145,723,422
"12626","2883開發金","110/08/18","元富-四維",2,606,-604
"12627","2883開發金","110/08/18","國泰-敦南",609,244,365
"12628","2883開發金","110/08/18","宏遠-光隆",14,615,-601
"12629","2883開發金","110/08/18","元富",353,0,353
"12630","2883開發金","110/08/18","永豐金-苓雅",30,595,-565
"12631","6205詮欣","110/08/18","摩根大通",14,1,13
"12632","6205詮欣","110/08/18","合庫證券",0,15,-15
"12633","6205詮欣","110/08/18","凱基-汐止",10,0,10
"12634","6205詮欣","110/08/18","國票-南港",0,14,-14
"12635","6205詮欣","110/08/18","臺銀-臺中",9,0,9
"12636","6205詮欣","110/08/18","元大-大天母",0,8,-8
"12637","6205詮欣","110/08/18","德信-新營",7,0,7
"12638","6205詮欣","110/08/18","富邦-仁愛",0,6,-6
"12639","6205詮欣","110/08/18","元富-安南",6,0,6
"12640","6205詮欣","110/08/18","兆豐-竹北",0,5,-5
"12641","6205詮欣","110/08/18","凱基-台北",5,0,5
"12642","6205詮欣","110/08/18","兆豐-台中",0,4,-4
"12643","6205詮欣","110/08/18","美林",4,0,4
"12644","6205詮欣","110/08/18","元大-土城學府",0,3,-3
"12645","6205詮欣","110/08/18","華南永昌-古亭",6,2,4
"12646","6205詮欣","110/08/18","永豐金-台南",0,3,-3
"12647","6205詮欣","110/08/18","永豐金證券",4,0,4
"12648","6205詮欣","110/08/18","日盛-板橋中山",0,2,-2
"12649","6205詮欣","110/08/18","玉山證券",3,0,3
"12650","6205詮欣","110/08/18","亞東-高雄",0,2,-2
"12651","6205詮欣","110/08/18","永豐金-中正",3,0,3
"12652","6205詮欣","110/08/18","大昌-安康",0,2,-2
"12653","6205詮欣","110/08/18","大慶-台南",2,0,2
"12654","6205詮欣","110/08/18","大昌-新店",0,2,-2
"12655","6205詮欣","110/08/18","元富-草屯",2,0,2
"12656","6205詮欣","110/08/18","玉山-高雄",0,2,-2
"12657","6205詮欣","110/08/18","元大-豐原",2,0,2
"12658","6205詮欣","110/08/18","日盛-板橋",0,1,-1
"12659","6205詮欣","110/08/18","日盛-三重",1,0,1
"12660","6205詮欣","110/08/18","宏遠-民生",0,1,-1
"12661","1540喬福","110/08/18","凱基-台北",26,5,21
"12662","1540喬福","110/08/18","兆豐-小港",0,45,-45
"12663","1540喬福","110/08/18","元大-土城永寧",15,0,15
"12664","1540喬福","110/08/18","群益金鼎-館前",1,40,-39
"12665","1540喬福","110/08/18","凱基-中壢",12,0,12
"12666","1540喬福","110/08/18","新光-台南",0,10,-10
"12667","1540喬福","110/08/18","日盛-二林",10,0,10
"12668","1540喬福","110/08/18","元大-北屯",0,6,-6
"12669","1540喬福","110/08/18","日盛-鳳山",6,0,6
"12670","1540喬福","110/08/18","新光-桃園",0,5,-5
"12671","1540喬福","110/08/18","兆豐-北高雄",6,0,6
"12672","1540喬福","110/08/18","元富",0,4,-4
"12673","1540喬福","110/08/18","元大-龍潭",6,0,6
"12674","1540喬福","110/08/18","元大-館前",0,4,-4
"12675","1540喬福","110/08/18","日盛-樹林",5,0,5
"12676","1540喬福","110/08/18","國票-台東",0,3,-3
"12677","1540喬福","110/08/18","瑞士信貸",3,0,3
"12678","1540喬福","110/08/18","富邦-台南",0,3,-3
"12679","1540喬福","110/08/18","兆豐-三民",3,0,3
"12680","1540喬福","110/08/18","第一金-大稻埕",0,2,-2
"12681","1540喬福","110/08/18","國票-彰化",3,0,3
"12682","1540喬福","110/08/18","致和-南京",0,2,-2
"12683","1540喬福","110/08/18","富邦-員林",3,0,3
"12684","1540喬福","110/08/18","玉山-城中",0,2,-2
"12685","1540喬福","110/08/18","永豐金-敦南",3,0,3
"12686","1540喬福","110/08/18","元大-南崁",0,2,-2
"12687","1540喬福","110/08/18","日盛-板橋",2,0,2
"12688","1540喬福","110/08/18","元大-府城",1,3,-2
"12689","1540喬福","110/08/18","兆豐-台中港",2,0,2
"12690","1540喬福","110/08/18","元大-松山",0,2,-2
"12691","2888新光金","110/08/18","兆豐-公益",6495,300,6195
"12692","2888新光金","110/08/18","美商高盛",222,4409,-4187
"12693","2888新光金","110/08/18","元大-忠孝鼎富",4187,0,4187
"12694","2888新光金","110/08/18","元富-城東",12,2101,-2089
"12695","2888新光金","110/08/18","瑞士信貸",2917,33,2884
"12696","2888新光金","110/08/18","華南永昌",26,1674,-1648
"12697","2888新光金","110/08/18","華南永昌-大安",1071,5,1066
"12698","2888新光金","110/08/18","華南永昌-忠孝",0,1211,-1211
"12699","2888新光金","110/08/18","宏遠-光隆",1044,6,1038
"12700","2888新光金","110/08/18","群益金鼎-彰化",14,1211,-1197
"12701","2888新光金","110/08/18","元富",805,90,715
"12702","2888新光金","110/08/18","元大-大同",5,711,-706
"12703","2888新光金","110/08/18","凱基-台北",2712,2138,574
"12704","2888新光金","110/08/18","凱基-桃園",93,755,-662
"12705","2888新光金","110/08/18","台灣摩根士丹利",742,305,437
"12706","2888新光金","110/08/18","新光-台南",2,610,-608
"12707","2888新光金","110/08/18","富邦證券",385,20,365
"12708","2888新光金","110/08/18","第一金-新竹",100,706,-606
"12709","2888新光金","110/08/18","摩根大通",2204,1868,336
"12710","2888新光金","110/08/18","福勝",2,600,-598
"12711","2888新光金","110/08/18","永興-台中",303,29,274
"12712","2888新光金","110/08/18","華南永昌-岡山",12,457,-445
"12713","2888新光金","110/08/18","元大-六合",302,28,274
"12714","2888新光金","110/08/18","花旗環球",38,466,-428
"12715","2888新光金","110/08/18","華南永昌-敦南",262,10,252
"12716","2888新光金","110/08/18","元富-民權",0,300,-300
"12717","2888新光金","110/08/18","新加坡商瑞銀",287,70,217
"12718","2888新光金","110/08/18","華南永昌-合泰",4,303,-299
"12719","2888新光金","110/08/18","統一-板橋",170,5,165
"12720","2888新光金","110/08/18","元富-中港",3,300,-297
"12721","1340勝悅","110/08/18","摩根大通",139,18,121
"12722","1340勝悅","110/08/18","聯邦-三重",0,100,-100
"12723","1340勝悅","110/08/18","華南永昌-敦南",8,0,8
"12724","1340勝悅","110/08/18","華南永昌",1,20,-19
"12725","1340勝悅","110/08/18","永豐金-板盛",7,0,7
"12726","1340勝悅","110/08/18","合庫證券",0,10,-10
"12727","1340勝悅","110/08/18","美商高盛",6,0,6
"12728","1340勝悅","110/08/18","新光-新竹",0,10,-10
"12729","1340勝悅","110/08/18","臺灣企銀-埔墘",5,0,5
"12730","1340勝悅","110/08/18","富邦-嘉義",0,8,-8
"12731","1340勝悅","110/08/18","國泰-台中",5,0,5
"12732","1340勝悅","110/08/18","元大-新竹經國",0,7,-7
"12733","1340勝悅","110/08/18","凱基-松山",5,0,5
"12734","1340勝悅","110/08/18","臺銀-鳳山",5,10,-5
"12735","1340勝悅","110/08/18","新光",4,0,4
"12736","1340勝悅","110/08/18","瑞士信貸",0,5,-5
"12737","1340勝悅","110/08/18","中國信託-文心",3,0,3
"12738","1340勝悅","110/08/18","統一-城中",9,13,-4
"12739","1340勝悅","110/08/18","康和-延平",3,0,3
"12740","1340勝悅","110/08/18","元大-歸仁",0,4,-4
"12741","1340勝悅","110/08/18","新光-桃園",3,0,3
"12742","1340勝悅","110/08/18","元大-桃興",1,5,-4
"12743","1340勝悅","110/08/18","凱基-基隆",3,0,3
"12744","1340勝悅","110/08/18","(牛牛牛)亞-鑫豐",1,4,-3
"12745","1340勝悅","110/08/18","合庫-鳳山",2,0,2
"12746","1340勝悅","110/08/18","台新證券",0,3,-3
"12747","1340勝悅","110/08/18","元富-板橋",2,0,2
"12748","1340勝悅","110/08/18","合庫-高雄",0,2,-2
"12749","1340勝悅","110/08/18","大昌-安康",2,0,2
"12750","1340勝悅","110/08/18","日盛-文化",0,2,-2
"12751","6246臺龍","110/08/18","港商野村",62,7,55
"12752","6246臺龍","110/08/18","元富-高雄",0,20,-20
"12753","6246臺龍","110/08/18","台新-三民",20,0,20
"12754","6246臺龍","110/08/18","新光",1,16,-15
"12755","6246臺龍","110/08/18","台新證券",19,0,19
"12756","6246臺龍","110/08/18","日盛-板橋",0,10,-10
"12757","6246臺龍","110/08/18","元富-林園",10,0,10
"12758","6246臺龍","110/08/18","致和-台北",0,10,-10
"12759","6246臺龍","110/08/18","光和-和美",10,0,10
"12760","6246臺龍","110/08/18","凱基-永和",0,10,-10
"12761","6246臺龍","110/08/18","凱基-屏東",10,0,10
"12762","6246臺龍","110/08/18","華南永昌-公誠",0,10,-10
"12763","6246臺龍","110/08/18","元大-永康",10,0,10
"12764","6246臺龍","110/08/18","凱基-台北",1,10,-9
"12765","6246臺龍","110/08/18","元大-竹科",5,0,5
"12766","6246臺龍","110/08/18","元大-北港",0,9,-9
"12767","6246臺龍","110/08/18","元大-北成功",4,0,4
"12768","6246臺龍","110/08/18","日盛-和美",0,6,-6
"12769","6246臺龍","110/08/18","大慶-苗栗",3,0,3
"12770","6246臺龍","110/08/18","群益金鼎-北高雄",0,6,-6
"12771","6246臺龍","110/08/18","統一-彰化",3,0,3
"12772","6246臺龍","110/08/18","日進",0,5,-5
"12773","6246臺龍","110/08/18","日茂-南投",3,0,3
"12774","6246臺龍","110/08/18","凱基-松山",0,5,-5
"12775","6246臺龍","110/08/18","兆豐-新營",3,0,3
"12776","6246臺龍","110/08/18","凱基-三多",2,7,-5
"12777","6246臺龍","110/08/18","元大-南投",3,0,3
"12778","6246臺龍","110/08/18","元富-烏日",0,4,-4
"12779","6246臺龍","110/08/18","元富-大裕",2,0,2
"12780","6246臺龍","110/08/18","兆豐-景美",0,4,-4
"12781","00715L期街口布蘭特正2","110/08/18","兆豐-鹿港",751,0,751
"12782","00715L期街口布蘭特正2","110/08/18","元大證券",368,4666,-4298
"12783","00715L期街口布蘭特正2","110/08/18","合庫-新竹",597,1,596
"12784","00715L期街口布蘭特正2","110/08/18","凱基-台北",310,4173,-3863
"12785","00715L期街口布蘭特正2","110/08/18","(牛牛牛)亞-鑫豐",606,24,582
"12786","00715L期街口布蘭特正2","110/08/18","統一",5,1703,-1698
"12787","00715L期街口布蘭特正2","110/08/18","元富-古亭",499,0,499
"12788","00715L期街口布蘭特正2","110/08/18","元大-台中",8,1176,-1168
"12789","00715L期街口布蘭特正2","110/08/18","統一-新竹",411,0,411
"12790","00715L期街口布蘭特正2","110/08/18","兆豐-來福",0,590,-590
"12791","00715L期街口布蘭特正2","110/08/18","永豐金-北高雄",331,0,331
"12792","00715L期街口布蘭特正2","110/08/18","元富",5,588,-583
"12793","00715L期街口布蘭特正2","110/08/18","中國信託-新竹",327,0,327
"12794","00715L期街口布蘭特正2","110/08/18","康和",686,1184,-498
"12795","00715L期街口布蘭特正2","110/08/18","新光",396,124,272
"12796","00715L期街口布蘭特正2","110/08/18","新光-台中",143,525,-382
"12797","00715L期街口布蘭特正2","110/08/18","元大-沙鹿",216,0,216
"12798","00715L期街口布蘭特正2","110/08/18","元大-雙和",25,380,-355
"12799","00715L期街口布蘭特正2","110/08/18","國泰-敦南",244,30,214
"12800","00715L期街口布蘭特正2","110/08/18","玉山-新竹",8,324,-316
"12801","00715L期街口布蘭特正2","110/08/18","元大-花蓮",229,20,209
"12802","00715L期街口布蘭特正2","110/08/18","玉山-台南",19,285,-266
"12803","00715L期街口布蘭特正2","110/08/18","兆豐-台中",226,36,190
"12804","00715L期街口布蘭特正2","110/08/18","永豐金證券",4,240,-236
"12805","00715L期街口布蘭特正2","110/08/18","元大-復北",200,10,190
"12806","00715L期街口布蘭特正2","110/08/18","永豐金-台南",13,230,-217
"12807","00715L期街口布蘭特正2","110/08/18","台新-新營",221,32,189
"12808","00715L期街口布蘭特正2","110/08/18","中國信託-永康",15,210,-195
"12809","00715L期街口布蘭特正2","110/08/18","新光-新竹",204,17,187
"12810","00715L期街口布蘭特正2","110/08/18","凱基-大里",2,189,-187
"12811","8941關中","110/08/18","元大-華山",1,0,1
"12812","8941關中","110/08/18","群益金鼎-開元",0,2,-2
"12813","8941關中","110/08/18","元大-南京",1,0,1
"12814","8941關中","110/08/18","元大-桃興",0,1,-1
"12815","8941關中","110/08/18","元大-西門",1,0,1
"12816","8941關中","110/08/18","華南永昌-淡水",0,0,0
"12817","8941關中","110/08/18","華南永昌-淡水",0,0,0
"12818","8941關中","110/08/18","富邦-台北",0,0,0
"12819","8941關中","110/08/18","富邦-台北",0,0,0
"12820","8941關中","110/08/18","元大-金華",1,1,0
"12821","8941關中","110/08/18","元大-金華",1,1,0
"12822","8941關中","110/08/18","永豐金-敦北",0,0,0
"12823","8941關中","110/08/18","永豐金-敦北",0,0,0
"12824","8941關中","110/08/18","",NA,NA,NA
"12825","8941關中","110/08/18","",NA,NA,NA
"12826","8941關中","110/08/18","",NA,NA,NA
"12827","8941關中","110/08/18","",NA,NA,NA
"12828","8941關中","110/08/18","",NA,NA,NA
"12829","8941關中","110/08/18","",NA,NA,NA
"12830","8941關中","110/08/18","",NA,NA,NA
"12831","8941關中","110/08/18","",NA,NA,NA
"12832","8941關中","110/08/18","",NA,NA,NA
"12833","8941關中","110/08/18","",NA,NA,NA
"12834","8941關中","110/08/18","",NA,NA,NA
"12835","8941關中","110/08/18","",NA,NA,NA
"12836","8941關中","110/08/18","",NA,NA,NA
"12837","8941關中","110/08/18","",NA,NA,NA
"12838","8941關中","110/08/18","",NA,NA,NA
"12839","8941關中","110/08/18","",NA,NA,NA
"12840","8941關中","110/08/18","",NA,NA,NA
"12841","8936國統","110/08/18","凱基-台北",120,29,91
"12842","8936國統","110/08/18","新光-高雄",0,70,-70
"12843","8936國統","110/08/18","美林",66,1,65
"12844","8936國統","110/08/18","華南永昌-林口",1,70,-69
"12845","8936國統","110/08/18","元大-萬華",50,0,50
"12846","8936國統","110/08/18","台新-高雄",36,97,-61
"12847","8936國統","110/08/18","摩根大通",95,54,41
"12848","8936國統","110/08/18","永豐金-忠孝",12,44,-32
"12849","8936國統","110/08/18","港商野村",92,58,34
"12850","8936國統","110/08/18","台灣摩根士丹利",26,53,-27
"12851","8936國統","110/08/18","中國信託-高雄",12,0,12
"12852","8936國統","110/08/18","台新-中壢",0,25,-25
"12853","8936國統","110/08/18","玉山-台南",12,0,12
"12854","8936國統","110/08/18","元大-高雄",5,30,-25
"12855","8936國統","110/08/18","國泰-敦南",18,6,12
"12856","8936國統","110/08/18","玉山-嘉義",5,25,-20
"12857","8936國統","110/08/18","元大-成功",11,0,11
"12858","8936國統","110/08/18","新加坡商瑞銀",120,137,-17
"12859","8936國統","110/08/18","臺銀-新竹",10,0,10
"12860","8936國統","110/08/18","美商高盛",7,23,-16
"12861","8936國統","110/08/18","大慶-楊梅",10,0,10
"12862","8936國統","110/08/18","國泰-板橋",0,13,-13
"12863","8936國統","110/08/18","兆豐-三重",10,0,10
"12864","8936國統","110/08/18","群益金鼎-潭子",0,12,-12
"12865","8936國統","110/08/18","兆豐-北高雄",10,0,10
"12866","8936國統","110/08/18","群益金鼎-鳳山",0,12,-12
"12867","8936國統","110/08/18","元大-大里德芳",10,0,10
"12868","8936國統","110/08/18","合庫-高雄",0,10,-10
"12869","8936國統","110/08/18","永豐金-新莊",10,0,10
"12870","8936國統","110/08/18","第一金-新興",0,10,-10
"12871","6226光鼎","110/08/18","凱基-台北",625,134,491
"12872","6226光鼎","110/08/18","國泰-台中",21,655,-634
"12873","6226光鼎","110/08/18","元大-文心興安",224,4,220
"12874","6226光鼎","110/08/18","群益金鼎-士林",0,100,-100
"12875","6226光鼎","110/08/18","美商高盛",231,46,185
"12876","6226光鼎","110/08/18","元大-竹科",24,122,-98
"12877","6226光鼎","110/08/18","美林",213,118,95
"12878","6226光鼎","110/08/18","新光-桃園",22,96,-74
"12879","6226光鼎","110/08/18","新加坡商瑞銀",165,83,82
"12880","6226光鼎","110/08/18","永豐金-南投",15,83,-68
"12881","6226光鼎","110/08/18","凱基-竹科",67,4,63
"12882","6226光鼎","110/08/18","富邦-建國",21,80,-59
"12883","6226光鼎","110/08/18","元大證券",92,29,63
"12884","6226光鼎","110/08/18","元富-信義",2,58,-56
"12885","6226光鼎","110/08/18","元大-敦化",63,11,52
"12886","6226光鼎","110/08/18","凱基-新豐",15,69,-54
"12887","6226光鼎","110/08/18","兆豐-鹿港",54,4,50
"12888","6226光鼎","110/08/18","群益金鼎-台中",2,54,-52
"12889","6226光鼎","110/08/18","群益金鼎-萬華",54,9,45
"12890","6226光鼎","110/08/18","宏遠-光隆",0,50,-50
"12891","6226光鼎","110/08/18","大昌",48,12,36
"12892","6226光鼎","110/08/18","元大-福營",5,53,-48
"12893","6226光鼎","110/08/18","凱基-站前",35,1,34
"12894","6226光鼎","110/08/18","永豐金-竹北",2,43,-41
"12895","6226光鼎","110/08/18","日盛-和美",47,16,31
"12896","6226光鼎","110/08/18","兆豐-民生",0,40,-40
"12897","6226光鼎","110/08/18","群益金鼎-永和",30,0,30
"12898","6226光鼎","110/08/18","玉山證券",10,50,-40
"12899","6226光鼎","110/08/18","凱基-中港",30,0,30
"12900","6226光鼎","110/08/18","凱基-民權",11,51,-40
"12901","2363矽統","110/08/18","凱基-南崁",1528,19,1509
"12902","2363矽統","110/08/18","台灣摩根士丹利",64,1051,-987
"12903","2363矽統","110/08/18","凱基-台北",1850,671,1179
"12904","2363矽統","110/08/18","美商高盛",386,711,-325
"12905","2363矽統","110/08/18","摩根大通",1073,563,510
"12906","2363矽統","110/08/18","台新-三民",47,361,-314
"12907","2363矽統","110/08/18","富邦-板橋",403,71,332
"12908","2363矽統","110/08/18","新加坡商瑞銀",699,987,-288
"12909","2363矽統","110/08/18","玉山-高雄",391,228,163
"12910","2363矽統","110/08/18","富邦-台北",82,251,-169
"12911","2363矽統","110/08/18","群益金鼎",154,21,133
"12912","2363矽統","110/08/18","富邦-新店",28,140,-112
"12913","2363矽統","110/08/18","永豐金證券",155,31,124
"12914","2363矽統","110/08/18","中國信託-忠孝",89,200,-111
"12915","2363矽統","110/08/18","日盛-樹林",159,39,120
"12916","2363矽統","110/08/18","玉山-台中",14,122,-108
"12917","2363矽統","110/08/18","石橋證券",112,1,111
"12918","2363矽統","110/08/18","元大-汐止",112,215,-103
"12919","2363矽統","110/08/18","合庫-高雄",123,15,108
"12920","2363矽統","110/08/18","永豐金-板盛",2,105,-103
"12921","2363矽統","110/08/18","凱基-汐止",103,1,102
"12922","2363矽統","110/08/18","群益金鼎-南京",59,160,-101
"12923","2363矽統","110/08/18","永興",94,4,90
"12924","2363矽統","110/08/18","永豐金-天母",14,112,-98
"12925","2363矽統","110/08/18","元大-前金",207,139,68
"12926","2363矽統","110/08/18","凱基-竹科",22,110,-88
"12927","2363矽統","110/08/18","新光-桃園",84,17,67
"12928","2363矽統","110/08/18","華南永昌-台中",35,122,-87
"12929","2363矽統","110/08/18","富邦-台南",95,30,65
"12930","2363矽統","110/08/18","國泰-敦南",437,521,-84
"12931","8112至上","110/08/18","港商野村",371,52,319
"12932","8112至上","110/08/18","新加坡商瑞銀",70,220,-150
"12933","8112至上","110/08/18","凱基-台北",202,29,173
"12934","8112至上","110/08/18","元大證券",3,102,-99
"12935","8112至上","110/08/18","美林",135,39,96
"12936","8112至上","110/08/18","凱基-新店",0,91,-91
"12937","8112至上","110/08/18","凱基-市政",81,0,81
"12938","8112至上","110/08/18","台灣摩根士丹利",0,87,-87
"12939","8112至上","110/08/18","摩根大通",287,209,78
"12940","8112至上","110/08/18","元大-佳里",3,82,-79
"12941","8112至上","110/08/18","美商高盛",97,25,72
"12942","8112至上","110/08/18","合庫-台中",5,67,-62
"12943","8112至上","110/08/18","台新證券",71,13,58
"12944","8112至上","110/08/18","宏遠證券",0,59,-59
"12945","8112至上","110/08/18","大慶",60,10,50
"12946","8112至上","110/08/18","凱基-文心",0,53,-53
"12947","8112至上","110/08/18","凱基-站前",52,13,39
"12948","8112至上","110/08/18","元大-樹林",8,60,-52
"12949","8112至上","110/08/18","元大-大灣",38,0,38
"12950","8112至上","110/08/18","元大-永春",2,43,-41
"12951","8112至上","110/08/18","永豐金-中盛",31,3,28
"12952","8112至上","110/08/18","富邦-新營",2,40,-38
"12953","8112至上","110/08/18","國票-北高雄",25,0,25
"12954","8112至上","110/08/18","永豐金-員林",1,38,-37
"12955","8112至上","110/08/18","富邦-竹東",21,0,21
"12956","8112至上","110/08/18","玉山-高雄",23,55,-32
"12957","8112至上","110/08/18","彰銀-七賢",20,0,20
"12958","8112至上","110/08/18","大昌-桃園",1,30,-29
"12959","8112至上","110/08/18","元富-新莊",20,0,20
"12960","8112至上","110/08/18","新光-台南",1,30,-29
"12961","1570力肯","110/08/18","凱基-台北",129,5,124
"12962","1570力肯","110/08/18","華南永昌-桃園",0,102,-102
"12963","1570力肯","110/08/18","香港上海匯豐",36,0,36
"12964","1570力肯","110/08/18","中國信託-高雄",0,49,-49
"12965","1570力肯","110/08/18","統一",30,0,30
"12966","1570力肯","110/08/18","元富-世貿",0,20,-20
"12967","1570力肯","110/08/18","群益金鼎-北高雄",27,0,27
"12968","1570力肯","110/08/18","國泰證券",0,20,-20
"12969","1570力肯","110/08/18","國票-北高雄",21,3,18
"12970","1570力肯","110/08/18","元大-屏南",0,15,-15
"12971","1570力肯","110/08/18","元大-南投",20,4,16
"12972","1570力肯","110/08/18","元大-和平",5,20,-15
"12973","1570力肯","110/08/18","新光-台南",15,0,15
"12974","1570力肯","110/08/18","元大-基隆",0,12,-12
"12975","1570力肯","110/08/18","富邦-高雄",15,0,15
"12976","1570力肯","110/08/18","玉山-台中",0,10,-10
"12977","1570力肯","110/08/18","華南永昌-嘉義",12,0,12
"12978","1570力肯","110/08/18","元大-苗栗",0,10,-10
"12979","1570力肯","110/08/18","富邦-花蓮",10,0,10
"12980","1570力肯","110/08/18","元大-草屯",0,10,-10
"12981","1570力肯","110/08/18","元富-新店",10,2,8
"12982","1570力肯","110/08/18","富邦-彰化",0,8,-8
"12983","1570力肯","110/08/18","富邦-台東",12,4,8
"12984","1570力肯","110/08/18","日盛-嘉義",0,7,-7
"12985","1570力肯","110/08/18","日盛-高雄",7,0,7
"12986","1570力肯","110/08/18","永豐金-桃園",3,10,-7
"12987","1570力肯","110/08/18","元大-羅東",7,0,7
"12988","1570力肯","110/08/18","大昌-安康",0,6,-6
"12989","1570力肯","110/08/18","大慶-蘆洲",9,3,6
"12990","1570力肯","110/08/18","國票-和平",0,6,-6
"12991","2929淘帝","110/08/18","摩根大通",42,2,40
"12992","2929淘帝","110/08/18","日盛-嘉義",0,30,-30
"12993","2929淘帝","110/08/18","元富-板橋",23,0,23
"12994","2929淘帝","110/08/18","兆豐-復興",0,16,-16
"12995","2929淘帝","110/08/18","元大-太平",19,0,19
"12996","2929淘帝","110/08/18","兆豐-桃鶯",0,13,-13
"12997","2929淘帝","110/08/18","永豐金-中盛",10,0,10
"12998","2929淘帝","110/08/18","中國信託",4,14,-10
"12999","2929淘帝","110/08/18","新光",18,9,9
"13000","2929淘帝","110/08/18","宏遠-高雄",0,6,-6
"13001","2929淘帝","110/08/18","永豐金證券",8,0,8
"13002","2929淘帝","110/08/18","元大-東泰",0,5,-5
"13003","2929淘帝","110/08/18","元富-新竹",5,0,5
"13004","2929淘帝","110/08/18","港商野村",5,9,-4
"13005","2929淘帝","110/08/18","富邦-新店",5,0,5
"13006","2929淘帝","110/08/18","(牛牛牛)亞-鑫豐",0,4,-4
"13007","2929淘帝","110/08/18","凱基-豐中",4,0,4
"13008","2929淘帝","110/08/18","群益金鼎-潭子",0,4,-4
"13009","2929淘帝","110/08/18","永豐金-竹北",4,0,4
"13010","2929淘帝","110/08/18","亞東",0,3,-3
"13011","2929淘帝","110/08/18","亞東-板橋",4,1,3
"13012","2929淘帝","110/08/18","台新-高雄",0,3,-3
"13013","2929淘帝","110/08/18","中國信託-中壢",3,0,3
"13014","2929淘帝","110/08/18","國泰-板橋",0,3,-3
"13015","2929淘帝","110/08/18","凱基-中山",7,4,3
"13016","2929淘帝","110/08/18","元大-土城學府",0,3,-3
"13017","2929淘帝","110/08/18","富邦-陽明",5,2,3
"13018","2929淘帝","110/08/18","元大-楊梅",0,3,-3
"13019","2929淘帝","110/08/18","臺銀-鳳山",2,0,2
"13020","2929淘帝","110/08/18","日盛-高雄",0,2,-2
"13021","5410國眾","110/08/18","元大-中壢",31,0,31
"13022","5410國眾","110/08/18","凱基-台北",3,57,-54
"13023","5410國眾","110/08/18","康和-台北",10,0,10
"13024","5410國眾","110/08/18","台灣企銀-北高雄",0,20,-20
"13025","5410國眾","110/08/18","土銀-嘉義",9,0,9
"13026","5410國眾","110/08/18","摩根大通",5,22,-17
"13027","5410國眾","110/08/18","凱基-中山",8,0,8
"13028","5410國眾","110/08/18","臺銀-臺南",1,16,-15
"13029","5410國眾","110/08/18","凱基-彰化",7,0,7
"13030","5410國眾","110/08/18","大昌-樹林",5,20,-15
"13031","5410國眾","110/08/18","永豐金-員林",8,1,7
"13032","5410國眾","110/08/18","宏遠-民生",0,10,-10
"13033","5410國眾","110/08/18","玉山-城中",6,0,6
"13034","5410國眾","110/08/18","兆豐-高雄",0,10,-10
"13035","5410國眾","110/08/18","富邦-員林",6,0,6
"13036","5410國眾","110/08/18","富邦-仁愛",1,10,-9
"13037","5410國眾","110/08/18","元大-崇德",6,0,6
"13038","5410國眾","110/08/18","元大-土城學府",2,11,-9
"13039","5410國眾","110/08/18","永豐金-敦南",6,0,6
"13040","5410國眾","110/08/18","元大-豐原",0,7,-7
"13041","5410國眾","110/08/18","國泰-敦南",5,0,5
"13042","5410國眾","110/08/18","台新-高雄",0,6,-6
"13043","5410國眾","110/08/18","凱基-科園",5,0,5
"13044","5410國眾","110/08/18","元大-大里",0,6,-6
"13045","5410國眾","110/08/18","元大-博愛",5,0,5
"13046","5410國眾","110/08/18","永豐金-復興",0,6,-6
"13047","5410國眾","110/08/18","元大-新盛",5,0,5
"13048","5410國眾","110/08/18","元大-大天母",0,5,-5
"13049","5410國眾","110/08/18","國泰-松江",4,0,4
"13050","5410國眾","110/08/18","永豐金-板新",0,5,-5
"13051","2841台開","110/08/18","宏遠-館前",479,0,479
"13052","2841台開","110/08/18","兆豐-鹿港",0,200,-200
"13053","2841台開","110/08/18","第一金",46,0,46
"13054","2841台開","110/08/18","兆豐-台南",0,120,-120
"13055","2841台開","110/08/18","凱基-竹科",25,0,25
"13056","2841台開","110/08/18","摩根大通",0,100,-100
"13057","2841台開","110/08/18","合庫證券",24,0,24
"13058","2841台開","110/08/18","日盛-信義",0,69,-69
"13059","2841台開","110/08/18","第一金-台中",20,0,20
"13060","2841台開","110/08/18","玉山-高雄",0,51,-51
"13061","2841台開","110/08/18","富邦-板橋",24,5,19
"13062","2841台開","110/08/18","台新證券",5,40,-35
"13063","2841台開","110/08/18","永豐金-中盛",16,0,16
"13064","2841台開","110/08/18","華南永昌-鳳山",0,30,-30
"13065","2841台開","110/08/18","統一-新台中",15,0,15
"13066","2841台開","110/08/18","中國信託-嘉義",0,24,-24
"13067","2841台開","110/08/18","統一-士林",20,5,15
"13068","2841台開","110/08/18","元大-竹山",0,21,-21
"13069","2841台開","110/08/18","華南永昌-台中",14,0,14
"13070","2841台開","110/08/18","凱基-高美館",0,20,-20
"13071","2841台開","110/08/18","元大-彰化",20,7,13
"13072","2841台開","110/08/18","華南永昌-高雄",5,25,-20
"13073","2841台開","110/08/18","元大-六合",13,0,13
"13074","2841台開","110/08/18","元大-嘉義",0,20,-20
"13075","2841台開","110/08/18","兆豐-台中",10,0,10
"13076","2841台開","110/08/18","兆豐-天母",0,10,-10
"13077","2841台開","110/08/18","玉山-桃園",10,0,10
"13078","2841台開","110/08/18","群益金鼎-敦南",0,10,-10
"13079","2841台開","110/08/18","元大-台南",10,0,10
"13080","2841台開","110/08/18","元大-北三重",0,10,-10
"13081","6207雷科","110/08/18","凱基-台北",77,2,75
"13082","6207雷科","110/08/18","元大-高雄",0,106,-106
"13083","6207雷科","110/08/18","摩根大通",94,60,34
"13084","6207雷科","110/08/18","凱基-高雄",4,34,-30
"13085","6207雷科","110/08/18","港商野村",48,17,31
"13086","6207雷科","110/08/18","凱基-復興",0,30,-30
"13087","6207雷科","110/08/18","兆豐-南京",30,0,30
"13088","6207雷科","110/08/18","日盛證券",0,29,-29
"13089","6207雷科","110/08/18","元大-六合",30,0,30
"13090","6207雷科","110/08/18","凱基-敦北",1,28,-27
"13091","6207雷科","110/08/18","新加坡商瑞銀",66,40,26
"13092","6207雷科","110/08/18","群益金鼎-東門",0,16,-16
"13093","6207雷科","110/08/18","台新-高雄",21,0,21
"13094","6207雷科","110/08/18","元大-天母",0,11,-11
"13095","6207雷科","110/08/18","光和-和美",17,0,17
"13096","6207雷科","110/08/18","美商高盛",4,13,-9
"13097","6207雷科","110/08/18","凱基-三重",13,0,13
"13098","6207雷科","110/08/18","新光",0,8,-8
"13099","6207雷科","110/08/18","元富-安南",10,0,10
"13100","6207雷科","110/08/18","永豐金-忠孝",0,8,-8
"13101","6207雷科","110/08/18","元大-東門",9,0,9
"13102","6207雷科","110/08/18","合庫證券",0,7,-7
"13103","6207雷科","110/08/18","第一金-華江",8,2,6
"13104","6207雷科","110/08/18","康和-台中",0,6,-6
"13105","6207雷科","110/08/18","永豐金-高雄",6,0,6
"13106","6207雷科","110/08/18","元大-大天母",0,6,-6
"13107","6207雷科","110/08/18","玉山-台大",5,0,5
"13108","6207雷科","110/08/18","統一-三多",0,5,-5
"13109","6207雷科","110/08/18","凱基-岡山",5,0,5
"13110","6207雷科","110/08/18","中國信託-忠孝",0,5,-5
"13111","3679新至陞","110/08/18","摩根大通",52,6,46
"13112","3679新至陞","110/08/18","統一-三重",0,21,-21
"13113","3679新至陞","110/08/18","凱基-台北",46,13,33
"13114","3679新至陞","110/08/18","元大-北成功",0,19,-19
"13115","3679新至陞","110/08/18","台灣摩根士丹利",31,0,31
"13116","3679新至陞","110/08/18","華南永昌-大安",0,18,-18
"13117","3679新至陞","110/08/18","瑞士信貸",26,1,25
"13118","3679新至陞","110/08/18","台新證券",0,14,-14
"13119","3679新至陞","110/08/18","美林",23,5,18
"13120","3679新至陞","110/08/18","萬泰",0,12,-12
"13121","3679新至陞","110/08/18","元大-文心興安",15,0,15
"13122","3679新至陞","110/08/18","大慶-苗栗",0,10,-10
"13123","3679新至陞","110/08/18","(牛牛牛)亞-網路",8,0,8
"13124","3679新至陞","110/08/18","元大-成功",0,10,-10
"13125","3679新至陞","110/08/18","永豐金-板橋",5,0,5
"13126","3679新至陞","110/08/18","富邦-嘉義",0,8,-8
"13127","3679新至陞","110/08/18","美商高盛",3,0,3
"13128","3679新至陞","110/08/18","凱基-長庚",0,7,-7
"13129","3679新至陞","110/08/18","兆豐-公益",3,0,3
"13130","3679新至陞","110/08/18","凱基-文心",0,6,-6
"13131","3679新至陞","110/08/18","聯邦-三重",3,0,3
"13132","3679新至陞","110/08/18","統一",0,5,-5
"13133","3679新至陞","110/08/18","土銀-台中",2,0,2
"13134","3679新至陞","110/08/18","元大-敦化",0,4,-4
"13135","3679新至陞","110/08/18","土銀-新竹",2,0,2
"13136","3679新至陞","110/08/18","日盛-文化",1,4,-3
"13137","3679新至陞","110/08/18","國泰-高雄",2,0,2
"13138","3679新至陞","110/08/18","彰銀",0,3,-3
"13139","3679新至陞","110/08/18","土銀-士林",1,0,1
"13140","3679新至陞","110/08/18","元富-大昌",0,3,-3
"13141","2727王品","110/08/18","凱基-台北",94,29,65
"13142","2727王品","110/08/18","港商麥格理",0,65,-65
"13143","2727王品","110/08/18","摩根大通",42,13,29
"13144","2727王品","110/08/18","華南永昌",1,39,-38
"13145","2727王品","110/08/18","彰銀-台中",27,0,27
"13146","2727王品","110/08/18","元富-板橋",1,16,-15
"13147","2727王品","110/08/18","瑞士信貸",18,3,15
"13148","2727王品","110/08/18","港商野村",66,79,-13
"13149","2727王品","110/08/18","凱基-埔墘",10,0,10
"13150","2727王品","110/08/18","第一金-桃園",0,11,-11
"13151","2727王品","110/08/18","富邦-建國",13,3,10
"13152","2727王品","110/08/18","元大-汐止",0,11,-11
"13153","2727王品","110/08/18","元大-學甲",10,0,10
"13154","2727王品","110/08/18","凱基-三峽",0,10,-10
"13155","2727王品","110/08/18","國泰-台中",28,19,9
"13156","2727王品","110/08/18","凱基-板橋",3,12,-9
"13157","2727王品","110/08/18","凱基-高美館",7,0,7
"13158","2727王品","110/08/18","凱基-林口",5,14,-9
"13159","2727王品","110/08/18","凱基-竹北",9,2,7
"13160","2727王品","110/08/18","富邦-中壢",2,11,-9
"13161","2727王品","110/08/18","元大-四維",7,0,7
"13162","2727王品","110/08/18","福勝",0,8,-8
"13163","2727王品","110/08/18","元大-敦南",8,1,7
"13164","2727王品","110/08/18","國泰-敦南",4,12,-8
"13165","2727王品","110/08/18","統一",19,13,6
"13166","2727王品","110/08/18","台新-三民",1,8,-7
"13167","2727王品","110/08/18","日盛-屏東",5,0,5
"13168","2727王品","110/08/18","華南永昌-林口",0,7,-7
"13169","2727王品","110/08/18","國泰-館前",6,1,5
"13170","2727王品","110/08/18","永豐金-內湖",0,7,-7
"13171","1570力肯","110/08/18","凱基-台北",129,5,124
"13172","1570力肯","110/08/18","華南永昌-桃園",0,102,-102
"13173","1570力肯","110/08/18","香港上海匯豐",36,0,36
"13174","1570力肯","110/08/18","中國信託-高雄",0,49,-49
"13175","1570力肯","110/08/18","統一",30,0,30
"13176","1570力肯","110/08/18","元富-世貿",0,20,-20
"13177","1570力肯","110/08/18","群益金鼎-北高雄",27,0,27
"13178","1570力肯","110/08/18","國泰證券",0,20,-20
"13179","1570力肯","110/08/18","國票-北高雄",21,3,18
"13180","1570力肯","110/08/18","元大-屏南",0,15,-15
"13181","1570力肯","110/08/18","元大-南投",20,4,16
"13182","1570力肯","110/08/18","元大-和平",5,20,-15
"13183","1570力肯","110/08/18","新光-台南",15,0,15
"13184","1570力肯","110/08/18","元大-基隆",0,12,-12
"13185","1570力肯","110/08/18","富邦-高雄",15,0,15
"13186","1570力肯","110/08/18","玉山-台中",0,10,-10
"13187","1570力肯","110/08/18","華南永昌-嘉義",12,0,12
"13188","1570力肯","110/08/18","元大-苗栗",0,10,-10
"13189","1570力肯","110/08/18","富邦-花蓮",10,0,10
"13190","1570力肯","110/08/18","元大-草屯",0,10,-10
"13191","1570力肯","110/08/18","元富-新店",10,2,8
"13192","1570力肯","110/08/18","富邦-彰化",0,8,-8
"13193","1570力肯","110/08/18","富邦-台東",12,4,8
"13194","1570力肯","110/08/18","日盛-嘉義",0,7,-7
"13195","1570力肯","110/08/18","日盛-高雄",7,0,7
"13196","1570力肯","110/08/18","永豐金-桃園",3,10,-7
"13197","1570力肯","110/08/18","元大-羅東",7,0,7
"13198","1570力肯","110/08/18","大昌-安康",0,6,-6
"13199","1570力肯","110/08/18","大慶-蘆洲",9,3,6
"13200","1570力肯","110/08/18","國票-和平",0,6,-6
"13201","6180橘子","110/08/18","美林",40,0,40
"13202","6180橘子","110/08/18","香港上海匯豐",0,102,-102
"13203","6180橘子","110/08/18","新加坡商瑞銀",23,1,22
"13204","6180橘子","110/08/18","台灣摩根士丹利",2,73,-71
"13205","6180橘子","110/08/18","凱基-基隆",18,2,16
"13206","6180橘子","110/08/18","美商高盛",1,31,-30
"13207","6180橘子","110/08/18","華南永昌-虎尾",15,0,15
"13208","6180橘子","110/08/18","凱基-市政",1,25,-24
"13209","6180橘子","110/08/18","元富-城東",14,1,13
"13210","6180橘子","110/08/18","日盛-板橋",1,20,-19
"13211","6180橘子","110/08/18","富邦-台北",16,3,13
"13212","6180橘子","110/08/18","新光-高雄",1,14,-13
"13213","6180橘子","110/08/18","富邦-中壢",11,2,9
"13214","6180橘子","110/08/18","凱基-東門",2,15,-13
"13215","6180橘子","110/08/18","富邦-宜蘭",9,0,9
"13216","6180橘子","110/08/18","元大-基隆孝二",0,12,-12
"13217","6180橘子","110/08/18","元大-前金",10,1,9
"13218","6180橘子","110/08/18","兆豐-三重",0,11,-11
"13219","6180橘子","110/08/18","中國信託",8,0,8
"13220","6180橘子","110/08/18","日盛證券",0,10,-10
"13221","6180橘子","110/08/18","元大-中壢",12,4,8
"13222","6180橘子","110/08/18","摩根大通",80,89,-9
"13223","6180橘子","110/08/18","凱基-大直",7,0,7
"13224","6180橘子","110/08/18","新光",9,18,-9
"13225","6180橘子","110/08/18","元大證券",9,2,7
"13226","6180橘子","110/08/18","富邦-南屯",0,9,-9
"13227","6180橘子","110/08/18","大慶-楊梅",6,0,6
"13228","6180橘子","110/08/18","元大-板橋三民",0,9,-9
"13229","6180橘子","110/08/18","華南永昌",7,1,6
"13230","6180橘子","110/08/18","元大-桃園",2,11,-9
"13231","2390云辰","110/08/18","兆豐-公益",192,31,161
"13232","2390云辰","110/08/18","摩根大通",1314,1582,-268
"13233","2390云辰","110/08/18","元大-土城學府",406,260,146
"13234","2390云辰","110/08/18","凱基-台北",727,962,-235
"13235","2390云辰","110/08/18","群益金鼎-敦南",106,4,102
"13236","2390云辰","110/08/18","國泰-桃園",53,264,-211
"13237","2390云辰","110/08/18","元大-竹科",136,36,100
"13238","2390云辰","110/08/18","富邦-內湖",0,201,-201
"13239","2390云辰","110/08/18","元大-館前",151,52,99
"13240","2390云辰","110/08/18","元大-復北",5,193,-188
"13241","2390云辰","110/08/18","日盛-園區",128,46,82
"13242","2390云辰","110/08/18","凱基-民權",2,160,-158
"13243","2390云辰","110/08/18","元大-東泰",84,9,75
"13244","2390云辰","110/08/18","國票-安和",98,231,-133
"13245","2390云辰","110/08/18","福勝",68,8,60
"13246","2390云辰","110/08/18","新加坡商瑞銀",102,225,-123
"13247","2390云辰","110/08/18","宏遠-光隆",73,14,59
"13248","2390云辰","110/08/18","港商野村",1128,1238,-110
"13249","2390云辰","110/08/18","元富",66,10,56
"13250","2390云辰","110/08/18","台灣摩根士丹利",3,100,-97
"13251","2390云辰","110/08/18","華南永昌-合泰",54,1,53
"13252","2390云辰","110/08/18","永豐金-嘉義",4,97,-93
"13253","2390云辰","110/08/18","凱基-中港",60,9,51
"13254","2390云辰","110/08/18","統一-城中",57,147,-90
"13255","2390云辰","110/08/18","第一金-忠孝",54,5,49
"13256","2390云辰","110/08/18","富邦-彰化",47,128,-81
"13257","2390云辰","110/08/18","統一-新台中",140,91,49
"13258","2390云辰","110/08/18","美林",341,412,-71
"13259","2390云辰","110/08/18","群益金鼎-台中",53,6,47
"13260","2390云辰","110/08/18","新光",312,382,-70
"13261","2609陽明","110/08/17","兆豐-中壢",5227,708,4519
"13262","2609陽明","110/08/17","康和",48,4865,-4817
"13263","2609陽明","110/08/17","凱基-台北",5969,1780,4189
"13264","2609陽明","110/08/17","永豐金-信義",84,2643,-2559
"13265","2609陽明","110/08/17","兆豐-三民",2114,136,1978
"13266","2609陽明","110/08/17","凱基-虎尾",487,2286,-1799
"13267","2609陽明","110/08/17","兆豐-復興",3638,1682,1956
"13268","2609陽明","110/08/17","港商野村",1127,2155,-1028
"13269","2609陽明","110/08/17","台灣摩根士丹利",2505,858,1647
"13270","2609陽明","110/08/17","兆豐-虎尾",1846,2756,-910
"13271","2609陽明","110/08/17","日盛-板橋",1734,262,1472
"13272","2609陽明","110/08/17","富邦-嘉義",7219,8100,-881
"13273","2609陽明","110/08/17","美林",3468,2882,586
"13274","2609陽明","110/08/17","元大-頭份",78,810,-732
"13275","2609陽明","110/08/17","香港上海匯豐",593,100,493
"13276","2609陽明","110/08/17","摩根大通",1422,2133,-711
"13277","2609陽明","110/08/17","統一-土城",366,14,352
"13278","2609陽明","110/08/17","元大-永春",281,971,-690
"13279","2609陽明","110/08/17","統一-敦南",899,577,322
"13280","2609陽明","110/08/17","宏遠證券",948,1614,-666
"13281","2609陽明","110/08/17","富邦-桃園",413,123,290
"13282","2609陽明","110/08/17","凱基-竹東",20,668,-648
"13283","2609陽明","110/08/17","日盛-中壢",537,256,281
"13284","2609陽明","110/08/17","元大證券",1377,2001,-624
"13285","2609陽明","110/08/17","兆豐-板橋",545,318,227
"13286","2609陽明","110/08/17","元富-新店",74,549,-475
"13287","2609陽明","110/08/17","凱基-桃園",367,142,225
"13288","2609陽明","110/08/17","華南永昌-楠梓",73,486,-413
"13289","2609陽明","110/08/17","統一-城中",390,169,221
"13290","2609陽明","110/08/17","臺銀",286,681,-395
"13291","2636台驊投控","110/08/17","元富-文心",272,9,263
"13292","2636台驊投控","110/08/17","凱基-彰化",0,689,-689
"13293","2636台驊投控","110/08/17","日盛-大墩",185,19,166
"13294","2636台驊投控","110/08/17","摩根大通",347,761,-414
"13295","2636台驊投控","110/08/17","第一金-桃園",147,26,121
"13296","2636台驊投控","110/08/17","富邦-花蓮",106,366,-260
"13297","2636台驊投控","110/08/17","元富-大昌",84,15,69
"13298","2636台驊投控","110/08/17","凱基-台北",395,566,-171
"13299","2636台驊投控","110/08/17","新光",258,192,66
"13300","2636台驊投控","110/08/17","大慶",15,175,-160
"13301","2636台驊投控","110/08/17","統一-新台中",64,4,60
"13302","2636台驊投控","110/08/17","統一",111,247,-136
"13303","2636台驊投控","110/08/17","華南永昌-竹北",308,252,56
"13304","2636台驊投控","110/08/17","富邦證券",0,134,-134
"13305","2636台驊投控","110/08/17","日盛-木柵",60,8,52
"13306","2636台驊投控","110/08/17","富邦-虎尾",294,414,-120
"13307","2636台驊投控","110/08/17","國泰-敦南",335,283,52
"13308","2636台驊投控","110/08/17","元大-士林",4,114,-110
"13309","2636台驊投控","110/08/17","美商高盛",96,54,42
"13310","2636台驊投控","110/08/17","美林",320,401,-81
"13311","2636台驊投控","110/08/17","凱基-市政",60,22,38
"13312","2636台驊投控","110/08/17","瑞士信貸",62,134,-72
"13313","2636台驊投控","110/08/17","元大-龍潭",50,13,37
"13314","2636台驊投控","110/08/17","兆豐-東門",70,140,-70
"13315","2636台驊投控","110/08/17","國票-九鼎",50,16,34
"13316","2636台驊投控","110/08/17","凱基-高美館",89,158,-69
"13317","2636台驊投控","110/08/17","元大-東門",37,3,34
"13318","2636台驊投控","110/08/17","日盛證券",103,170,-67
"13319","2636台驊投控","110/08/17","富邦-三重",33,1,32
"13320","2636台驊投控","110/08/17","宏遠-桃園",4,44,-40
"13321","2867三商壽","110/08/17","摩根大通",670,119,551
"13322","2867三商壽","110/08/17","玉山-左營",10,1173,-1163
"13323","2867三商壽","110/08/17","元富-世貿",288,0,288
"13324","2867三商壽","110/08/17","華南永昌",50,736,-686
"13325","2867三商壽","110/08/17","日盛-中和",276,10,266
"13326","2867三商壽","110/08/17","台灣摩根士丹利",37,195,-158
"13327","2867三商壽","110/08/17","新光-台中",243,7,236
"13328","2867三商壽","110/08/17","兆豐-北高雄",0,135,-135
"13329","2867三商壽","110/08/17","台新-台中",198,1,197
"13330","2867三商壽","110/08/17","宏遠證券",9,141,-132
"13331","2867三商壽","110/08/17","華南永昌-長虹",136,0,136
"13332","2867三商壽","110/08/17","永豐金-市政",0,115,-115
"13333","2867三商壽","110/08/17","美林",137,2,135
"13334","2867三商壽","110/08/17","兆豐-新竹",0,113,-113
"13335","2867三商壽","110/08/17","元大-土城永寧",100,1,99
"13336","2867三商壽","110/08/17","永豐金證券",0,82,-82
"13337","2867三商壽","110/08/17","國泰-台中",99,2,97
"13338","2867三商壽","110/08/17","元大-彰化民生",0,80,-80
"13339","2867三商壽","110/08/17","元富-古亭",100,4,96
"13340","2867三商壽","110/08/17","永豐金-中盛",4,77,-73
"13341","2867三商壽","110/08/17","合庫-西台中",80,0,80
"13342","2867三商壽","110/08/17","元富",0,70,-70
"13343","2867三商壽","110/08/17","新加坡商瑞銀",83,4,79
"13344","2867三商壽","110/08/17","宏遠-中和",10,57,-47
"13345","2867三商壽","110/08/17","永豐金-埔里",64,5,59
"13346","2867三商壽","110/08/17","富邦-嘉義",4,50,-46
"13347","2867三商壽","110/08/17","元富-緯城",50,0,50
"13348","2867三商壽","110/08/17","第一金-華江",0,30,-30
"13349","2867三商壽","110/08/17","台新-建北",49,0,49
"13350","2867三商壽","110/08/17","台新證券",2,32,-30
"13351","5521工信","110/08/17","元大-沙鹿",60,0,60
"13352","5521工信","110/08/17","摩根大通",75,227,-152
"13353","5521工信","110/08/17","群益金鼎-萬華",46,0,46
"13354","5521工信","110/08/17","凱基-台北",5,68,-63
"13355","5521工信","110/08/17","台新證券",37,1,36
"13356","5521工信","110/08/17","群益金鼎-敦南",0,60,-60
"13357","5521工信","110/08/17","華南永昌-竹北",31,0,31
"13358","5521工信","110/08/17","台灣摩根士丹利",5,64,-59
"13359","5521工信","110/08/17","元大-北投",30,0,30
"13360","5521工信","110/08/17","元富-古亭",0,40,-40
"13361","5521工信","110/08/17","元富-屏東",24,0,24
"13362","5521工信","110/08/17","台灣企銀-嘉義",0,35,-35
"13363","5521工信","110/08/17","富邦-台北",23,0,23
"13364","5521工信","110/08/17","美林",5,37,-32
"13365","5521工信","110/08/17","元大-屏南",23,0,23
"13366","5521工信","110/08/17","華南永昌",0,27,-27
"13367","5521工信","110/08/17","國泰-敦南",40,18,22
"13368","5521工信","110/08/17","華南永昌-潮州",0,25,-25
"13369","5521工信","110/08/17","兆豐-中壢",20,0,20
"13370","5521工信","110/08/17","台新-高雄",0,24,-24
"13371","5521工信","110/08/17","新光-台南",20,0,20
"13372","5521工信","110/08/17","大慶-楊梅",0,22,-22
"13373","5521工信","110/08/17","臺銀-鳳山",19,0,19
"13374","5521工信","110/08/17","凱基-桃園",0,20,-20
"13375","5521工信","110/08/17","日進",18,0,18
"13376","5521工信","110/08/17","元大-東蘆",0,20,-20
"13377","5521工信","110/08/17","永豐金-鳳山",17,0,17
"13378","5521工信","110/08/17","第一金-桃園",0,18,-18
"13379","5521工信","110/08/17","玉山證券",14,0,14
"13380","5521工信","110/08/17","新光-新竹",3,20,-17
"13381","1471首利","110/08/17","摩根大通",110,14,96
"13382","1471首利","110/08/17","元大-台南",0,54,-54
"13383","1471首利","110/08/17","臺銀-臺中",40,0,40
"13384","1471首利","110/08/17","高橋-龍潭",0,50,-50
"13385","1471首利","110/08/17","瑞士信貸",33,0,33
"13386","1471首利","110/08/17","元大-竹南",0,35,-35
"13387","1471首利","110/08/17","凱基-台北",30,6,24
"13388","1471首利","110/08/17","台新證券",1,31,-30
"13389","1471首利","110/08/17","元大-竹山",23,0,23
"13390","1471首利","110/08/17","國泰-敦南",7,33,-26
"13391","1471首利","110/08/17","大慶-蘆洲",14,0,14
"13392","1471首利","110/08/17","元大-西門",0,23,-23
"13393","1471首利","110/08/17","兆豐-員林",13,1,12
"13394","1471首利","110/08/17","元富-埔里",0,20,-20
"13395","1471首利","110/08/17","致和-府前",11,0,11
"13396","1471首利","110/08/17","富邦-台中",0,20,-20
"13397","1471首利","110/08/17","國票-彰化",11,0,11
"13398","1471首利","110/08/17","日茂",0,11,-11
"13399","1471首利","110/08/17","元富-新莊",10,0,10
"13400","1471首利","110/08/17","高橋",0,10,-10
"13401","1471首利","110/08/17","國票",10,0,10
"13402","1471首利","110/08/17","大昌-新店",0,10,-10
"13403","1471首利","110/08/17","富邦-永和",10,0,10
"13404","1471首利","110/08/17","元富-文心",1,10,-9
"13405","1471首利","110/08/17","元大-新莊",10,0,10
"13406","1471首利","110/08/17","凱基-雙和",0,8,-8
"13407","1471首利","110/08/17","元大-鹿港",10,0,10
"13408","1471首利","110/08/17","凱基-屏東",0,8,-8
"13409","1471首利","110/08/17","元大-清水",11,2,9
"13410","1471首利","110/08/17","日盛-永康",0,7,-7
"13411","2883開發金","110/08/17","中國信託-文心",3524,26,3498
"13412","2883開發金","110/08/17","新加坡商瑞銀",513,7792,-7279
"13413","2883開發金","110/08/17","元大證券",1912,297,1615
"13414","2883開發金","110/08/17","亞東-新竹",206,2692,-2486
"13415","2883開發金","110/08/17","摩根大通",4110,2504,1606
"13416","2883開發金","110/08/17","凱基-台北",2263,4277,-2014
"13417","2883開發金","110/08/17","美林",2099,733,1366
"13418","2883開發金","110/08/17","永豐金證券",103,1899,-1796
"13419","2883開發金","110/08/17","日盛證券",2406,1218,1188
"13420","2883開發金","110/08/17","華南永昌-苑裡",13,1229,-1216
"13421","2883開發金","110/08/17","國泰-館前",942,128,814
"13422","2883開發金","110/08/17","統一-新營",39,1202,-1163
"13423","2883開發金","110/08/17","元富-城中",808,6,802
"13424","2883開發金","110/08/17","兆豐-高雄",68,1153,-1085
"13425","2883開發金","110/08/17","港商法國興業",764,0,764
"13426","2883開發金","110/08/17","凱基-斗六",3,812,-809
"13427","2883開發金","110/08/17","元大-南屯",759,75,684
"13428","2883開發金","110/08/17","元大-四維",736,1467,-731
"13429","2883開發金","110/08/17","康和-仁愛",514,10,504
"13430","2883開發金","110/08/17","台新證券",682,1391,-709
"13431","2883開發金","110/08/17","新光",1403,910,493
"13432","2883開發金","110/08/17","凱基-豐中",7,617,-610
"13433","2883開發金","110/08/17","統一-汐止",489,5,484
"13434","2883開發金","110/08/17","土銀-嘉義",10,580,-570
"13435","2883開發金","110/08/17","永豐金-忠孝",650,206,444
"13436","2883開發金","110/08/17","港商麥格理",1131,1682,-551
"13437","2883開發金","110/08/17","港商野村",2803,2361,442
"13438","2883開發金","110/08/17","富邦-陽明",158,680,-522
"13439","2883開發金","110/08/17","元富-大裕",454,22,432
"13440","2883開發金","110/08/17","台灣摩根士丹利",2238,2750,-512
"13441","6205詮欣","110/08/17","日盛-三重",15,0,15
"13442","6205詮欣","110/08/17","元富-松德",0,10,-10
"13443","6205詮欣","110/08/17","臺銀-民權",5,0,5
"13444","6205詮欣","110/08/17","元富-安南",0,8,-8
"13445","6205詮欣","110/08/17","華南永昌-長虹",5,0,5
"13446","6205詮欣","110/08/17","元大-大雅",0,3,-3
"13447","6205詮欣","110/08/17","德信-新營",4,0,4
"13448","6205詮欣","110/08/17","兆豐-南門",0,3,-3
"13449","6205詮欣","110/08/17","凱基-汐止",4,0,4
"13450","6205詮欣","110/08/17","兆豐-南京",0,3,-3
"13451","6205詮欣","110/08/17","富邦-陽明",4,0,4
"13452","6205詮欣","110/08/17","元大-豐原",0,2,-2
"13453","6205詮欣","110/08/17","元大-汐止",4,0,4
"13454","6205詮欣","110/08/17","大昌",0,1,-1
"13455","6205詮欣","110/08/17","華南永昌-古亭",3,0,3
"13456","6205詮欣","110/08/17","永豐金-中正",0,1,-1
"13457","6205詮欣","110/08/17","凱基-台北",1,0,1
"13458","6205詮欣","110/08/17","大昌-安康",0,1,-1
"13459","6205詮欣","110/08/17","元大-鑫永和",1,0,1
"13460","6205詮欣","110/08/17","日盛-台中",0,1,-1
"13461","6205詮欣","110/08/17","統一-士林",0,0,0
"13462","6205詮欣","110/08/17","新百王",0,1,-1
"13463","6205詮欣","110/08/17","統一-南京",0,0,0
"13464","6205詮欣","110/08/17","元富-文心",0,1,-1
"13465","6205詮欣","110/08/17","國泰證券",0,0,0
"13466","6205詮欣","110/08/17","統一",0,1,-1
"13467","6205詮欣","110/08/17","華南永昌-高雄",0,0,0
"13468","6205詮欣","110/08/17","第一金-中壢",0,1,-1
"13469","6205詮欣","110/08/17","永豐金-中和",1,1,0
"13470","6205詮欣","110/08/17","大慶-基隆",0,1,-1
"13471","1540喬福","110/08/17","元大-松山",20,0,20
"13472","1540喬福","110/08/17","群益金鼎-館前",0,31,-31
"13473","1540喬福","110/08/17","凱基-中壢",17,0,17
"13474","1540喬福","110/08/17","日盛-文化",0,30,-30
"13475","1540喬福","110/08/17","元大-左營",11,0,11
"13476","1540喬福","110/08/17","兆豐-民生",0,17,-17
"13477","1540喬福","110/08/17","元富-文心",10,0,10
"13478","1540喬福","110/08/17","凱基-台北",0,5,-5
"13479","1540喬福","110/08/17","元大-土城永寧",10,0,10
"13480","1540喬福","110/08/17","國票-台中",0,3,-3
"13481","1540喬福","110/08/17","元大-成功",10,0,10
"13482","1540喬福","110/08/17","元大-大益",0,3,-3
"13483","1540喬福","110/08/17","富邦-板橋",6,0,6
"13484","1540喬福","110/08/17","致和-南京",0,2,-2
"13485","1540喬福","110/08/17","新光",4,0,4
"13486","1540喬福","110/08/17","國泰-館前",0,2,-2
"13487","1540喬福","110/08/17","亞東",2,0,2
"13488","1540喬福","110/08/17","富邦-陽明",0,2,-2
"13489","1540喬福","110/08/17","群益金鼎-新店",2,0,2
"13490","1540喬福","110/08/17","元大-龍潭",0,2,-2
"13491","1540喬福","110/08/17","日盛-員林",1,0,1
"13492","1540喬福","110/08/17","日盛-台中",0,1,-1
"13493","1540喬福","110/08/17","日盛-鳳山",1,0,1
"13494","1540喬福","110/08/17","美林",0,1,-1
"13495","1540喬福","110/08/17","統一-屏東",1,0,1
"13496","1540喬福","110/08/17","第一金-高雄",0,1,-1
"13497","1540喬福","110/08/17","元富-大昌",1,0,1
"13498","1540喬福","110/08/17","元富",1,2,-1
"13499","1540喬福","110/08/17","台新-高雄",1,0,1
"13500","1540喬福","110/08/17","新光-新竹",0,1,-1
"13501","2888新光金","110/08/17","華南永昌-岡山",6623,36,6587
"13502","2888新光金","110/08/17","元富-城東",11,13997,-13986
"13503","2888新光金","110/08/17","元大-忠孝鼎富",4976,0,4976
"13504","2888新光金","110/08/17","永豐金證券",19,2260,-2241
"13505","2888新光金","110/08/17","永豐金-萬盛",3955,15,3940
"13506","2888新光金","110/08/17","國票-博愛",0,2051,-2051
"13507","2888新光金","110/08/17","摩根大通",3699,247,3452
"13508","2888新光金","110/08/17","群益金鼎",0,1836,-1836
"13509","2888新光金","110/08/17","瑞士信貸",3064,605,2459
"13510","2888新光金","110/08/17","華南永昌",10,1624,-1614
"13511","2888新光金","110/08/17","凱基-大安",2179,2,2177
"13512","2888新光金","110/08/17","元大-大同",0,714,-714
"13513","2888新光金","110/08/17","國票-台東",1935,23,1912
"13514","2888新光金","110/08/17","安泰",0,598,-598
"13515","2888新光金","110/08/17","永豐金-信義",1497,5,1492
"13516","2888新光金","110/08/17","大昌",3,555,-552
"13517","2888新光金","110/08/17","國票-北投",1304,0,1304
"13518","2888新光金","110/08/17","福勝",3,510,-507
"13519","2888新光金","110/08/17","兆豐-松德",1251,0,1251
"13520","2888新光金","110/08/17","元大-太平",20,525,-505
"13521","2888新光金","110/08/17","花旗環球",1101,147,954
"13522","2888新光金","110/08/17","中國信託-三重",0,503,-503
"13523","2888新光金","110/08/17","港商法國興業",1031,180,851
"13524","2888新光金","110/08/17","台灣摩根士丹利",1136,1627,-491
"13525","2888新光金","110/08/17","凱基-站前",788,13,775
"13526","2888新光金","110/08/17","美林",141,604,-463
"13527","2888新光金","110/08/17","台灣匯立證券",763,0,763
"13528","2888新光金","110/08/17","群益金鼎-土城",0,415,-415
"13529","2888新光金","110/08/17","群益金鼎-崇德",735,3,732
"13530","2888新光金","110/08/17","凱基-台北",632,1033,-401
"13531","1340勝悅","110/08/17","國泰-台中",12,0,12
"13532","1340勝悅","110/08/17","永豐金-潮州",0,20,-20
"13533","1340勝悅","110/08/17","新光-新竹",10,0,10
"13534","1340勝悅","110/08/17","臺灣企銀-桃園",0,10,-10
"13535","1340勝悅","110/08/17","元富-成功",8,0,8
"13536","1340勝悅","110/08/17","瑞士信貸",0,6,-6
"13537","1340勝悅","110/08/17","臺灣企銀-埔墘",5,0,5
"13538","1340勝悅","110/08/17","玉山-桃園",0,5,-5
"13539","1340勝悅","110/08/17","華南永昌-敦南",5,0,5
"13540","1340勝悅","110/08/17","華南永昌-虎尾",0,5,-5
"13541","1340勝悅","110/08/17","富邦-新店",11,6,5
"13542","1340勝悅","110/08/17","永豐金-博愛",0,5,-5
"13543","1340勝悅","110/08/17","美商高盛",4,0,4
"13544","1340勝悅","110/08/17","日盛-永康",0,4,-4
"13545","1340勝悅","110/08/17","新光-桃園",3,0,3
"13546","1340勝悅","110/08/17","元富-世貿",0,4,-4
"13547","1340勝悅","110/08/17","日盛-八德",2,0,2
"13548","1340勝悅","110/08/17","摩根大通",2,6,-4
"13549","1340勝悅","110/08/17","凱基-基隆",2,0,2
"13550","1340勝悅","110/08/17","玉山-新莊",0,3,-3
"13551","1340勝悅","110/08/17","元大-松江",2,0,2
"13552","1340勝悅","110/08/17","國泰-敦南",5,8,-3
"13553","1340勝悅","110/08/17","元大-崇德",2,0,2
"13554","1340勝悅","110/08/17","富邦-桃園",0,3,-3
"13555","1340勝悅","110/08/17","國泰-館前",1,0,1
"13556","1340勝悅","110/08/17","元大-和平",0,3,-3
"13557","1340勝悅","110/08/17","群益金鼎-民權",1,0,1
"13558","1340勝悅","110/08/17","永豐金-南投",0,3,-3
"13559","1340勝悅","110/08/17","華南永昌-大安",1,0,1
"13560","1340勝悅","110/08/17","富邦-羅東",2,4,-2
"13561","6246臺龍","110/08/17","台新-三民",90,0,90
"13562","6246臺龍","110/08/17","日盛證券",0,52,-52
"13563","6246臺龍","110/08/17","港商野村",63,28,35
"13564","6246臺龍","110/08/17","凱基-幸福",0,10,-10
"13565","6246臺龍","110/08/17","台新證券",20,0,20
"13566","6246臺龍","110/08/17","元富-新店",0,9,-9
"13567","6246臺龍","110/08/17","凱基-信義",7,0,7
"13568","6246臺龍","110/08/17","凱基-科園",0,8,-8
"13569","6246臺龍","110/08/17","凱基-站前",5,0,5
"13570","6246臺龍","110/08/17","元富-世貿",0,7,-7
"13571","6246臺龍","110/08/17","合庫-嘉義",5,1,4
"13572","6246臺龍","110/08/17","兆豐-公益",0,7,-7
"13573","6246臺龍","110/08/17","元大-林園",10,6,4
"13574","6246臺龍","110/08/17","元大-東蘆",0,7,-7
"13575","6246臺龍","110/08/17","元大-永康",4,0,4
"13576","6246臺龍","110/08/17","群益金鼎-嘉義",0,6,-6
"13577","6246臺龍","110/08/17","元大-基隆孝二",4,0,4
"13578","6246臺龍","110/08/17","華南永昌-頭份",0,6,-6
"13579","6246臺龍","110/08/17","日盛-斗六",3,0,3
"13580","6246臺龍","110/08/17","元大-北港",0,5,-5
"13581","6246臺龍","110/08/17","永全",3,0,3
"13582","6246臺龍","110/08/17","日盛-和美",0,4,-4
"13583","6246臺龍","110/08/17","兆豐-景美",3,0,3
"13584","6246臺龍","110/08/17","國泰-敦南",1,5,-4
"13585","6246臺龍","110/08/17","台新-台中",3,0,3
"13586","6246臺龍","110/08/17","群益金鼎-新竹",0,4,-4
"13587","6246臺龍","110/08/17","元大-雙和",3,0,3
"13588","6246臺龍","110/08/17","凱基-台北",0,4,-4
"13589","6246臺龍","110/08/17","土銀",2,0,2
"13590","6246臺龍","110/08/17","元大-府城",0,4,-4
"13591","00715L期街口布蘭特正2","110/08/17","華南永昌-長虹",860,0,860
"13592","00715L期街口布蘭特正2","110/08/17","元大證券",78,4339,-4261
"13593","00715L期街口布蘭特正2","110/08/17","永豐金-台中",823,20,803
"13594","00715L期街口布蘭特正2","110/08/17","元富",2,3940,-3938
"13595","00715L期街口布蘭特正2","110/08/17","日盛-和美",595,0,595
"13596","00715L期街口布蘭特正2","110/08/17","永豐金證券",41,1048,-1007
"13597","00715L期街口布蘭特正2","110/08/17","第一金-豐原",420,0,420
"13598","00715L期街口布蘭特正2","110/08/17","統一-桃園",5,850,-845
"13599","00715L期街口布蘭特正2","110/08/17","元大-前金",419,0,419
"13600","00715L期街口布蘭特正2","110/08/17","富邦證券",258,1081,-823
"13601","00715L期街口布蘭特正2","110/08/17","華南永昌-台中",419,5,414
"13602","00715L期街口布蘭特正2","110/08/17","元大-台中",9,534,-525
"13603","00715L期街口布蘭特正2","110/08/17","元大-北三重",403,0,403
"13604","00715L期街口布蘭特正2","110/08/17","合庫-高雄",10,310,-300
"13605","00715L期街口布蘭特正2","110/08/17","日盛-新莊",375,0,375
"13606","00715L期街口布蘭特正2","110/08/17","港商野村",1,240,-239
"13607","00715L期街口布蘭特正2","110/08/17","富邦-基隆",310,0,310
"13608","00715L期街口布蘭特正2","110/08/17","群益金鼎-民權",2,208,-206
"13609","00715L期街口布蘭特正2","110/08/17","臺銀-新竹",311,10,301
"13610","00715L期街口布蘭特正2","110/08/17","元大-大里德芳",1,200,-199
"13611","00715L期街口布蘭特正2","110/08/17","元富-中港",300,0,300
"13612","00715L期街口布蘭特正2","110/08/17","元大-中和",1,187,-186
"13613","00715L期街口布蘭特正2","110/08/17","新光",368,82,286
"13614","00715L期街口布蘭特正2","110/08/17","康和",0,133,-133
"13615","00715L期街口布蘭特正2","110/08/17","中國信託-新竹",263,0,263
"13616","00715L期街口布蘭特正2","110/08/17","永豐金-板新",25,150,-125
"13617","00715L期街口布蘭特正2","110/08/17","台中銀",253,0,253
"13618","00715L期街口布蘭特正2","110/08/17","兆豐-桃鶯",6,110,-104
"13619","00715L期街口布蘭特正2","110/08/17","統一-台中",230,0,230
"13620","00715L期街口布蘭特正2","110/08/17","凱基-大直",2,100,-98
"13621","8941關中","110/08/17","宏遠-館前",4,0,4
"13622","8941關中","110/08/17","凱基-高美館",0,1,-1
"13623","8941關中","110/08/17","",NA,NA,NA
"13624","8941關中","110/08/17","凱基-台北",0,1,-1
"13625","8941關中","110/08/17","",NA,NA,NA
"13626","8941關中","110/08/17","元大-南投",0,1,-1
"13627","8941關中","110/08/17","",NA,NA,NA
"13628","8941關中","110/08/17","元大-華山",0,1,-1
"13629","8941關中","110/08/17","",NA,NA,NA
"13630","8941關中","110/08/17","",NA,NA,NA
"13631","8941關中","110/08/17","",NA,NA,NA
"13632","8941關中","110/08/17","",NA,NA,NA
"13633","8941關中","110/08/17","",NA,NA,NA
"13634","8941關中","110/08/17","",NA,NA,NA
"13635","8941關中","110/08/17","",NA,NA,NA
"13636","8941關中","110/08/17","",NA,NA,NA
"13637","8941關中","110/08/17","",NA,NA,NA
"13638","8941關中","110/08/17","",NA,NA,NA
"13639","8941關中","110/08/17","",NA,NA,NA
"13640","8941關中","110/08/17","",NA,NA,NA
"13641","8941關中","110/08/17","",NA,NA,NA
"13642","8941關中","110/08/17","",NA,NA,NA
"13643","8941關中","110/08/17","",NA,NA,NA
"13644","8941關中","110/08/17","",NA,NA,NA
"13645","8941關中","110/08/17","",NA,NA,NA
"13646","8941關中","110/08/17","",NA,NA,NA
"13647","8941關中","110/08/17","",NA,NA,NA
"13648","8941關中","110/08/17","",NA,NA,NA
"13649","8941關中","110/08/17","",NA,NA,NA
"13650","8941關中","110/08/17","",NA,NA,NA
"13651","8936國統","110/08/17","台新-高雄",511,7,504
"13652","8936國統","110/08/17","凱基-高美館",20,157,-137
"13653","8936國統","110/08/17","美林",60,0,60
"13654","8936國統","110/08/17","台灣摩根士丹利",7,56,-49
"13655","8936國統","110/08/17","台中銀-高雄",33,0,33
"13656","8936國統","110/08/17","永豐金-大園",5,52,-47
"13657","8936國統","110/08/17","摩根大通",71,39,32
"13658","8936國統","110/08/17","新光-台中",16,60,-44
"13659","8936國統","110/08/17","元大-豐原站前",30,0,30
"13660","8936國統","110/08/17","國泰-敦南",14,44,-30
"13661","8936國統","110/08/17","第一金-新興",25,0,25
"13662","8936國統","110/08/17","港商野村",41,64,-23
"13663","8936國統","110/08/17","凱基-台北",45,24,21
"13664","8936國統","110/08/17","凱基-站前",0,20,-20
"13665","8936國統","110/08/17","日盛-忠孝",20,0,20
"13666","8936國統","110/08/17","國泰-高雄",3,20,-17
"13667","8936國統","110/08/17","日盛-高雄",15,0,15
"13668","8936國統","110/08/17","富邦-嘉義",0,17,-17
"13669","8936國統","110/08/17","新加坡商瑞銀",66,53,13
"13670","8936國統","110/08/17","元大-敦化",0,17,-17
"13671","8936國統","110/08/17","玉山-台南",14,3,11
"13672","8936國統","110/08/17","統一-台中",0,15,-15
"13673","8936國統","110/08/17","日盛-斗六",10,0,10
"13674","8936國統","110/08/17","兆豐-高雄",0,15,-15
"13675","8936國統","110/08/17","統一-新營",10,0,10
"13676","8936國統","110/08/17","陽信-石牌",0,15,-15
"13677","8936國統","110/08/17","元富-三重",15,5,10
"13678","8936國統","110/08/17","元大-文心",0,15,-15
"13679","8936國統","110/08/17","群益金鼎-台中",10,0,10
"13680","8936國統","110/08/17","美商高盛",8,22,-14
"13681","6226光鼎","110/08/17","國泰-台中",693,66,627
"13682","6226光鼎","110/08/17","美商高盛",21,669,-648
"13683","6226光鼎","110/08/17","摩根大通",453,306,147
"13684","6226光鼎","110/08/17","凱基-台北",116,705,-589
"13685","6226光鼎","110/08/17","日盛-員林",105,1,104
"13686","6226光鼎","110/08/17","第一金-大稻埕",101,627,-526
"13687","6226光鼎","110/08/17","永豐金-南投",80,0,80
"13688","6226光鼎","110/08/17","瑞士信貸",0,356,-356
"13689","6226光鼎","110/08/17","宏遠-光隆",60,0,60
"13690","6226光鼎","110/08/17","美林",48,202,-154
"13691","6226光鼎","110/08/17","元大-員林中山",52,0,52
"13692","6226光鼎","110/08/17","新光",74,175,-101
"13693","6226光鼎","110/08/17","合庫-鳳山",54,4,50
"13694","6226光鼎","110/08/17","元大-北屯",1,101,-100
"13695","6226光鼎","110/08/17","元大-福營",51,5,46
"13696","6226光鼎","110/08/17","台新-屏東",0,70,-70
"13697","6226光鼎","110/08/17","凱基-市府",46,4,42
"13698","6226光鼎","110/08/17","永豐金-南京",6,74,-68
"13699","6226光鼎","110/08/17","兆豐-永和",41,1,40
"13700","6226光鼎","110/08/17","元大-西螺",2,55,-53
"13701","6226光鼎","110/08/17","凱基-永和",40,1,39
"13702","6226光鼎","110/08/17","統一-基隆",0,50,-50
"13703","6226光鼎","110/08/17","元大-敦化",38,0,38
"13704","6226光鼎","110/08/17","永豐金-板橋",2,46,-44
"13705","6226光鼎","110/08/17","凱基-中山",42,5,37
"13706","6226光鼎","110/08/17","元大-草屯",2,33,-31
"13707","6226光鼎","110/08/17","國泰-桃園",131,97,34
"13708","6226光鼎","110/08/17","元大-西門",0,28,-28
"13709","6226光鼎","110/08/17","富邦-台北",55,21,34
"13710","6226光鼎","110/08/17","凱基-屏東",1,27,-26
"13711","2363矽統","110/08/17","第一金-高雄",356,4,352
"13712","2363矽統","110/08/17","瑞士信貸",86,1495,-1409
"13713","2363矽統","110/08/17","元富-永和",241,5,236
"13714","2363矽統","110/08/17","凱基-台北",737,1867,-1130
"13715","2363矽統","110/08/17","凱基-高美館",254,23,231
"13716","2363矽統","110/08/17","台灣摩根士丹利",0,438,-438
"13717","2363矽統","110/08/17","台新證券",511,295,216
"13718","2363矽統","110/08/17","元富-城東",13,409,-396
"13719","2363矽統","110/08/17","土銀-士林",189,0,189
"13720","2363矽統","110/08/17","(牛牛牛)亞-鑫豐",24,247,-223
"13721","2363矽統","110/08/17","永豐金-天母",155,0,155
"13722","2363矽統","110/08/17","美林",97,274,-177
"13723","2363矽統","110/08/17","玉山-台中",301,164,137
"13724","2363矽統","110/08/17","凱基-長庚",11,134,-123
"13725","2363矽統","110/08/17","凱基-竹北",122,5,117
"13726","2363矽統","110/08/17","元富-新店",4,115,-111
"13727","2363矽統","110/08/17","群益金鼎-三民",115,8,107
"13728","2363矽統","110/08/17","元大-北成功",142,237,-95
"13729","2363矽統","110/08/17","港商野村",1447,1350,97
"13730","2363矽統","110/08/17","日盛-木柵",70,160,-90
"13731","2363矽統","110/08/17","永豐金-新竹",105,20,85
"13732","2363矽統","110/08/17","摩根大通",240,322,-82
"13733","2363矽統","110/08/17","永豐金-松山",77,0,77
"13734","2363矽統","110/08/17","第一金-新竹",266,342,-76
"13735","2363矽統","110/08/17","富邦-宜蘭",84,11,73
"13736","2363矽統","110/08/17","華南永昌-岡山",42,110,-68
"13737","2363矽統","110/08/17","永豐金-南投",72,1,71
"13738","2363矽統","110/08/17","康和",48,112,-64
"13739","2363矽統","110/08/17","富邦-仁愛",90,22,68
"13740","2363矽統","110/08/17","華南永昌-楠梓",30,90,-60
"13741","8112至上","110/08/17","港商麥格理",158,0,158
"13742","8112至上","110/08/17","瑞士信貸",0,249,-249
"13743","8112至上","110/08/17","凱基-台北",177,49,128
"13744","8112至上","110/08/17","摩根大通",56,233,-177
"13745","8112至上","110/08/17","德信",120,0,120
"13746","8112至上","110/08/17","新加坡商瑞銀",19,179,-160
"13747","8112至上","110/08/17","台新證券",116,19,97
"13748","8112至上","110/08/17","富邦-仁愛",13,141,-128
"13749","8112至上","110/08/17","合庫-台中",75,2,73
"13750","8112至上","110/08/17","凱基-復興",1,108,-107
"13751","8112至上","110/08/17","美林",79,10,69
"13752","8112至上","110/08/17","台灣摩根士丹利",0,101,-101
"13753","8112至上","110/08/17","統一",46,0,46
"13754","8112至上","110/08/17","香港上海匯豐",0,96,-96
"13755","8112至上","110/08/17","群益金鼎-瑞豐",40,0,40
"13756","8112至上","110/08/17","群益金鼎-基隆",1,70,-69
"13757","8112至上","110/08/17","臺銀-金山",37,0,37
"13758","8112至上","110/08/17","日盛-花蓮",0,52,-52
"13759","8112至上","110/08/17","新光-高雄",37,4,33
"13760","8112至上","110/08/17","國票-北高雄",0,50,-50
"13761","8112至上","110/08/17","臺銀",41,15,26
"13762","8112至上","110/08/17","永豐金-新竹",0,48,-48
"13763","8112至上","110/08/17","元大證券",27,2,25
"13764","8112至上","110/08/17","日進",0,45,-45
"13765","8112至上","110/08/17","元大-內湖",24,0,24
"13766","8112至上","110/08/17","大展",0,30,-30
"13767","8112至上","110/08/17","國票-天祥",23,0,23
"13768","8112至上","110/08/17","港商野村",30,52,-22
"13769","8112至上","110/08/17","元大-土城永寧",23,0,23
"13770","8112至上","110/08/17","凱基-市府",1,21,-20
"13771","1570力肯","110/08/17","元大-南投",88,1,87
"13772","1570力肯","110/08/17","富邦-仁愛",0,42,-42
"13773","1570力肯","110/08/17","群益金鼎-高雄",51,10,41
"13774","1570力肯","110/08/17","元富-新竹",0,30,-30
"13775","1570力肯","110/08/17","凱基-台北",47,7,40
"13776","1570力肯","110/08/17","元大-新盛",2,28,-26
"13777","1570力肯","110/08/17","統一",29,4,25
"13778","1570力肯","110/08/17","凱基-台南",0,20,-20
"13779","1570力肯","110/08/17","元大-大雅",25,0,25
"13780","1570力肯","110/08/17","日盛-復興",0,15,-15
"13781","1570力肯","110/08/17","台新證券",24,10,14
"13782","1570力肯","110/08/17","元大-前金",1,15,-14
"13783","1570力肯","110/08/17","元大證券",14,0,14
"13784","1570力肯","110/08/17","元大-北成功",0,14,-14
"13785","1570力肯","110/08/17","日盛-板橋",12,0,12
"13786","1570力肯","110/08/17","臺銀-臺南",0,11,-11
"13787","1570力肯","110/08/17","元大-鑫永和",11,0,11
"13788","1570力肯","110/08/17","凱基-彰化",0,11,-11
"13789","1570力肯","110/08/17","富邦-內湖",10,0,10
"13790","1570力肯","110/08/17","合庫-桃園",0,10,-10
"13791","1570力肯","110/08/17","元富-緯城",10,1,9
"13792","1570力肯","110/08/17","凱基-南崁",0,10,-10
"13793","1570力肯","110/08/17","元大-開元",10,2,8
"13794","1570力肯","110/08/17","凱基-台中",0,9,-9
"13795","1570力肯","110/08/17","元大-桃興",8,1,7
"13796","1570力肯","110/08/17","華南永昌-嘉義",0,8,-8
"13797","1570力肯","110/08/17","日盛-員林",6,0,6
"13798","1570力肯","110/08/17","元大-鹿港",1,9,-8
"13799","1570力肯","110/08/17","陽信",5,0,5
"13800","1570力肯","110/08/17","國票-中正",0,7,-7
"13801","2929淘帝","110/08/17","元大-太平",48,0,48
"13802","2929淘帝","110/08/17","華南永昌-苗栗",0,30,-30
"13803","2929淘帝","110/08/17","永豐金-敦南",22,0,22
"13804","2929淘帝","110/08/17","兆豐-復興",0,15,-15
"13805","2929淘帝","110/08/17","永興",12,0,12
"13806","2929淘帝","110/08/17","凱基-長庚",0,13,-13
"13807","2929淘帝","110/08/17","日盛-復興",10,0,10
"13808","2929淘帝","110/08/17","美林",1,13,-12
"13809","2929淘帝","110/08/17","第一金-大稻埕",10,0,10
"13810","2929淘帝","110/08/17","永豐金-豐原",0,10,-10
"13811","2929淘帝","110/08/17","華南永昌-長虹",10,0,10
"13812","2929淘帝","110/08/17","華南永昌-高雄",1,10,-9
"13813","2929淘帝","110/08/17","元大-高雄",8,0,8
"13814","2929淘帝","110/08/17","日盛-南京",0,8,-8
"13815","2929淘帝","110/08/17","港商野村",12,5,7
"13816","2929淘帝","110/08/17","兆豐-大同",0,7,-7
"13817","2929淘帝","110/08/17","亞東-板橋",7,0,7
"13818","2929淘帝","110/08/17","摩根大通",0,6,-6
"13819","2929淘帝","110/08/17","國票-北高雄",6,0,6
"13820","2929淘帝","110/08/17","凱基-台中",0,5,-5
"13821","2929淘帝","110/08/17","國票-九鼎",6,0,6
"13822","2929淘帝","110/08/17","元大-鶯歌",0,5,-5
"13823","2929淘帝","110/08/17","亞東-新竹",5,0,5
"13824","2929淘帝","110/08/17","元大-上新莊",0,5,-5
"13825","2929淘帝","110/08/17","新加坡商瑞銀",4,0,4
"13826","2929淘帝","110/08/17","元大-北三重",0,5,-5
"13827","2929淘帝","110/08/17","凱基-中山",6,2,4
"13828","2929淘帝","110/08/17","第一金-澎湖",4,8,-4
"13829","2929淘帝","110/08/17","富邦-南屯",4,0,4
"13830","2929淘帝","110/08/17","日進",1,5,-4
"13831","5410國眾","110/08/17","元大-博愛",50,3,47
"13832","5410國眾","110/08/17","瑞士信貸",0,61,-61
"13833","5410國眾","110/08/17","土銀-嘉義",38,0,38
"13834","5410國眾","110/08/17","新光",3,41,-38
"13835","5410國眾","110/08/17","國票-北高雄",20,0,20
"13836","5410國眾","110/08/17","凱基-台南",2,30,-28
"13837","5410國眾","110/08/17","凱基-台北",37,22,15
"13838","5410國眾","110/08/17","元富-基隆",0,21,-21
"13839","5410國眾","110/08/17","兆豐-永和",14,0,14
"13840","5410國眾","110/08/17","富邦-新竹",1,16,-15
"13841","5410國眾","110/08/17","富邦-台北",22,10,12
"13842","5410國眾","110/08/17","亞東-新竹",0,14,-14
"13843","5410國眾","110/08/17","元大-中壢",12,0,12
"13844","5410國眾","110/08/17","群益金鼎-新竹",1,15,-14
"13845","5410國眾","110/08/17","摩根大通",25,14,11
"13846","5410國眾","110/08/17","富邦-永和",1,14,-13
"13847","5410國眾","110/08/17","日盛-花蓮",10,0,10
"13848","5410國眾","110/08/17","元大-新竹經國",0,12,-12
"13849","5410國眾","110/08/17","元富-同大",11,1,10
"13850","5410國眾","110/08/17","群益金鼎-三民",0,11,-11
"13851","5410國眾","110/08/17","凱基-科園",10,0,10
"13852","5410國眾","110/08/17","寶盛",0,10,-10
"13853","5410國眾","110/08/17","元大-潮州",10,0,10
"13854","5410國眾","110/08/17","永豐金-板橋",0,10,-10
"13855","5410國眾","110/08/17","台新-左楠",10,1,9
"13856","5410國眾","110/08/17","永豐金-竹科",1,11,-10
"13857","5410國眾","110/08/17","群益金鼎-古亭",14,5,9
"13858","5410國眾","110/08/17","臺銀",1,9,-8
"13859","5410國眾","110/08/17","永豐金-萬盛",9,0,9
"13860","5410國眾","110/08/17","群益金鼎-南京",0,8,-8
"13861","2841台開","110/08/17","宏遠-館前",169,2,167
"13862","2841台開","110/08/17","光和-溪湖",0,120,-120
"13863","2841台開","110/08/17","第一金",54,0,54
"13864","2841台開","110/08/17","兆豐-台南",0,109,-109
"13865","2841台開","110/08/17","台新-三民",50,0,50
"13866","2841台開","110/08/17","永豐金-台南",0,50,-50
"13867","2841台開","110/08/17","日盛證券",52,24,28
"13868","2841台開","110/08/17","兆豐-高雄",0,38,-38
"13869","2841台開","110/08/17","華南永昌-台中",20,0,20
"13870","2841台開","110/08/17","元大-林園",0,30,-30
"13871","2841台開","110/08/17","永豐金-中盛",17,0,17
"13872","2841台開","110/08/17","兆豐-台中",0,20,-20
"13873","2841台開","110/08/17","日盛-台中",15,0,15
"13874","2841台開","110/08/17","元大-敦化",0,20,-20
"13875","2841台開","110/08/17","日盛-園區",15,0,15
"13876","2841台開","110/08/17","元大-彰化民生",2,21,-19
"13877","2841台開","110/08/17","國泰-館前",15,0,15
"13878","2841台開","110/08/17","凱基-彰化",1,14,-13
"13879","2841台開","110/08/17","日盛-大墩",10,0,10
"13880","2841台開","110/08/17","元大-大灣",0,13,-13
"13881","2841台開","110/08/17","大慶-蘆洲",10,0,10
"13882","2841台開","110/08/17","元大-鹿港",0,11,-11
"13883","2841台開","110/08/17","凱基-員林",10,0,10
"13884","2841台開","110/08/17","兆豐-公益",0,10,-10
"13885","2841台開","110/08/17","富邦-基隆",10,0,10
"13886","2841台開","110/08/17","元大-北三重",0,10,-10
"13887","2841台開","110/08/17","元大-新竹經國",10,0,10
"13888","2841台開","110/08/17","華南永昌-鳳山",0,7,-7
"13889","2841台開","110/08/17","元富-成功",8,0,8
"13890","2841台開","110/08/17","元大-南海",0,7,-7
"13891","6207雷科","110/08/17","台新-高雄",82,2,80
"13892","6207雷科","110/08/17","第一金-員林",0,60,-60
"13893","6207雷科","110/08/17","凱基-台北",42,16,26
"13894","6207雷科","110/08/17","元大-高雄",0,47,-47
"13895","6207雷科","110/08/17","摩根大通",26,5,21
"13896","6207雷科","110/08/17","凱基-復興",0,20,-20
"13897","6207雷科","110/08/17","安泰",20,0,20
"13898","6207雷科","110/08/17","元大-新盛",1,20,-19
"13899","6207雷科","110/08/17","富邦-中壢",20,0,20
"13900","6207雷科","110/08/17","元富-大昌",0,12,-12
"13901","6207雷科","110/08/17","新加坡商瑞銀",23,6,17
"13902","6207雷科","110/08/17","華南永昌-岡山",1,12,-11
"13903","6207雷科","110/08/17","日盛-桃園",10,0,10
"13904","6207雷科","110/08/17","日盛-板橋",0,10,-10
"13905","6207雷科","110/08/17","兆豐-西螺",10,0,10
"13906","6207雷科","110/08/17","凱基-中壢",0,10,-10
"13907","6207雷科","110/08/17","中國信託-高雄",8,0,8
"13908","6207雷科","110/08/17","港商野村",7,16,-9
"13909","6207雷科","110/08/17","大昌-桃園",8,0,8
"13910","6207雷科","110/08/17","凱基-三重",1,10,-9
"13911","6207雷科","110/08/17","群益金鼎-士林",6,0,6
"13912","6207雷科","110/08/17","台新-台中",0,8,-8
"13913","6207雷科","110/08/17","美林",5,0,5
"13914","6207雷科","110/08/17","富邦-板橋",0,8,-8
"13915","6207雷科","110/08/17","中國信託-三重",5,0,5
"13916","6207雷科","110/08/17","兆豐-公益",0,6,-6
"13917","6207雷科","110/08/17","康和-內湖",5,0,5
"13918","6207雷科","110/08/17","新光-桃園",0,6,-6
"13919","6207雷科","110/08/17","新光",9,4,5
"13920","6207雷科","110/08/17","凱基-大里",0,6,-6
"13921","3679新至陞","110/08/17","台灣摩根士丹利",20,0,20
"13922","3679新至陞","110/08/17","台新證券",1,31,-30
"13923","3679新至陞","110/08/17","凱基-長庚",12,0,12
"13924","3679新至陞","110/08/17","統一",0,27,-27
"13925","3679新至陞","110/08/17","元大-大天母",12,0,12
"13926","3679新至陞","110/08/17","國票-南科",0,20,-20
"13927","3679新至陞","110/08/17","瑞士信貸",24,15,9
"13928","3679新至陞","110/08/17","國泰-忠孝",0,7,-7
"13929","3679新至陞","110/08/17","康和-板橋",6,0,6
"13930","3679新至陞","110/08/17","美林",10,15,-5
"13931","3679新至陞","110/08/17","元大-四維",6,0,6
"13932","3679新至陞","110/08/17","國泰-桃園",0,5,-5
"13933","3679新至陞","110/08/17","日盛-台中",5,0,5
"13934","3679新至陞","110/08/17","凱基-頭份",0,4,-4
"13935","3679新至陞","110/08/17","第一金-彰化",5,0,5
"13936","3679新至陞","110/08/17","港商野村",1,4,-3
"13937","3679新至陞","110/08/17","凱基-文心",5,1,4
"13938","3679新至陞","110/08/17","凱基-台北",8,11,-3
"13939","3679新至陞","110/08/17","元大-雙和",4,0,4
"13940","3679新至陞","110/08/17","元大證券",1,4,-3
"13941","3679新至陞","110/08/17","元大-草屯",4,0,4
"13942","3679新至陞","110/08/17","元大-新莊",0,3,-3
"13943","3679新至陞","110/08/17","合庫-彰化",2,0,2
"13944","3679新至陞","110/08/17","港商法國興業",0,2,-2
"13945","3679新至陞","110/08/17","臺銀-臺中",2,0,2
"13946","3679新至陞","110/08/17","元富-板橋",0,2,-2
"13947","3679新至陞","110/08/17","日盛-文化",3,1,2
"13948","3679新至陞","110/08/17","康和-高雄",0,2,-2
"13949","3679新至陞","110/08/17","永豐金-敦南",2,0,2
"13950","3679新至陞","110/08/17","群益金鼎-三重",0,2,-2
"13951","2727王品","110/08/17","凱基-台北",63,1,62
"13952","2727王品","110/08/17","第一金-高雄",1,111,-110
"13953","2727王品","110/08/17","台灣摩根士丹利",86,37,49
"13954","2727王品","110/08/17","摩根大通",29,118,-89
"13955","2727王品","110/08/17","瑞士信貸",32,0,32
"13956","2727王品","110/08/17","永豐金證券",0,83,-83
"13957","2727王品","110/08/17","元大-北屯",32,1,31
"13958","2727王品","110/08/17","華南永昌",1,38,-37
"13959","2727王品","110/08/17","美林",37,8,29
"13960","2727王品","110/08/17","合庫-新竹",1,31,-30
"13961","2727王品","110/08/17","凱基-市政",23,0,23
"13962","2727王品","110/08/17","中國信託-新竹",1,23,-22
"13963","2727王品","110/08/17","港商野村",74,54,20
"13964","2727王品","110/08/17","玉山證券",16,33,-17
"13965","2727王品","110/08/17","元大-板橋",20,0,20
"13966","2727王品","110/08/17","富邦-台北",5,19,-14
"13967","2727王品","110/08/17","元大-汐止",12,0,12
"13968","2727王品","110/08/17","群益金鼎-中壢",1,14,-13
"13969","2727王品","110/08/17","元大-龍潭",19,8,11
"13970","2727王品","110/08/17","富邦證券",0,13,-13
"13971","2727王品","110/08/17","元富",10,0,10
"13972","2727王品","110/08/17","元大證券",9,22,-13
"13973","2727王品","110/08/17","彰銀-台中",9,0,9
"13974","2727王品","110/08/17","聯邦商銀",0,12,-12
"13975","2727王品","110/08/17","中國信託",11,2,9
"13976","2727王品","110/08/17","日盛-屏東",7,17,-10
"13977","2727王品","110/08/17","群益金鼎-西松",10,1,9
"13978","2727王品","110/08/17","康和-高雄",0,10,-10
"13979","2727王品","110/08/17","第一金-自由",8,0,8
"13980","2727王品","110/08/17","新光-高雄",1,11,-10
"13981","1570力肯","110/08/17","元大-南投",88,1,87
"13982","1570力肯","110/08/17","富邦-仁愛",0,42,-42
"13983","1570力肯","110/08/17","群益金鼎-高雄",51,10,41
"13984","1570力肯","110/08/17","元富-新竹",0,30,-30
"13985","1570力肯","110/08/17","凱基-台北",47,7,40
"13986","1570力肯","110/08/17","元大-新盛",2,28,-26
"13987","1570力肯","110/08/17","統一",29,4,25
"13988","1570力肯","110/08/17","凱基-台南",0,20,-20
"13989","1570力肯","110/08/17","元大-大雅",25,0,25
"13990","1570力肯","110/08/17","日盛-復興",0,15,-15
"13991","1570力肯","110/08/17","台新證券",24,10,14
"13992","1570力肯","110/08/17","元大-前金",1,15,-14
"13993","1570力肯","110/08/17","元大證券",14,0,14
"13994","1570力肯","110/08/17","元大-北成功",0,14,-14
"13995","1570力肯","110/08/17","日盛-板橋",12,0,12
"13996","1570力肯","110/08/17","臺銀-臺南",0,11,-11
"13997","1570力肯","110/08/17","元大-鑫永和",11,0,11
"13998","1570力肯","110/08/17","凱基-彰化",0,11,-11
"13999","1570力肯","110/08/17","富邦-內湖",10,0,10
"14000","1570力肯","110/08/17","合庫-桃園",0,10,-10
"14001","1570力肯","110/08/17","元富-緯城",10,1,9
"14002","1570力肯","110/08/17","凱基-南崁",0,10,-10
"14003","1570力肯","110/08/17","元大-開元",10,2,8
"14004","1570力肯","110/08/17","凱基-台中",0,9,-9
"14005","1570力肯","110/08/17","元大-桃興",8,1,7
"14006","1570力肯","110/08/17","華南永昌-嘉義",0,8,-8
"14007","1570力肯","110/08/17","日盛-員林",6,0,6
"14008","1570力肯","110/08/17","元大-鹿港",1,9,-8
"14009","1570力肯","110/08/17","陽信",5,0,5
"14010","1570力肯","110/08/17","國票-中正",0,7,-7
"14011","6180橘子","110/08/17","摩根大通",107,25,82
"14012","6180橘子","110/08/17","元大-高雄",0,50,-50
"14013","6180橘子","110/08/17","美林",59,0,59
"14014","6180橘子","110/08/17","第一金-新竹",1,30,-29
"14015","6180橘子","110/08/17","美商高盛",31,0,31
"14016","6180橘子","110/08/17","台新-建北",1,25,-24
"14017","6180橘子","110/08/17","凱基-台北",32,6,26
"14018","6180橘子","110/08/17","群益金鼎-大安",0,20,-20
"14019","6180橘子","110/08/17","合庫-自強",10,0,10
"14020","6180橘子","110/08/17","台灣摩根士丹利",37,54,-17
"14021","6180橘子","110/08/17","元富-世貿",10,0,10
"14022","6180橘子","110/08/17","玉山-台南",1,13,-12
"14023","6180橘子","110/08/17","元大-台中中港",10,0,10
"14024","6180橘子","110/08/17","富邦-基隆",0,11,-11
"14025","6180橘子","110/08/17","臺銀-金山",11,2,9
"14026","6180橘子","110/08/17","日盛-雙和",0,10,-10
"14027","6180橘子","110/08/17","華南永昌-虎尾",8,0,8
"14028","6180橘子","110/08/17","統一-台南",0,10,-10
"14029","6180橘子","110/08/17","元大-彰化民生",7,0,7
"14030","6180橘子","110/08/17","新光-桃園",0,10,-10
"14031","6180橘子","110/08/17","群益金鼎-嘉義",6,0,6
"14032","6180橘子","110/08/17","凱基-竹北",0,10,-10
"14033","6180橘子","110/08/17","元大-太平",6,0,6
"14034","6180橘子","110/08/17","元大-基隆孝二",0,10,-10
"14035","6180橘子","110/08/17","永豐金-敦北",6,0,6
"14036","6180橘子","110/08/17","永豐金-大園",0,10,-10
"14037","6180橘子","110/08/17","華南永昌-台中",5,0,5
"14038","6180橘子","110/08/17","第一金-中山",0,8,-8
"14039","6180橘子","110/08/17","元大-永春",5,0,5
"14040","6180橘子","110/08/17","台新證券",4,12,-8
"14041","2390云辰","110/08/17","美林",601,355,246
"14042","2390云辰","110/08/17","富邦-虎尾",786,1240,-454
"14043","2390云辰","110/08/17","凱基-台北",999,859,140
"14044","2390云辰","110/08/17","富隆-長安",2,262,-260
"14045","2390云辰","110/08/17","新光",1508,1370,138
"14046","2390云辰","110/08/17","摩根大通",2924,3174,-250
"14047","2390云辰","110/08/17","國泰-敦南",1264,1133,131
"14048","2390云辰","110/08/17","元大-木柵",204,419,-215
"14049","2390云辰","110/08/17","富邦-內湖",143,18,125
"14050","2390云辰","110/08/17","兆豐-埔墘",10,165,-155
"14051","2390云辰","110/08/17","統一-新營",142,28,114
"14052","2390云辰","110/08/17","美商高盛",332,483,-151
"14053","2390云辰","110/08/17","兆豐-虎尾",107,5,102
"14054","2390云辰","110/08/17","元大-大同",829,966,-137
"14055","2390云辰","110/08/17","新加坡商瑞銀",274,177,97
"14056","2390云辰","110/08/17","元大-土城學府",236,367,-131
"14057","2390云辰","110/08/17","元大-上新莊",82,9,73
"14058","2390云辰","110/08/17","富邦-花蓮",5,107,-102
"14059","2390云辰","110/08/17","凱基-民權",145,78,67
"14060","2390云辰","110/08/17","元大-台中",20,118,-98
"14061","2390云辰","110/08/17","富邦-彰化",200,133,67
"14062","2390云辰","110/08/17","群益金鼎-開元",70,150,-80
"14063","2390云辰","110/08/17","宏遠-桃園",67,5,62
"14064","2390云辰","110/08/17","永豐金-古亭",27,106,-79
"14065","2390云辰","110/08/17","港商野村",2090,2030,60
"14066","2390云辰","110/08/17","土銀-士林",0,78,-78
"14067","2390云辰","110/08/17","永豐金-萬盛",76,17,59
"14068","2390云辰","110/08/17","元富-高雄",94,166,-72
"14069","2390云辰","110/08/17","元大-歸仁",85,34,51
"14070","2390云辰","110/08/17","富邦-敦南",40,108,-68
"14071","2609陽明","110/08/16","康和",4181,128,4053
"14072","2609陽明","110/08/16","凱基-台北",1053,19933,-18880
"14073","2609陽明","110/08/16","宏遠證券",2579,659,1920
"14074","2609陽明","110/08/16","群益金鼎-三重",162,5149,-4987
"14075","2609陽明","110/08/16","華南永昌-竹北",2072,225,1847
"14076","2609陽明","110/08/16","兆豐-南京",3041,5871,-2830
"14077","2609陽明","110/08/16","凱基-虎尾",4140,2400,1740
"14078","2609陽明","110/08/16","中國信託-松江",116,2823,-2707
"14079","2609陽明","110/08/16","元大證券",8157,7010,1147
"14080","2609陽明","110/08/16","兆豐-復興",107,2607,-2500
"14081","2609陽明","110/08/16","摩根大通",5939,5074,865
"14082","2609陽明","110/08/16","美林",2802,5073,-2271
"14083","2609陽明","110/08/16","永豐金-信義",865,85,780
"14084","2609陽明","110/08/16","兆豐-三民",182,2181,-1999
"14085","2609陽明","110/08/16","元大-頭份",1005,248,757
"14086","2609陽明","110/08/16","新加坡商瑞銀",561,2511,-1950
"14087","2609陽明","110/08/16","港商野村",2920,2184,736
"14088","2609陽明","110/08/16","凱基-城中",585,1560,-975
"14089","2609陽明","110/08/16","元大-信義",944,209,735
"14090","2609陽明","110/08/16","元大-竹科",394,1326,-932
"14091","2609陽明","110/08/16","凱基-市政",14533,13859,674
"14092","2609陽明","110/08/16","群益金鼎-大安",89,951,-862
"14093","2609陽明","110/08/16","富邦-嘉義",7027,6481,546
"14094","2609陽明","110/08/16","瑞士信貸",910,1607,-697
"14095","2609陽明","110/08/16","新光-新竹",1792,1331,461
"14096","2609陽明","110/08/16","兆豐-新竹",305,932,-627
"14097","2609陽明","110/08/16","凱基-台南",808,378,430
"14098","2609陽明","110/08/16","元大-永春",376,856,-480
"14099","2609陽明","110/08/16","凱基-信義",434,31,403
"14100","2609陽明","110/08/16","元富",483,956,-473
"14101","2636台驊投控","110/08/16","凱基",893,138,755
"14102","2636台驊投控","110/08/16","日盛-台中",36,221,-185
"14103","2636台驊投控","110/08/16","瑞士信貸",524,17,507
"14104","2636台驊投控","110/08/16","統一-新竹",4,188,-184
"14105","2636台驊投控","110/08/16","台灣摩根士丹利",534,35,499
"14106","2636台驊投控","110/08/16","國泰-敦南",291,403,-112
"14107","2636台驊投控","110/08/16","富邦-花蓮",283,25,258
"14108","2636台驊投控","110/08/16","新光",259,366,-107
"14109","2636台驊投控","110/08/16","新光-新竹",349,144,205
"14110","2636台驊投控","110/08/16","群益金鼎",89,185,-96
"14111","2636台驊投控","110/08/16","國票-彰化",442,282,160
"14112","2636台驊投控","110/08/16","新光-桃園",22,98,-76
"14113","2636台驊投控","110/08/16","大慶",160,1,159
"14114","2636台驊投控","110/08/16","群益金鼎-南京",57,126,-69
"14115","2636台驊投控","110/08/16","富邦-虎尾",144,13,131
"14116","2636台驊投控","110/08/16","玉山-台南",61,127,-66
"14117","2636台驊投控","110/08/16","元大-士林",118,2,116
"14118","2636台驊投控","110/08/16","元富-大昌",5,66,-61
"14119","2636台驊投控","110/08/16","摩根大通",799,698,101
"14120","2636台驊投控","110/08/16","日盛證券",78,137,-59
"14121","2636台驊投控","110/08/16","日盛-宜蘭",100,3,97
"14122","2636台驊投控","110/08/16","凱基-市政",13,68,-55
"14123","2636台驊投控","110/08/16","凱基-台北",786,690,96
"14124","2636台驊投控","110/08/16","兆豐-城中",7,58,-51
"14125","2636台驊投控","110/08/16","兆豐-東門",101,31,70
"14126","2636台驊投控","110/08/16","永豐金-新竹",33,83,-50
"14127","2636台驊投控","110/08/16","凱基-長庚",66,6,60
"14128","2636台驊投控","110/08/16","國泰-台中",69,115,-46
"14129","2636台驊投控","110/08/16","元富-中壢",76,18,58
"14130","2636台驊投控","110/08/16","國票-九鼎",18,61,-43
"14131","2867三商壽","110/08/16","兆豐-大同",800,0,800
"14132","2867三商壽","110/08/16","台新證券",7,983,-976
"14133","2867三商壽","110/08/16","元富-世貿",646,5,641
"14134","2867三商壽","110/08/16","美林",0,406,-406
"14135","2867三商壽","110/08/16","元大-土城永寧",320,0,320
"14136","2867三商壽","110/08/16","(牛牛牛)亞-鑫豐",15,120,-105
"14137","2867三商壽","110/08/16","新加坡商瑞銀",241,18,223
"14138","2867三商壽","110/08/16","土銀",0,100,-100
"14139","2867三商壽","110/08/16","玉山-城中",156,0,156
"14140","2867三商壽","110/08/16","兆豐-來福",0,100,-100
"14141","2867三商壽","110/08/16","元大-桃園",100,0,100
"14142","2867三商壽","110/08/16","凱基-虎尾",0,90,-90
"14143","2867三商壽","110/08/16","高橋-龍潭",87,1,86
"14144","2867三商壽","110/08/16","瑞士信貸",53,140,-87
"14145","2867三商壽","110/08/16","富邦-員林",79,0,79
"14146","2867三商壽","110/08/16","花旗環球",7,83,-76
"14147","2867三商壽","110/08/16","華南永昌-高雄",50,0,50
"14148","2867三商壽","110/08/16","元大-大同",0,67,-67
"14149","2867三商壽","110/08/16","元大-崇德",50,0,50
"14150","2867三商壽","110/08/16","日盛-板橋",0,60,-60
"14151","2867三商壽","110/08/16","華南永昌-虎尾",40,0,40
"14152","2867三商壽","110/08/16","元大-博愛",2,62,-60
"14153","2867三商壽","110/08/16","元大-大統",40,0,40
"14154","2867三商壽","110/08/16","(牛牛牛)亞-網路",0,55,-55
"14155","2867三商壽","110/08/16","新光",87,48,39
"14156","2867三商壽","110/08/16","美商高盛",105,158,-53
"14157","2867三商壽","110/08/16","元大-大安",36,0,36
"14158","2867三商壽","110/08/16","永豐金-屏東",1,52,-51
"14159","2867三商壽","110/08/16","群益金鼎-西松",35,0,35
"14160","2867三商壽","110/08/16","兆豐-台中港",0,50,-50
"14161","5521工信","110/08/16","第一金-新竹",84,0,84
"14162","5521工信","110/08/16","摩根大通",83,306,-223
"14163","5521工信","110/08/16","日進",60,0,60
"14164","5521工信","110/08/16","日盛證券",0,70,-70
"14165","5521工信","110/08/16","凱基-中壢",40,0,40
"14166","5521工信","110/08/16","群益金鼎-海山",0,40,-40
"14167","5521工信","110/08/16","台新證券",37,0,37
"14168","5521工信","110/08/16","華南永昌",0,39,-39
"14169","5521工信","110/08/16","群益金鼎-台中",35,0,35
"14170","5521工信","110/08/16","美林",5,43,-38
"14171","5521工信","110/08/16","富邦-台北",30,0,30
"14172","5521工信","110/08/16","康和-澎湖",0,30,-30
"14173","5521工信","110/08/16","元大-永和",30,0,30
"14174","5521工信","110/08/16","華南永昌-彰化",5,34,-29
"14175","5521工信","110/08/16","華南永昌-潮州",28,0,28
"14176","5521工信","110/08/16","元大-龍潭",0,25,-25
"14177","5521工信","110/08/16","玉山-嘉義",23,0,23
"14178","5521工信","110/08/16","兆豐-桃園",0,24,-24
"14179","5521工信","110/08/16","元大-新莊",40,17,23
"14180","5521工信","110/08/16","華南永昌-林口",1,25,-24
"14181","5521工信","110/08/16","第一金-桃園",22,0,22
"14182","5521工信","110/08/16","台灣企銀-台中",0,20,-20
"14183","5521工信","110/08/16","凱基-鳳山",20,0,20
"14184","5521工信","110/08/16","第一金-台南",0,20,-20
"14185","5521工信","110/08/16","元大-路竹",20,0,20
"14186","5521工信","110/08/16","元富-古亭",0,20,-20
"14187","5521工信","110/08/16","合庫-桃園",20,1,19
"14188","5521工信","110/08/16","兆豐-中壢",0,20,-20
"14189","5521工信","110/08/16","臺銀-鳳山",21,2,19
"14190","5521工信","110/08/16","元大-仁愛",0,20,-20
"14191","1471首利","110/08/16","摩根大通",196,88,108
"14192","1471首利","110/08/16","元大-草屯",1,200,-199
"14193","1471首利","110/08/16","瑞士信貸",95,17,78
"14194","1471首利","110/08/16","元富-埔里",0,51,-51
"14195","1471首利","110/08/16","新加坡商瑞銀",38,0,38
"14196","1471首利","110/08/16","凱基-雙和",0,40,-40
"14197","1471首利","110/08/16","國泰-敦南",37,2,35
"14198","1471首利","110/08/16","華南永昌-公誠",0,40,-40
"14199","1471首利","110/08/16","凱基-彰化",31,0,31
"14200","1471首利","110/08/16","元大-大灣",0,36,-36
"14201","1471首利","110/08/16","光和-溪湖",20,0,20
"14202","1471首利","110/08/16","新光-台中",17,42,-25
"14203","1471首利","110/08/16","國票-中港",20,0,20
"14204","1471首利","110/08/16","富邦-仁愛",0,25,-25
"14205","1471首利","110/08/16","美林",15,0,15
"14206","1471首利","110/08/16","群益金鼎-台北",0,24,-24
"14207","1471首利","110/08/16","元大-板橋",15,0,15
"14208","1471首利","110/08/16","永豐金-竹北",0,22,-22
"14209","1471首利","110/08/16","凱基-長庚",16,2,14
"14210","1471首利","110/08/16","合庫-台中",0,20,-20
"14211","1471首利","110/08/16","元大-斗信",14,0,14
"14212","1471首利","110/08/16","高橋-龍潭",2,22,-20
"14213","1471首利","110/08/16","第一金-高雄",12,0,12
"14214","1471首利","110/08/16","國票-台中",0,20,-20
"14215","1471首利","110/08/16","玉山-大里",12,0,12
"14216","1471首利","110/08/16","群益金鼎-潭子",0,20,-20
"14217","1471首利","110/08/16","永豐金-大園",12,0,12
"14218","1471首利","110/08/16","台新證券",2,19,-17
"14219","1471首利","110/08/16","永豐金-中正",12,0,12
"14220","1471首利","110/08/16","聯邦-高雄",0,15,-15
"14221","2883開發金","110/08/16","中國信託-文心",4881,27,4854
"14222","2883開發金","110/08/16","摩根大通",1712,30864,-29152
"14223","2883開發金","110/08/16","國泰-敦南",3101,627,2474
"14224","2883開發金","110/08/16","台灣摩根士丹利",453,18916,-18463
"14225","2883開發金","110/08/16","亞東-新竹",3614,1222,2392
"14226","2883開發金","110/08/16","凱基-台北",8208,20874,-12666
"14227","2883開發金","110/08/16","花旗環球",3115,841,2274
"14228","2883開發金","110/08/16","新加坡商瑞銀",363,11873,-11510
"14229","2883開發金","110/08/16","元大證券",3308,1099,2209
"14230","2883開發金","110/08/16","美林",130,9722,-9592
"14231","2883開發金","110/08/16","康和-仁愛",2103,0,2103
"14232","2883開發金","110/08/16","統一",766,7210,-6444
"14233","2883開發金","110/08/16","玉山-大里",1874,31,1843
"14234","2883開發金","110/08/16","元富",48,5683,-5635
"14235","2883開發金","110/08/16","第一金-忠孝",1836,3,1833
"14236","2883開發金","110/08/16","富邦證券",147,4117,-3970
"14237","2883開發金","110/08/16","宏遠證券",1825,5,1820
"14238","2883開發金","110/08/16","國票-長城",22,2713,-2691
"14239","2883開發金","110/08/16","統一-新竹",1630,2,1628
"14240","2883開發金","110/08/16","台新證券",1753,4439,-2686
"14241","2883開發金","110/08/16","國泰-板橋",1493,346,1147
"14242","2883開發金","110/08/16","元大-士林",417,2698,-2281
"14243","2883開發金","110/08/16","國泰-館前",1856,775,1081
"14244","2883開發金","110/08/16","港商野村",3026,5159,-2133
"14245","2883開發金","110/08/16","群益金鼎-高盛",1005,12,993
"14246","2883開發金","110/08/16","瑞士信貸",1295,3237,-1942
"14247","2883開發金","110/08/16","元大-新莊",860,16,844
"14248","2883開發金","110/08/16","美商高盛",162,1917,-1755
"14249","2883開發金","110/08/16","臺銀",807,32,775
"14250","2883開發金","110/08/16","國泰證券",290,1593,-1303
"14251","6205詮欣","110/08/16","凱基-汐止",22,0,22
"14252","6205詮欣","110/08/16","凱基-台北",0,10,-10
"14253","6205詮欣","110/08/16","臺銀-民權",10,0,10
"14254","6205詮欣","110/08/16","永興-水湳",0,6,-6
"14255","6205詮欣","110/08/16","德信-新營",6,0,6
"14256","6205詮欣","110/08/16","國票-博愛",0,6,-6
"14257","6205詮欣","110/08/16","玉山證券",5,0,5
"14258","6205詮欣","110/08/16","日盛-三重",5,10,-5
"14259","6205詮欣","110/08/16","亞東-板橋",4,0,4
"14260","6205詮欣","110/08/16","日盛-永康",0,5,-5
"14261","6205詮欣","110/08/16","元大-羅東",4,0,4
"14262","6205詮欣","110/08/16","摩根大通",0,5,-5
"14263","6205詮欣","110/08/16","元大-汐止",4,0,4
"14264","6205詮欣","110/08/16","玉山-台南",0,5,-5
"14265","6205詮欣","110/08/16","臺銀-高雄",3,0,3
"14266","6205詮欣","110/08/16","元大-大天母",0,4,-4
"14267","6205詮欣","110/08/16","美林",2,0,2
"14268","6205詮欣","110/08/16","永豐金-中盛",0,3,-3
"14269","6205詮欣","110/08/16","群益金鼎-基隆",2,0,2
"14270","6205詮欣","110/08/16","華南永昌-彰化",0,2,-2
"14271","6205詮欣","110/08/16","合庫-三重",1,0,1
"14272","6205詮欣","110/08/16","富邦-中壢",0,2,-2
"14273","6205詮欣","110/08/16","(牛牛牛)亞-網路",1,0,1
"14274","6205詮欣","110/08/16","元大-成功",0,2,-2
"14275","6205詮欣","110/08/16","豐農",1,0,1
"14276","6205詮欣","110/08/16","統一-士林",0,1,-1
"14277","6205詮欣","110/08/16","凱基-站前",1,0,1
"14278","6205詮欣","110/08/16","統一-金門",0,1,-1
"14279","6205詮欣","110/08/16","富邦-建國",1,0,1
"14280","6205詮欣","110/08/16","元富-文心",0,1,-1
"14281","1540喬福","110/08/16","元大-成功",25,0,25
"14282","1540喬福","110/08/16","凱基-台北",0,51,-51
"14283","1540喬福","110/08/16","新光",16,0,16
"14284","1540喬福","110/08/16","新光-新竹",10,29,-19
"14285","1540喬福","110/08/16","日盛-鳳山",10,0,10
"14286","1540喬福","110/08/16","元大-北屯",0,18,-18
"14287","1540喬福","110/08/16","台新-左楠",10,0,10
"14288","1540喬福","110/08/16","北城證券",0,16,-16
"14289","1540喬福","110/08/16","玉山-左營",10,0,10
"14290","1540喬福","110/08/16","國泰-敦南",2,18,-16
"14291","1540喬福","110/08/16","富邦-南屯",10,0,10
"14292","1540喬福","110/08/16","新光-桃園",0,15,-15
"14293","1540喬福","110/08/16","富邦-板橋",8,0,8
"14294","1540喬福","110/08/16","新光-台南",0,12,-12
"14295","1540喬福","110/08/16","凱基-中壢",7,0,7
"14296","1540喬福","110/08/16","凱基-台中",0,12,-12
"14297","1540喬福","110/08/16","元富-新竹",5,0,5
"14298","1540喬福","110/08/16","元大-汐止",0,10,-10
"14299","1540喬福","110/08/16","兆豐-北高雄",5,0,5
"14300","1540喬福","110/08/16","凱基-竹北",0,7,-7
"14301","1540喬福","110/08/16","台新-台中",5,0,5
"14302","1540喬福","110/08/16","日盛-文化",0,4,-4
"14303","1540喬福","110/08/16","凱基-台南",5,0,5
"14304","1540喬福","110/08/16","富邦-桃園",0,3,-3
"14305","1540喬福","110/08/16","元大-龍潭",5,0,5
"14306","1540喬福","110/08/16","摩根大通",1,3,-2
"14307","1540喬福","110/08/16","元富-緯城",4,0,4
"14308","1540喬福","110/08/16","玉山-城中",0,2,-2
"14309","1540喬福","110/08/16","元大-大安",4,0,4
"14310","1540喬福","110/08/16","永豐金-桃園",0,2,-2
"14311","2888新光金","110/08/16","兆豐-公益",12939,12,12927
"14312","2888新光金","110/08/16","摩根大通",2056,10998,-8942
"14313","2888新光金","110/08/16","元大-忠孝鼎富",11100,189,10911
"14314","2888新光金","110/08/16","元富-城東",25,8381,-8356
"14315","2888新光金","110/08/16","港商麥格理",9753,0,9753
"14316","2888新光金","110/08/16","元富",6,7491,-7485
"14317","2888新光金","110/08/16","群益金鼎-大安",3294,0,3294
"14318","2888新光金","110/08/16","美林",136,3975,-3839
"14319","2888新光金","110/08/16","凱基-復興",3020,0,3020
"14320","2888新光金","110/08/16","臺銀-高雄",19,3007,-2988
"14321","2888新光金","110/08/16","美商高盛",5603,3216,2387
"14322","2888新光金","110/08/16","台灣摩根士丹利",419,2562,-2143
"14323","2888新光金","110/08/16","國票-台東",2067,0,2067
"14324","2888新光金","110/08/16","瑞士信貸",58,1618,-1560
"14325","2888新光金","110/08/16","群益金鼎-台北",1872,0,1872
"14326","2888新光金","110/08/16","玉山-新竹",0,1497,-1497
"14327","2888新光金","110/08/16","新加坡商瑞銀",2005,179,1826
"14328","2888新光金","110/08/16","國票-博愛",3,1208,-1205
"14329","2888新光金","110/08/16","華南永昌-忠孝",1827,90,1737
"14330","2888新光金","110/08/16","元大-士林",85,1185,-1100
"14331","2888新光金","110/08/16","富邦-新營",1400,0,1400
"14332","2888新光金","110/08/16","臺銀-民權",19,1095,-1076
"14333","2888新光金","110/08/16","華南永昌-鳳山",1174,11,1163
"14334","2888新光金","110/08/16","法銀巴黎",0,868,-868
"14335","2888新光金","110/08/16","元大-員林",1051,12,1039
"14336","2888新光金","110/08/16","群益金鼎",10,847,-837
"14337","2888新光金","110/08/16","富邦-高雄",1015,11,1004
"14338","2888新光金","110/08/16","元富-世貿",7,794,-787
"14339","2888新光金","110/08/16","日盛-南京",1000,5,995
"14340","2888新光金","110/08/16","國票-安和",0,724,-724
"14341","1340勝悅","110/08/16","元富-成功",30,0,30
"14342","1340勝悅","110/08/16","元富-城東",0,107,-107
"14343","1340勝悅","110/08/16","華南永昌-公誠",30,0,30
"14344","1340勝悅","110/08/16","永豐金-竹科",0,38,-38
"14345","1340勝悅","110/08/16","華南永昌-敦南",25,0,25
"14346","1340勝悅","110/08/16","德信-新營",0,30,-30
"14347","1340勝悅","110/08/16","合庫-自強",15,0,15
"14348","1340勝悅","110/08/16","國泰-松江",0,15,-15
"14349","1340勝悅","110/08/16","臺銀-鳳山",15,0,15
"14350","1340勝悅","110/08/16","摩根大通",5,17,-12
"14351","1340勝悅","110/08/16","元富-中港",10,0,10
"14352","1340勝悅","110/08/16","港商法國興業",0,11,-11
"14353","1340勝悅","110/08/16","永豐金-南京",10,0,10
"14354","1340勝悅","110/08/16","玉山-高雄",0,10,-10
"14355","1340勝悅","110/08/16","新光",9,0,9
"14356","1340勝悅","110/08/16","凱基-台北",0,10,-10
"14357","1340勝悅","110/08/16","國泰-台中",14,7,7
"14358","1340勝悅","110/08/16","華南永昌-嘉義",0,10,-10
"14359","1340勝悅","110/08/16","元大-苗栗",6,0,6
"14360","1340勝悅","110/08/16","合庫-台南",0,6,-6
"14361","1340勝悅","110/08/16","元大-屏南",6,0,6
"14362","1340勝悅","110/08/16","玉山-桃園",0,5,-5
"14363","1340勝悅","110/08/16","臺灣企銀-埔墘",5,0,5
"14364","1340勝悅","110/08/16","永豐金-博愛",0,5,-5
"14365","1340勝悅","110/08/16","日盛-板橋",5,0,5
"14366","1340勝悅","110/08/16","美林",0,2,-2
"14367","1340勝悅","110/08/16","致和-東門",5,0,5
"14368","1340勝悅","110/08/16","兆豐-城中",0,2,-2
"14369","1340勝悅","110/08/16","群益金鼎-館前",7,2,5
"14370","1340勝悅","110/08/16","元大-大雅",0,2,-2
"14371","6246臺龍","110/08/16","元大-南投",25,5,20
"14372","6246臺龍","110/08/16","元大-中壢",9,26,-17
"14373","6246臺龍","110/08/16","港商野村",65,46,19
"14374","6246臺龍","110/08/16","台新-台中",1,15,-14
"14375","6246臺龍","110/08/16","華南永昌",23,5,18
"14376","6246臺龍","110/08/16","群益金鼎-開元",0,12,-12
"14377","6246臺龍","110/08/16","華南永昌-彰化",15,4,11
"14378","6246臺龍","110/08/16","凱基-苗栗",0,7,-7
"14379","6246臺龍","110/08/16","統一-台中",10,0,10
"14380","6246臺龍","110/08/16","日盛-鳳山",0,6,-6
"14381","6246臺龍","110/08/16","兆豐-新營",11,1,10
"14382","6246臺龍","110/08/16","台新證券",4,10,-6
"14383","6246臺龍","110/08/16","玉山-桃園",10,0,10
"14384","6246臺龍","110/08/16","新光",4,10,-6
"14385","6246臺龍","110/08/16","凱基-台北",12,2,10
"14386","6246臺龍","110/08/16","華南永昌-嘉義",0,6,-6
"14387","6246臺龍","110/08/16","群益金鼎-東大",9,0,9
"14388","6246臺龍","110/08/16","元大-竹北",0,6,-6
"14389","6246臺龍","110/08/16","元富-中港",6,0,6
"14390","6246臺龍","110/08/16","元大-永康",0,6,-6
"14391","6246臺龍","110/08/16","德信-新營",6,0,6
"14392","6246臺龍","110/08/16","元富-新店",0,5,-5
"14393","6246臺龍","110/08/16","兆豐-西螺",5,0,5
"14394","6246臺龍","110/08/16","台中銀",0,5,-5
"14395","6246臺龍","110/08/16","群益金鼎-土城",5,0,5
"14396","6246臺龍","110/08/16","群益金鼎-永和",0,5,-5
"14397","6246臺龍","110/08/16","富邦-仁愛",5,0,5
"14398","6246臺龍","110/08/16","元大-台南",0,5,-5
"14399","6246臺龍","110/08/16","元大-基隆孝二",7,2,5
"14400","6246臺龍","110/08/16","元大-土城",0,5,-5
"14401","00715L期街口布蘭特正2","110/08/16","元富",1720,5,1715
"14402","00715L期街口布蘭特正2","110/08/16","元大證券",365,4674,-4309
"14403","00715L期街口布蘭特正2","110/08/16","港商野村",1350,660,690
"14404","00715L期街口布蘭特正2","110/08/16","華南永昌-長虹",50,820,-770
"14405","00715L期街口布蘭特正2","110/08/16","(牛牛牛)亞-鑫豐",587,51,536
"14406","00715L期街口布蘭特正2","110/08/16","凱基-台北",42,470,-428
"14407","00715L期街口布蘭特正2","110/08/16","富邦-嘉義",405,0,405
"14408","00715L期街口布蘭特正2","110/08/16","永豐金證券",5,360,-355
"14409","00715L期街口布蘭特正2","110/08/16","兆豐-嘉義",303,0,303
"14410","00715L期街口布蘭特正2","110/08/16","元大-復北",1,333,-332
"14411","00715L期街口布蘭特正2","110/08/16","元大-學甲",272,0,272
"14412","00715L期街口布蘭特正2","110/08/16","兆豐-新莊",0,306,-306
"14413","00715L期街口布蘭特正2","110/08/16","元大-中和",308,52,256
"14414","00715L期街口布蘭特正2","110/08/16","凱基-松山",0,302,-302
"14415","00715L期街口布蘭特正2","110/08/16","新光",318,84,234
"14416","00715L期街口布蘭特正2","110/08/16","統一-桃園",7,280,-273
"14417","00715L期街口布蘭特正2","110/08/16","元大-北港",165,0,165
"14418","00715L期街口布蘭特正2","110/08/16","日盛-板橋",31,300,-269
"14419","00715L期街口布蘭特正2","110/08/16","台中銀",202,45,157
"14420","00715L期街口布蘭特正2","110/08/16","凱基",0,250,-250
"14421","00715L期街口布蘭特正2","110/08/16","元大-台中中港",157,0,157
"14422","00715L期街口布蘭特正2","110/08/16","富邦-仁愛",11,250,-239
"14423","00715L期街口布蘭特正2","110/08/16","元大-花蓮",150,4,146
"14424","00715L期街口布蘭特正2","110/08/16","台新-台中",34,262,-228
"14425","00715L期街口布蘭特正2","110/08/16","統一-台中",165,32,133
"14426","00715L期街口布蘭特正2","110/08/16","元富-吉利",5,210,-205
"14427","00715L期街口布蘭特正2","110/08/16","永全-南崁",130,0,130
"14428","00715L期街口布蘭特正2","110/08/16","康和",0,150,-150
"14429","00715L期街口布蘭特正2","110/08/16","元富-中壢",223,100,123
"14430","00715L期街口布蘭特正2","110/08/16","兆豐-台中港",53,190,-137
"14431","8941關中","110/08/16","凱基-市府",4,0,4
"14432","8941關中","110/08/16","統一-台中",0,3,-3
"14433","8941關中","110/08/16","(牛牛牛)亞-鑫豐",2,1,1
"14434","8941關中","110/08/16","宏遠-中和",0,1,-1
"14435","8941關中","110/08/16","富邦-左營",1,0,1
"14436","8941關中","110/08/16","富邦-竹北",0,1,-1
"14437","8941關中","110/08/16","元大-路竹",1,0,1
"14438","8941關中","110/08/16","元大-華山",0,1,-1
"14439","8941關中","110/08/16","統一-新台中",0,0,0
"14440","8941關中","110/08/16","永豐金-中正",0,1,-1
"14441","8941關中","110/08/16","元富-中港",0,0,0
"14442","8941關中","110/08/16","統一-新台中",0,0,0
"14443","8941關中","110/08/16","元大證券",0,0,0
"14444","8941關中","110/08/16","元富-中港",0,0,0
"14445","8941關中","110/08/16","元大-龍潭",0,0,0
"14446","8941關中","110/08/16","元大證券",0,0,0
"14447","8941關中","110/08/16","永豐金-南投",0,0,0
"14448","8941關中","110/08/16","元大-龍潭",0,0,0
"14449","8941關中","110/08/16","",NA,NA,NA
"14450","8941關中","110/08/16","永豐金-南投",0,0,0
"14451","8941關中","110/08/16","",NA,NA,NA
"14452","8941關中","110/08/16","",NA,NA,NA
"14453","8941關中","110/08/16","",NA,NA,NA
"14454","8941關中","110/08/16","",NA,NA,NA
"14455","8941關中","110/08/16","",NA,NA,NA
"14456","8941關中","110/08/16","",NA,NA,NA
"14457","8941關中","110/08/16","",NA,NA,NA
"14458","8941關中","110/08/16","",NA,NA,NA
"14459","8941關中","110/08/16","",NA,NA,NA
"14460","8941關中","110/08/16","",NA,NA,NA
"14461","8936國統","110/08/16","台中銀-高雄",200,0,200
"14462","8936國統","110/08/16","摩根大通",39,181,-142
"14463","8936國統","110/08/16","美林",139,31,108
"14464","8936國統","110/08/16","新加坡商瑞銀",48,178,-130
"14465","8936國統","110/08/16","元大-天母",50,0,50
"14466","8936國統","110/08/16","凱基-台北",66,161,-95
"14467","8936國統","110/08/16","中國信託",50,2,48
"14468","8936國統","110/08/16","新光-桃園",2,90,-88
"14469","8936國統","110/08/16","元大-豐原站前",40,0,40
"14470","8936國統","110/08/16","台灣摩根士丹利",1,79,-78
"14471","8936國統","110/08/16","元大-北港",32,0,32
"14472","8936國統","110/08/16","永豐金-苓雅",10,80,-70
"14473","8936國統","110/08/16","永豐金-竹科",28,0,28
"14474","8936國統","110/08/16","富邦-南屯",15,64,-49
"14475","8936國統","110/08/16","凱基-岡山",27,0,27
"14476","8936國統","110/08/16","台新-高雄",10,56,-46
"14477","8936國統","110/08/16","第一金-自由",20,0,20
"14478","8936國統","110/08/16","國票-北高雄",5,30,-25
"14479","8936國統","110/08/16","港商野村",68,50,18
"14480","8936國統","110/08/16","台新-屏東",0,25,-25
"14481","8936國統","110/08/16","華南永昌-岡山",16,0,16
"14482","8936國統","110/08/16","元大-高雄",0,23,-23
"14483","8936國統","110/08/16","新光-台中",59,44,15
"14484","8936國統","110/08/16","台灣企銀-豐原",0,22,-22
"14485","8936國統","110/08/16","日盛證券",14,0,14
"14486","8936國統","110/08/16","玉山證券",0,19,-19
"14487","8936國統","110/08/16","元富-林園",12,0,12
"14488","8936國統","110/08/16","日盛-中壢",0,16,-16
"14489","8936國統","110/08/16","兆豐-景美",12,0,12
"14490","8936國統","110/08/16","美商高盛",6,21,-15
"14491","6226光鼎","110/08/16","凱基-台北",1070,545,525
"14492","6226光鼎","110/08/16","台新證券",86,218,-132
"14493","6226光鼎","110/08/16","美林",291,133,158
"14494","6226光鼎","110/08/16","元富-新竹",10,139,-129
"14495","6226光鼎","110/08/16","瑞士信貸",144,6,138
"14496","6226光鼎","110/08/16","元大-台南",0,101,-101
"14497","6226光鼎","110/08/16","摩根大通",340,206,134
"14498","6226光鼎","110/08/16","永豐金-南投",1,100,-99
"14499","6226光鼎","110/08/16","美商高盛",222,102,120
"14500","6226光鼎","110/08/16","華南永昌-高雄",1,63,-62
"14501","6226光鼎","110/08/16","新光",195,77,118
"14502","6226光鼎","110/08/16","元大-仁愛",1,61,-60
"14503","6226光鼎","110/08/16","第一金-大稻埕",103,1,102
"14504","6226光鼎","110/08/16","群益金鼎-士林",39,98,-59
"14505","6226光鼎","110/08/16","元大-北投",101,4,97
"14506","6226光鼎","110/08/16","元大-府城",20,72,-52
"14507","6226光鼎","110/08/16","元大-竹科",101,10,91
"14508","6226光鼎","110/08/16","合庫-鳳山",4,53,-49
"14509","6226光鼎","110/08/16","元大-北屯",104,15,89
"14510","6226光鼎","110/08/16","國票-九鼎",2,44,-42
"14511","6226光鼎","110/08/16","國泰-桃園",98,29,69
"14512","6226光鼎","110/08/16","元大-金華",13,55,-42
"14513","6226光鼎","110/08/16","群益金鼎-東門",67,0,67
"14514","6226光鼎","110/08/16","富邦-竹東",5,43,-38
"14515","6226光鼎","110/08/16","港商野村",277,215,62
"14516","6226光鼎","110/08/16","元大-雙和",6,43,-37
"14517","6226光鼎","110/08/16","群益金鼎-西松",51,1,50
"14518","6226光鼎","110/08/16","中國信託-忠孝",2,36,-34
"14519","6226光鼎","110/08/16","元富-古亭",50,3,47
"14520","6226光鼎","110/08/16","華南永昌-三重",3,37,-34
"14521","2363矽統","110/08/16","凱基-台北",2187,1127,1060
"14522","2363矽統","110/08/16","元大-東泰",32,339,-307
"14523","2363矽統","110/08/16","美商高盛",1277,381,896
"14524","2363矽統","110/08/16","國泰-敦南",408,608,-200
"14525","2363矽統","110/08/16","美林",777,172,605
"14526","2363矽統","110/08/16","台灣摩根士丹利",6,185,-179
"14527","2363矽統","110/08/16","新加坡商瑞銀",764,476,288
"14528","2363矽統","110/08/16","群益金鼎",14,154,-140
"14529","2363矽統","110/08/16","永豐金-嘉義",250,2,248
"14530","2363矽統","110/08/16","富邦-新竹",103,229,-126
"14531","2363矽統","110/08/16","瑞士信貸",247,11,236
"14532","2363矽統","110/08/16","凱基",0,120,-120
"14533","2363矽統","110/08/16","群益金鼎-士林",173,17,156
"14534","2363矽統","110/08/16","元大-大統",25,138,-113
"14535","2363矽統","110/08/16","統一-新竹",151,2,149
"14536","2363矽統","110/08/16","富邦-中壢",17,125,-108
"14537","2363矽統","110/08/16","港商野村",1539,1409,130
"14538","2363矽統","110/08/16","兆豐-天母",1,102,-101
"14539","2363矽統","110/08/16","凱基-長庚",136,12,124
"14540","2363矽統","110/08/16","陽信-石牌",13,105,-92
"14541","2363矽統","110/08/16","台新-三民",156,49,107
"14542","2363矽統","110/08/16","永豐金-新店",8,100,-92
"14543","2363矽統","110/08/16","凱基-南崁",98,26,72
"14544","2363矽統","110/08/16","日盛-北高雄",25,105,-80
"14545","2363矽統","110/08/16","元富-城東",78,9,69
"14546","2363矽統","110/08/16","元大-萬華",36,116,-80
"14547","2363矽統","110/08/16","元大-汐止",144,79,65
"14548","2363矽統","110/08/16","玉山證券",37,116,-79
"14549","2363矽統","110/08/16","永豐金-中壢",91,28,63
"14550","2363矽統","110/08/16","元大-敦南",3,81,-78
"14551","8112至上","110/08/16","合庫證券",140,7,133
"14552","8112至上","110/08/16","摩根大通",19,588,-569
"14553","8112至上","110/08/16","新光-桃園",102,4,98
"14554","8112至上","110/08/16","新加坡商瑞銀",17,338,-321
"14555","8112至上","110/08/16","元大-敦化",80,2,78
"14556","8112至上","110/08/16","瑞士信貸",3,181,-178
"14557","8112至上","110/08/16","元大-台北",71,0,71
"14558","8112至上","110/08/16","美林",84,183,-99
"14559","8112至上","110/08/16","凱基-嘉義",97,37,60
"14560","8112至上","110/08/16","台灣摩根士丹利",9,101,-92
"14561","8112至上","110/08/16","元大-開元",44,1,43
"14562","8112至上","110/08/16","凱基-台北",133,201,-68
"14563","8112至上","110/08/16","永豐金-台中",43,0,43
"14564","8112至上","110/08/16","新光-高雄",3,57,-54
"14565","8112至上","110/08/16","元大-仁愛",40,0,40
"14566","8112至上","110/08/16","新百王",1,51,-50
"14567","8112至上","110/08/16","富邦-仁愛",65,27,38
"14568","8112至上","110/08/16","華南永昌-新莊",2,47,-45
"14569","8112至上","110/08/16","元大-前金",40,3,37
"14570","8112至上","110/08/16","華南永昌-潮州",0,30,-30
"14571","8112至上","110/08/16","富邦-中壢",33,1,32
"14572","8112至上","110/08/16","國票-長城",18,45,-27
"14573","8112至上","110/08/16","統一-中壢",31,0,31
"14574","8112至上","110/08/16","群益金鼎-海山",3,30,-27
"14575","8112至上","110/08/16","台新-台中",32,1,31
"14576","8112至上","110/08/16","元大-發財",1,28,-27
"14577","8112至上","110/08/16","新光",38,11,27
"14578","8112至上","110/08/16","兆豐-斗南",4,30,-26
"14579","8112至上","110/08/16","合庫-嘉義",25,0,25
"14580","8112至上","110/08/16","國泰-板橋",9,32,-23
"14581","1570力肯","110/08/16","兆豐-民生",80,0,80
"14582","1570力肯","110/08/16","台新證券",17,184,-167
"14583","1570力肯","110/08/16","國票-北高雄",145,85,60
"14584","1570力肯","110/08/16","凱基-台北",61,183,-122
"14585","1570力肯","110/08/16","新光",83,31,52
"14586","1570力肯","110/08/16","摩根大通",18,89,-71
"14587","1570力肯","110/08/16","凱基-三峽",40,0,40
"14588","1570力肯","110/08/16","新光-台南",1,50,-49
"14589","1570力肯","110/08/16","元大-大雅",40,0,40
"14590","1570力肯","110/08/16","國泰-松江",0,30,-30
"14591","1570力肯","110/08/16","元富-新竹",30,0,30
"14592","1570力肯","110/08/16","永豐金-桃園",0,30,-30
"14593","1570力肯","110/08/16","富邦-花蓮",29,0,29
"14594","1570力肯","110/08/16","元富-文心",1,23,-22
"14595","1570力肯","110/08/16","統一-高雄",26,1,25
"14596","1570力肯","110/08/16","永豐金-屏東",3,25,-22
"14597","1570力肯","110/08/16","元大-雙和",24,0,24
"14598","1570力肯","110/08/16","台灣摩根士丹利",0,18,-18
"14599","1570力肯","110/08/16","日盛-高雄",21,0,21
"14600","1570力肯","110/08/16","元富-新店",2,20,-18
"14601","1570力肯","110/08/16","國票-和平",27,6,21
"14602","1570力肯","110/08/16","康和-屏東",0,16,-16
"14603","1570力肯","110/08/16","國泰證券",20,0,20
"14604","1570力肯","110/08/16","聯邦-三重",0,15,-15
"14605","1570力肯","110/08/16","群益金鼎-東門",20,0,20
"14606","1570力肯","110/08/16","富邦-內湖",8,21,-13
"14607","1570力肯","110/08/16","元大-民生",19,0,19
"14608","1570力肯","110/08/16","新光-台中",8,20,-12
"14609","1570力肯","110/08/16","元富-民權",15,0,15
"14610","1570力肯","110/08/16","國泰-館前",0,12,-12
"14611","2929淘帝","110/08/16","日盛-中壢",55,1,54
"14612","2929淘帝","110/08/16","摩根大通",10,80,-70
"14613","2929淘帝","110/08/16","元大-太平",31,0,31
"14614","2929淘帝","110/08/16","港商野村",13,57,-44
"14615","2929淘帝","110/08/16","宏遠-館前",30,0,30
"14616","2929淘帝","110/08/16","元大-西門",0,37,-37
"14617","2929淘帝","110/08/16","凱基-東門",24,0,24
"14618","2929淘帝","110/08/16","新加坡商瑞銀",4,26,-22
"14619","2929淘帝","110/08/16","台新-台中",21,0,21
"14620","2929淘帝","110/08/16","元大-大里",0,22,-22
"14621","2929淘帝","110/08/16","日盛-八德",16,0,16
"14622","2929淘帝","110/08/16","兆豐-三重",0,20,-20
"14623","2929淘帝","110/08/16","元富-文心",10,0,10
"14624","2929淘帝","110/08/16","永豐金-鳳山",0,14,-14
"14625","2929淘帝","110/08/16","兆豐-桃園",10,0,10
"14626","2929淘帝","110/08/16","美林",6,17,-11
"14627","2929淘帝","110/08/16","群益金鼎-基隆",10,0,10
"14628","2929淘帝","110/08/16","臺銀-金山",0,10,-10
"14629","2929淘帝","110/08/16","永豐金證券",10,0,10
"14630","2929淘帝","110/08/16","國票-博愛",0,10,-10
"14631","2929淘帝","110/08/16","新光",10,2,8
"14632","2929淘帝","110/08/16","元大-上新莊",2,12,-10
"14633","2929淘帝","110/08/16","元大-承德",8,0,8
"14634","2929淘帝","110/08/16","兆豐-大同",0,9,-9
"14635","2929淘帝","110/08/16","亞東-新竹",7,0,7
"14636","2929淘帝","110/08/16","台新-建北",0,9,-9
"14637","2929淘帝","110/08/16","凱基-林口",7,0,7
"14638","2929淘帝","110/08/16","國泰-館前",0,7,-7
"14639","2929淘帝","110/08/16","凱基-新豐",6,0,6
"14640","2929淘帝","110/08/16","兆豐-台南",0,6,-6
"14641","5410國眾","110/08/16","兆豐-城中",85,0,85
"14642","5410國眾","110/08/16","國泰-敦南",15,99,-84
"14643","5410國眾","110/08/16","元大-六合",42,0,42
"14644","5410國眾","110/08/16","凱基-高雄",0,50,-50
"14645","5410國眾","110/08/16","兆豐-小港",36,0,36
"14646","5410國眾","110/08/16","瑞士信貸",0,44,-44
"14647","5410國眾","110/08/16","凱基-台南",30,0,30
"14648","5410國眾","110/08/16","摩根大通",46,87,-41
"14649","5410國眾","110/08/16","富邦-建國",31,1,30
"14650","5410國眾","110/08/16","元大-士林",0,38,-38
"14651","5410國眾","110/08/16","國票-安和",31,4,27
"14652","5410國眾","110/08/16","兆豐-台中港",0,30,-30
"14653","5410國眾","110/08/16","凱基-竹北",24,0,24
"14654","5410國眾","110/08/16","凱基-台北",27,55,-28
"14655","5410國眾","110/08/16","玉山-新莊",15,0,15
"14656","5410國眾","110/08/16","元大-古亭",0,26,-26
"14657","5410國眾","110/08/16","元大-木柵",12,0,12
"14658","5410國眾","110/08/16","臺銀",1,24,-23
"14659","5410國眾","110/08/16","元大-新盛",12,0,12
"14660","5410國眾","110/08/16","元大-中壢",3,26,-23
"14661","5410國眾","110/08/16","永豐金-台南",12,1,11
"14662","5410國眾","110/08/16","元大-北港",0,21,-21
"14663","5410國眾","110/08/16","合庫-桃園",10,0,10
"14664","5410國眾","110/08/16","元大-北投",0,20,-20
"14665","5410國眾","110/08/16","日盛-屏東",10,0,10
"14666","5410國眾","110/08/16","元富-潮州",0,15,-15
"14667","5410國眾","110/08/16","元富-城東",10,0,10
"14668","5410國眾","110/08/16","臺銀-鳳山",1,15,-14
"14669","5410國眾","110/08/16","富邦-陽明",10,0,10
"14670","5410國眾","110/08/16","元大-屏東",0,14,-14
"14671","2841台開","110/08/16","宏遠-館前",190,0,190
"14672","2841台開","110/08/16","港商野村",0,44,-44
"14673","2841台開","110/08/16","合庫證券",30,0,30
"14674","2841台開","110/08/16","新光-台南",0,33,-33
"14675","2841台開","110/08/16","凱基-竹科",20,0,20
"14676","2841台開","110/08/16","台新證券",10,42,-32
"14677","2841台開","110/08/16","永豐金-中盛",13,0,13
"14678","2841台開","110/08/16","元大-大里德芳",0,30,-30
"14679","2841台開","110/08/16","大慶-蘆洲",10,0,10
"14680","2841台開","110/08/16","合庫-台中",0,28,-28
"14681","2841台開","110/08/16","新光",13,3,10
"14682","2841台開","110/08/16","元大-善化",0,20,-20
"14683","2841台開","110/08/16","元大-新店中正",10,0,10
"14684","2841台開","110/08/16","永豐金-敦南",30,50,-20
"14685","2841台開","110/08/16","群益金鼎-崇德",8,0,8
"14686","2841台開","110/08/16","新加坡商瑞銀",0,16,-16
"14687","2841台開","110/08/16","元富-成功",7,0,7
"14688","2841台開","110/08/16","玉山-新莊",0,16,-16
"14689","2841台開","110/08/16","元大-彰化",7,0,7
"14690","2841台開","110/08/16","日盛-內湖",0,15,-15
"14691","2841台開","110/08/16","台中銀",5,0,5
"14692","2841台開","110/08/16","兆豐-民生",0,15,-15
"14693","2841台開","110/08/16","中國信託-文心",5,0,5
"14694","2841台開","110/08/16","華南永昌-高雄",0,15,-15
"14695","2841台開","110/08/16","兆豐-台中",5,0,5
"14696","2841台開","110/08/16","元大-永康",0,10,-10
"14697","2841台開","110/08/16","台新-新營",5,0,5
"14698","2841台開","110/08/16","元大-北三重",0,10,-10
"14699","2841台開","110/08/16","凱基-東港",10,5,5
"14700","2841台開","110/08/16","永豐金證券",0,10,-10
"14701","6207雷科","110/08/16","台新-高雄",131,3,128
"14702","6207雷科","110/08/16","元大-高雄",0,52,-52
"14703","6207雷科","110/08/16","凱基-台北",70,20,50
"14704","6207雷科","110/08/16","摩根大通",62,112,-50
"14705","6207雷科","110/08/16","元大-東門",42,0,42
"14706","6207雷科","110/08/16","華南永昌-三重",0,50,-50
"14707","6207雷科","110/08/16","永豐金證券",30,0,30
"14708","6207雷科","110/08/16","凱基-復興",0,40,-40
"14709","6207雷科","110/08/16","元大-六合",21,0,21
"14710","6207雷科","110/08/16","元大-潮州",0,40,-40
"14711","6207雷科","110/08/16","群益金鼎-東門",20,0,20
"14712","6207雷科","110/08/16","日盛證券",2,37,-35
"14713","6207雷科","110/08/16","元大-松江",20,0,20
"14714","6207雷科","110/08/16","新加坡商瑞銀",45,80,-35
"14715","6207雷科","110/08/16","大昌-桃園",28,10,18
"14716","6207雷科","110/08/16","玉山-士林",0,27,-27
"14717","6207雷科","110/08/16","統一-新竹",16,0,16
"14718","6207雷科","110/08/16","元大-大統",0,22,-22
"14719","6207雷科","110/08/16","台中銀",15,0,15
"14720","6207雷科","110/08/16","元大-民生",2,24,-22
"14721","6207雷科","110/08/16","中國信託-三重",13,0,13
"14722","6207雷科","110/08/16","凱基-高雄",6,27,-21
"14723","6207雷科","110/08/16","凱基-岡山",11,0,11
"14724","6207雷科","110/08/16","國票-北高雄",0,15,-15
"14725","6207雷科","110/08/16","富邦-中壢",11,0,11
"14726","6207雷科","110/08/16","新光",0,12,-12
"14727","6207雷科","110/08/16","港商野村",27,17,10
"14728","6207雷科","110/08/16","台新-左楠",1,12,-11
"14729","6207雷科","110/08/16","第一金-安和",10,0,10
"14730","6207雷科","110/08/16","新光-台南",0,10,-10
"14731","3679新至陞","110/08/16","凱基-台北",15,2,13
"14732","3679新至陞","110/08/16","摩根大通",7,19,-12
"14733","3679新至陞","110/08/16","台灣摩根士丹利",8,3,5
"14734","3679新至陞","110/08/16","瑞士信貸",0,11,-11
"14735","3679新至陞","110/08/16","國泰-桃園",5,0,5
"14736","3679新至陞","110/08/16","永豐金-苓雅",1,5,-4
"14737","3679新至陞","110/08/16","美商高盛",3,0,3
"14738","3679新至陞","110/08/16","國泰-松江",0,3,-3
"14739","3679新至陞","110/08/16","華南永昌",3,0,3
"14740","3679新至陞","110/08/16","凱基-台南",0,3,-3
"14741","3679新至陞","110/08/16","日盛-竹北",2,0,2
"14742","3679新至陞","110/08/16","彰銀",0,2,-2
"14743","3679新至陞","110/08/16","日盛-文化",3,1,2
"14744","3679新至陞","110/08/16","新加坡商瑞銀",0,2,-2
"14745","3679新至陞","110/08/16","大慶-蘆洲",3,1,2
"14746","3679新至陞","110/08/16","第一金-頭份",0,2,-2
"14747","3679新至陞","110/08/16","國票-九鼎",2,0,2
"14748","3679新至陞","110/08/16","康和-嘉義",0,2,-2
"14749","3679新至陞","110/08/16","華南永昌-高雄",2,0,2
"14750","3679新至陞","110/08/16","凱基-站前",0,2,-2
"14751","3679新至陞","110/08/16","元大-新店中正",2,0,2
"14752","3679新至陞","110/08/16","元大證券",0,2,-2
"14753","3679新至陞","110/08/16","土銀-士林",1,0,1
"14754","3679新至陞","110/08/16","元大-頭份",0,2,-2
"14755","3679新至陞","110/08/16","日盛證券",1,0,1
"14756","3679新至陞","110/08/16","元大-斗信",0,2,-2
"14757","3679新至陞","110/08/16","美林",10,9,1
"14758","3679新至陞","110/08/16","元大-嘉義",0,2,-2
"14759","3679新至陞","110/08/16","第一金-忠孝",1,0,1
"14760","3679新至陞","110/08/16","日盛-龍潭",0,1,-1
"14761","2727王品","110/08/16","瑞士信貸",49,0,49
"14762","2727王品","110/08/16","台新證券",4,162,-158
"14763","2727王品","110/08/16","台灣摩根士丹利",33,3,30
"14764","2727王品","110/08/16","臺銀-鳳山",5,81,-76
"14765","2727王品","110/08/16","新光",37,12,25
"14766","2727王品","110/08/16","玉山-台南",2,33,-31
"14767","2727王品","110/08/16","日盛-忠孝",20,0,20
"14768","2727王品","110/08/16","美商高盛",0,23,-23
"14769","2727王品","110/08/16","元大-東蘆",16,1,15
"14770","2727王品","110/08/16","兆豐-南京",0,20,-20
"14771","2727王品","110/08/16","第一金-台中",15,1,14
"14772","2727王品","110/08/16","凱基-虎尾",0,20,-20
"14773","2727王品","110/08/16","國泰-敦南",29,15,14
"14774","2727王品","110/08/16","中國信託",2,20,-18
"14775","2727王品","110/08/16","第一金-桃園",13,0,13
"14776","2727王品","110/08/16","新光-桃園",2,20,-18
"14777","2727王品","110/08/16","第一金-忠孝",13,1,12
"14778","2727王品","110/08/16","永豐金證券",2,20,-18
"14779","2727王品","110/08/16","摩根大通",24,12,12
"14780","2727王品","110/08/16","統一",6,22,-16
"14781","2727王品","110/08/16","富邦-陽明",15,3,12
"14782","2727王品","110/08/16","合庫證券",2,14,-12
"14783","2727王品","110/08/16","元富-西松",13,2,11
"14784","2727王品","110/08/16","富邦-仁愛",7,19,-12
"14785","2727王品","110/08/16","聯邦-興中",11,0,11
"14786","2727王品","110/08/16","元大-竹科",4,16,-12
"14787","2727王品","110/08/16","中國信託-松江",10,0,10
"14788","2727王品","110/08/16","元大-和平",0,12,-12
"14789","2727王品","110/08/16","凱基-市府",10,0,10
"14790","2727王品","110/08/16","凱基-興隆",1,12,-11
"14791","1570力肯","110/08/16","兆豐-民生",80,0,80
"14792","1570力肯","110/08/16","台新證券",17,184,-167
"14793","1570力肯","110/08/16","國票-北高雄",145,85,60
"14794","1570力肯","110/08/16","凱基-台北",61,183,-122
"14795","1570力肯","110/08/16","新光",83,31,52
"14796","1570力肯","110/08/16","摩根大通",18,89,-71
"14797","1570力肯","110/08/16","凱基-三峽",40,0,40
"14798","1570力肯","110/08/16","新光-台南",1,50,-49
"14799","1570力肯","110/08/16","元大-大雅",40,0,40
"14800","1570力肯","110/08/16","國泰-松江",0,30,-30
"14801","1570力肯","110/08/16","元富-新竹",30,0,30
"14802","1570力肯","110/08/16","永豐金-桃園",0,30,-30
"14803","1570力肯","110/08/16","富邦-花蓮",29,0,29
"14804","1570力肯","110/08/16","元富-文心",1,23,-22
"14805","1570力肯","110/08/16","統一-高雄",26,1,25
"14806","1570力肯","110/08/16","永豐金-屏東",3,25,-22
"14807","1570力肯","110/08/16","元大-雙和",24,0,24
"14808","1570力肯","110/08/16","台灣摩根士丹利",0,18,-18
"14809","1570力肯","110/08/16","日盛-高雄",21,0,21
"14810","1570力肯","110/08/16","元富-新店",2,20,-18
"14811","1570力肯","110/08/16","國票-和平",27,6,21
"14812","1570力肯","110/08/16","康和-屏東",0,16,-16
"14813","1570力肯","110/08/16","國泰證券",20,0,20
"14814","1570力肯","110/08/16","聯邦-三重",0,15,-15
"14815","1570力肯","110/08/16","群益金鼎-東門",20,0,20
"14816","1570力肯","110/08/16","富邦-內湖",8,21,-13
"14817","1570力肯","110/08/16","元大-民生",19,0,19
"14818","1570力肯","110/08/16","新光-台中",8,20,-12
"14819","1570力肯","110/08/16","元富-民權",15,0,15
"14820","1570力肯","110/08/16","國泰-館前",0,12,-12
"14821","6180橘子","110/08/16","美林",85,0,85
"14822","6180橘子","110/08/16","合庫-高雄",2,121,-119
"14823","6180橘子","110/08/16","新加坡商瑞銀",42,8,34
"14824","6180橘子","110/08/16","群益金鼎-三民",0,100,-100
"14825","6180橘子","110/08/16","合庫-自強",30,0,30
"14826","6180橘子","110/08/16","台灣摩根士丹利",0,50,-50
"14827","6180橘子","110/08/16","元大-中壢",23,0,23
"14828","6180橘子","110/08/16","統一",0,30,-30
"14829","6180橘子","110/08/16","新光-桃園",24,2,22
"14830","6180橘子","110/08/16","凱基-台北",0,27,-27
"14831","6180橘子","110/08/16","日盛-板橋",20,0,20
"14832","6180橘子","110/08/16","群益金鼎-大安",0,20,-20
"14833","6180橘子","110/08/16","康和-嘉義",19,0,19
"14834","6180橘子","110/08/16","元大-博愛",1,20,-19
"14835","6180橘子","110/08/16","永豐金-敦北",19,1,18
"14836","6180橘子","110/08/16","元大-文心興安",2,20,-18
"14837","6180橘子","110/08/16","元大-四維",16,0,16
"14838","6180橘子","110/08/16","統一-中壢",0,15,-15
"14839","6180橘子","110/08/16","元大-和平",16,0,16
"14840","6180橘子","110/08/16","元富-宜蘭",2,15,-13
"14841","6180橘子","110/08/16","港商野村",27,12,15
"14842","6180橘子","110/08/16","元大-沙鹿",0,12,-12
"14843","6180橘子","110/08/16","富隆-長安",15,0,15
"14844","6180橘子","110/08/16","元大-清水",0,12,-12
"14845","6180橘子","110/08/16","摩根大通",51,36,15
"14846","6180橘子","110/08/16","臺銀-鳳山",3,14,-11
"14847","6180橘子","110/08/16","美商高盛",15,1,14
"14848","6180橘子","110/08/16","盈溢",0,10,-10
"14849","6180橘子","110/08/16","元大-永和",13,0,13
"14850","6180橘子","110/08/16","元富-世貿",0,10,-10
"14851","2390云辰","110/08/16","富邦-虎尾",514,48,466
"14852","2390云辰","110/08/16","凱基-台北",495,1222,-727
"14853","2390云辰","110/08/16","摩根大通",2747,2369,378
"14854","2390云辰","110/08/16","元富-西松",194,423,-229
"14855","2390云辰","110/08/16","國泰-桃園",291,66,225
"14856","2390云辰","110/08/16","國票-安和",121,349,-228
"14857","2390云辰","110/08/16","元大-木柵",237,23,214
"14858","2390云辰","110/08/16","元大-信義",10,155,-145
"14859","2390云辰","110/08/16","新光",859,695,164
"14860","2390云辰","110/08/16","統一-新台中",6,137,-131
"14861","2390云辰","110/08/16","元大證券",229,67,162
"14862","2390云辰","110/08/16","美林",355,470,-115
"14863","2390云辰","110/08/16","兆豐-埔墘",719,573,146
"14864","2390云辰","110/08/16","台新-高雄",113,208,-95
"14865","2390云辰","110/08/16","永豐金-嘉義",144,20,124
"14866","2390云辰","110/08/16","豐農",37,114,-77
"14867","2390云辰","110/08/16","元大-台中",126,26,100
"14868","2390云辰","110/08/16","國泰-忠孝",15,85,-70
"14869","2390云辰","110/08/16","瑞士信貸",124,28,96
"14870","2390云辰","110/08/16","富邦-北港",154,223,-69
"14871","2390云辰","110/08/16","永豐金-古亭",120,24,96
"14872","2390云辰","110/08/16","凱基-科園",11,79,-68
"14873","2390云辰","110/08/16","富邦-嘉義",2108,2013,95
"14874","2390云辰","110/08/16","華南永昌-台中",82,149,-67
"14875","2390云辰","110/08/16","富邦-內湖",120,26,94
"14876","2390云辰","110/08/16","台新-左楠",61,126,-65
"14877","2390云辰","110/08/16","群益金鼎-三重",142,56,86
"14878","2390云辰","110/08/16","元大-林園",3,67,-64
"14879","2390云辰","110/08/16","元大-前金",200,123,77
"14880","2390云辰","110/08/16","永豐金-萬盛",23,84,-61
"14881","2867三商壽","110/08/13","美商高盛",295,16,279
"14882","2867三商壽","110/08/13","摩根大通",109,286,-177
"14883","2867三商壽","110/08/13","大慶-中壢",183,1,182
"14884","2867三商壽","110/08/13","元大-佳里",0,113,-113
"14885","2867三商壽","110/08/13","新加坡商瑞銀",121,0,121
"14886","2867三商壽","110/08/13","元大-崇德",0,103,-103
"14887","2867三商壽","110/08/13","凱基-五股",100,0,100
"14888","2867三商壽","110/08/13","台灣摩根士丹利",9,83,-74
"14889","2867三商壽","110/08/13","元大-桃園",100,1,99
"14890","2867三商壽","110/08/13","國泰-台南",1,73,-72
"14891","2867三商壽","110/08/13","凱基-虎尾",90,0,90
"14892","2867三商壽","110/08/13","元大證券",1,62,-61
"14893","2867三商壽","110/08/13","華南永昌-高雄",100,10,90
"14894","2867三商壽","110/08/13","元大-台中",0,60,-60
"14895","2867三商壽","110/08/13","兆豐-北高雄",81,2,79
"14896","2867三商壽","110/08/13","元大-大同",0,53,-53
"14897","2867三商壽","110/08/13","新光",105,39,66
"14898","2867三商壽","110/08/13","兆豐-鹿港",0,50,-50
"14899","2867三商壽","110/08/13","富邦-彰化",60,0,60
"14900","2867三商壽","110/08/13","合庫-西台中",2,50,-48
"14901","2867三商壽","110/08/13","富邦-台南",60,0,60
"14902","2867三商壽","110/08/13","新光-台中",7,53,-46
"14903","2867三商壽","110/08/13","玉山-板橋",60,1,59
"14904","2867三商壽","110/08/13","元大-大益",0,44,-44
"14905","2867三商壽","110/08/13","群益金鼎-新竹",56,0,56
"14906","2867三商壽","110/08/13","亞東-板橋",0,36,-36
"14907","2867三商壽","110/08/13","元大-大統",53,0,53
"14908","2867三商壽","110/08/13","福邦證券",0,34,-34
"14909","2867三商壽","110/08/13","瑞士信貸",55,3,52
"14910","2867三商壽","110/08/13","元大-博愛",16,50,-34
"14911","5521工信","110/08/13","日進",100,0,100
"14912","5521工信","110/08/13","美林",1,87,-86
"14913","5521工信","110/08/13","摩根大通",180,102,78
"14914","5521工信","110/08/13","日盛-復興",1,70,-69
"14915","5521工信","110/08/13","元大-鳳山",30,0,30
"14916","5521工信","110/08/13","永豐金-鳳山",1,60,-59
"14917","5521工信","110/08/13","(牛牛牛)亞-鑫豐",28,2,26
"14918","5521工信","110/08/13","中國信託-三重",0,52,-52
"14919","5521工信","110/08/13","新光",24,0,24
"14920","5521工信","110/08/13","華南永昌-民權",0,50,-50
"14921","5521工信","110/08/13","華南永昌-彰化",21,0,21
"14922","5521工信","110/08/13","第一金-新竹",0,34,-34
"14923","5521工信","110/08/13","台灣企銀-建成",20,0,20
"14924","5521工信","110/08/13","凱基-台北",18,49,-31
"14925","5521工信","110/08/13","大昌",20,0,20
"14926","5521工信","110/08/13","元大-新莊",10,38,-28
"14927","5521工信","110/08/13","兆豐-中壢",20,0,20
"14928","5521工信","110/08/13","台灣摩根士丹利",2,28,-26
"14929","5521工信","110/08/13","國票-和平",20,0,20
"14930","5521工信","110/08/13","華南永昌",0,23,-23
"14931","5521工信","110/08/13","元大-基隆孝二",20,0,20
"14932","5521工信","110/08/13","統一-板橋",0,20,-20
"14933","5521工信","110/08/13","日盛-中和",19,0,19
"14934","5521工信","110/08/13","港商法國興業",0,17,-17
"14935","5521工信","110/08/13","兆豐-小港",19,0,19
"14936","5521工信","110/08/13","元大-府城",0,16,-16
"14937","5521工信","110/08/13","富邦-高雄",17,0,17
"14938","5521工信","110/08/13","元大-敦化",0,16,-16
"14939","5521工信","110/08/13","統一-員林",15,0,15
"14940","5521工信","110/08/13","新光-新竹",5,20,-15
"14941","1471首利","110/08/13","聯邦-高雄",42,0,42
"14942","1471首利","110/08/13","摩根大通",41,220,-179
"14943","1471首利","110/08/13","元大-西門",40,0,40
"14944","1471首利","110/08/13","元大-敦化",0,100,-100
"14945","1471首利","110/08/13","元大-大灣",37,0,37
"14946","1471首利","110/08/13","美林",0,69,-69
"14947","1471首利","110/08/13","第一金-台南",30,0,30
"14948","1471首利","110/08/13","瑞士信貸",5,65,-60
"14949","1471首利","110/08/13","元富-大昌",25,0,25
"14950","1471首利","110/08/13","美商高盛",0,51,-51
"14951","1471首利","110/08/13","大慶-中壢",20,0,20
"14952","1471首利","110/08/13","華南永昌-苗栗",5,30,-25
"14953","1471首利","110/08/13","凱基-台南",20,0,20
"14954","1471首利","110/08/13","玉山-台南",0,22,-22
"14955","1471首利","110/08/13","新光",19,0,19
"14956","1471首利","110/08/13","元富-民權",0,20,-20
"14957","1471首利","110/08/13","凱基-羅東",17,0,17
"14958","1471首利","110/08/13","中國信託",0,20,-20
"14959","1471首利","110/08/13","永豐金-台南",20,4,16
"14960","1471首利","110/08/13","凱基-五股",0,20,-20
"14961","1471首利","110/08/13","元大-屏東",14,0,14
"14962","1471首利","110/08/13","台灣摩根士丹利",0,17,-17
"14963","1471首利","110/08/13","新光-台中",16,4,12
"14964","1471首利","110/08/13","兆豐-員林",2,15,-13
"14965","1471首利","110/08/13","元大-頭份",12,0,12
"14966","1471首利","110/08/13","日盛-宜蘭",0,10,-10
"14967","1471首利","110/08/13","凱基-三重",11,0,11
"14968","1471首利","110/08/13","元富-緯城",1,10,-9
"14969","1471首利","110/08/13","日盛-鳳山",10,0,10
"14970","1471首利","110/08/13","國泰-台中",2,8,-6
"14971","2883開發金","110/08/13","凱基-台北",23196,4416,18780
"14972","2883開發金","110/08/13","永豐金-彰化",79,4793,-4714
"14973","2883開發金","110/08/13","摩根大通",24818,6057,18761
"14974","2883開發金","110/08/13","第一金-忠孝",55,4613,-4558
"14975","2883開發金","110/08/13","新加坡商瑞銀",6645,205,6440
"14976","2883開發金","110/08/13","台新證券",1316,5539,-4223
"14977","2883開發金","110/08/13","中國信託-文心",4723,123,4600
"14978","2883開發金","110/08/13","日盛證券",587,3754,-3167
"14979","2883開發金","110/08/13","美林",6276,1780,4496
"14980","2883開發金","110/08/13","群益金鼎-大甲",48,2429,-2381
"14981","2883開發金","110/08/13","國泰證券",3682,17,3665
"14982","2883開發金","110/08/13","永豐金證券",169,1849,-1680
"14983","2883開發金","110/08/13","台灣摩根士丹利",3927,582,3345
"14984","2883開發金","110/08/13","華南永昌-南京",169,1407,-1238
"14985","2883開發金","110/08/13","群益金鼎",2401,367,2034
"14986","2883開發金","110/08/13","凱基-台東",270,1494,-1224
"14987","2883開發金","110/08/13","香港上海匯豐",2006,0,2006
"14988","2883開發金","110/08/13","日盛-板橋",207,1398,-1191
"14989","2883開發金","110/08/13","兆豐證券",1776,128,1648
"14990","2883開發金","110/08/13","元大-萬華",78,1243,-1165
"14991","2883開發金","110/08/13","瑞士信貸",3551,2174,1377
"14992","2883開發金","110/08/13","富邦-台北",295,1428,-1133
"14993","2883開發金","110/08/13","港商野村",7299,6088,1211
"14994","2883開發金","110/08/13","元大-成功",216,1287,-1071
"14995","2883開發金","110/08/13","美商高盛",1016,0,1016
"14996","2883開發金","110/08/13","新光-台中",485,1519,-1034
"14997","2883開發金","110/08/13","元大-大灣",1183,214,969
"14998","2883開發金","110/08/13","國票",232,1261,-1029
"14999","2883開發金","110/08/13","花旗環球",1104,284,820
"15000","2883開發金","110/08/13","永豐金-桃園",141,1157,-1016
"15001","6205詮欣","110/08/13","合庫-三重",15,0,15
"15002","6205詮欣","110/08/13","摩根大通",3,17,-14
"15003","6205詮欣","110/08/13","港商法國興業",11,0,11
"15004","6205詮欣","110/08/13","元大-善化",0,10,-10
"15005","6205詮欣","110/08/13","臺銀-民權",7,0,7
"15006","6205詮欣","110/08/13","元大-台中中港",0,3,-3
"15007","6205詮欣","110/08/13","日盛-三重",5,0,5
"15008","6205詮欣","110/08/13","合庫-鳳山",0,2,-2
"15009","6205詮欣","110/08/13","群益金鼎-屏東",5,0,5
"15010","6205詮欣","110/08/13","元富-潮州",0,2,-2
"15011","6205詮欣","110/08/13","德信-新營",3,0,3
"15012","6205詮欣","110/08/13","兆豐-桃鶯",0,2,-2
"15013","6205詮欣","110/08/13","美林",2,0,2
"15014","6205詮欣","110/08/13","致和-台北",0,2,-2
"15015","6205詮欣","110/08/13","兆豐-西螺",1,0,1
"15016","6205詮欣","110/08/13","華南永昌-三重",0,2,-2
"15017","6205詮欣","110/08/13","新光-台中",1,0,1
"15018","6205詮欣","110/08/13","土銀-台中",0,1,-1
"15019","6205詮欣","110/08/13","聯邦-嘉義",1,0,1
"15020","6205詮欣","110/08/13","日盛-中壢",0,1,-1
"15021","6205詮欣","110/08/13","玉山-南京東路",1,0,1
"15022","6205詮欣","110/08/13","美商高盛",0,1,-1
"15023","6205詮欣","110/08/13","群益金鼎-中港",1,0,1
"15024","6205詮欣","110/08/13","大展-台南",0,1,-1
"15025","6205詮欣","110/08/13","凱基-大安",1,0,1
"15026","6205詮欣","110/08/13","第一金-彰化",0,1,-1
"15027","6205詮欣","110/08/13","元大-仁愛",1,0,1
"15028","6205詮欣","110/08/13","統一-三重",1,2,-1
"15029","6205詮欣","110/08/13","元大-台南",1,0,1
"15030","6205詮欣","110/08/13","元富-桃園",0,1,-1
"15031","1540喬福","110/08/13","元富-中原",100,0,100
"15032","1540喬福","110/08/13","日盛-文化",0,48,-48
"15033","1540喬福","110/08/13","台新-台中",31,0,31
"15034","1540喬福","110/08/13","凱基-台北",0,33,-33
"15035","1540喬福","110/08/13","兆豐-北高雄",18,0,18
"15036","1540喬福","110/08/13","元大-大安",0,32,-32
"15037","1540喬福","110/08/13","元大-土城永寧",11,0,11
"15038","1540喬福","110/08/13","合庫-台中",2,23,-21
"15039","1540喬福","110/08/13","(牛牛牛)亞-鑫豐",10,0,10
"15040","1540喬福","110/08/13","華南永昌-楠梓",0,20,-20
"15041","1540喬福","110/08/13","凱基-中壢",7,0,7
"15042","1540喬福","110/08/13","群益金鼎-館前",1,20,-19
"15043","1540喬福","110/08/13","安泰",5,0,5
"15044","1540喬福","110/08/13","富邦-花蓮",0,15,-15
"15045","1540喬福","110/08/13","群益金鼎-古亭",5,0,5
"15046","1540喬福","110/08/13","日盛-景美",0,10,-10
"15047","1540喬福","110/08/13","元富-緯城",4,0,4
"15048","1540喬福","110/08/13","台新-高雄",0,9,-9
"15049","1540喬福","110/08/13","兆豐-南京",4,0,4
"15050","1540喬福","110/08/13","玉山-大里",0,8,-8
"15051","1540喬福","110/08/13","凱基-台中",4,0,4
"15052","1540喬福","110/08/13","元大-斗信",0,8,-8
"15053","1540喬福","110/08/13","凱基-台南",5,1,4
"15054","1540喬福","110/08/13","新光-台南",0,6,-6
"15055","1540喬福","110/08/13","元大-龍潭",4,0,4
"15056","1540喬福","110/08/13","兆豐-板橋",0,5,-5
"15057","1540喬福","110/08/13","兆豐-高雄",3,0,3
"15058","1540喬福","110/08/13","富邦-彰化",0,5,-5
"15059","1540喬福","110/08/13","兆豐-鹿港",3,0,3
"15060","1540喬福","110/08/13","美林",0,4,-4
"15061","2888新光金","110/08/13","永豐金-天母",2112,0,2112
"15062","2888新光金","110/08/13","摩根大通",308,3587,-3279
"15063","2888新光金","110/08/13","合庫-西台中",2116,5,2111
"15064","2888新光金","110/08/13","玉山-嘉義",7,1514,-1507
"15065","2888新光金","110/08/13","統一-新竹",1706,0,1706
"15066","2888新光金","110/08/13","國票-台東",0,1500,-1500
"15067","2888新光金","110/08/13","凱基-台北",3076,1640,1436
"15068","2888新光金","110/08/13","台灣摩根士丹利",127,1148,-1021
"15069","2888新光金","110/08/13","元大證券",1418,10,1408
"15070","2888新光金","110/08/13","華南永昌-岡山",62,930,-868
"15071","2888新光金","110/08/13","康和",761,2,759
"15072","2888新光金","110/08/13","港商野村",47,827,-780
"15073","2888新光金","110/08/13","富邦-仁愛",739,52,687
"15074","2888新光金","110/08/13","美商高盛",697,1236,-539
"15075","2888新光金","110/08/13","新加坡商瑞銀",716,121,595
"15076","2888新光金","110/08/13","日盛-八德",88,572,-484
"15077","2888新光金","110/08/13","富邦-彰化",588,12,576
"15078","2888新光金","110/08/13","群益金鼎-三重",1,437,-436
"15079","2888新光金","110/08/13","玉山證券",558,12,546
"15080","2888新光金","110/08/13","永豐金-嘉義",52,472,-420
"15081","2888新光金","110/08/13","群益金鼎-瑞豐",550,10,540
"15082","2888新光金","110/08/13","元富-城東",7,390,-383
"15083","2888新光金","110/08/13","元大-三重",523,0,523
"15084","2888新光金","110/08/13","群益金鼎-高雄",6,387,-381
"15085","2888新光金","110/08/13","永豐金-博愛",420,27,393
"15086","2888新光金","110/08/13","凱基-宜蘭",9,379,-370
"15087","2888新光金","110/08/13","第一金-豐原",364,20,344
"15088","2888新光金","110/08/13","美林",938,1287,-349
"15089","2888新光金","110/08/13","國票-九鼎",317,3,314
"15090","2888新光金","110/08/13","華南永昌-台中",0,329,-329
"15091","1340勝悅","110/08/13","元富-成功",72,0,72
"15092","1340勝悅","110/08/13","元大-忠孝",0,36,-36
"15093","1340勝悅","110/08/13","元大-博愛",10,0,10
"15094","1340勝悅","110/08/13","新光",4,21,-17
"15095","1340勝悅","110/08/13","臺灣企銀-埔墘",5,0,5
"15096","1340勝悅","110/08/13","摩根大通",3,19,-16
"15097","1340勝悅","110/08/13","元大-新莊",5,0,5
"15098","1340勝悅","110/08/13","群益金鼎-三重",0,15,-15
"15099","1340勝悅","110/08/13","美商高盛",4,0,4
"15100","1340勝悅","110/08/13","日盛-永康",0,10,-10
"15101","1340勝悅","110/08/13","國泰-敦南",6,2,4
"15102","1340勝悅","110/08/13","華南永昌-合泰",0,10,-10
"15103","1340勝悅","110/08/13","統一-城中",6,3,3
"15104","1340勝悅","110/08/13","日盛-木柵",0,8,-8
"15105","1340勝悅","110/08/13","元富-新店",3,0,3
"15106","1340勝悅","110/08/13","港商法國興業",0,6,-6
"15107","1340勝悅","110/08/13","玉山-士林",3,0,3
"15108","1340勝悅","110/08/13","群益金鼎-中港",0,5,-5
"15109","1340勝悅","110/08/13","群益金鼎-館前",4,1,3
"15110","1340勝悅","110/08/13","第一金-自由",0,4,-4
"15111","1340勝悅","110/08/13","元富-安南",2,0,2
"15112","1340勝悅","110/08/13","兆豐-新營",0,4,-4
"15113","1340勝悅","110/08/13","大昌-樹林",2,0,2
"15114","1340勝悅","110/08/13","國泰-台中",1,5,-4
"15115","1340勝悅","110/08/13","群益金鼎",2,0,2
"15116","1340勝悅","110/08/13","元大-林園",0,4,-4
"15117","1340勝悅","110/08/13","群益金鼎-北高雄",2,0,2
"15118","1340勝悅","110/08/13","元大-四維",0,4,-4
"15119","1340勝悅","110/08/13","華南永昌",2,0,2
"15120","1340勝悅","110/08/13","美林",0,2,-2
"15121","6246臺龍","110/08/13","華南永昌-彰化",31,0,31
"15122","6246臺龍","110/08/13","永豐金-內湖",0,95,-95
"15123","6246臺龍","110/08/13","合庫-台中",23,0,23
"15124","6246臺龍","110/08/13","玉山-大里",0,21,-21
"15125","6246臺龍","110/08/13","兆豐-忠孝",24,3,21
"15126","6246臺龍","110/08/13","新光-新竹",0,20,-20
"15127","6246臺龍","110/08/13","元大-台北",16,0,16
"15128","6246臺龍","110/08/13","台新-台中",1,19,-18
"15129","6246臺龍","110/08/13","元大-新莊",11,1,10
"15130","6246臺龍","110/08/13","光和",2,17,-15
"15131","6246臺龍","110/08/13","德信-新營",9,0,9
"15132","6246臺龍","110/08/13","日盛-高雄",0,10,-10
"15133","6246臺龍","110/08/13","凱基-永和",9,0,9
"15134","6246臺龍","110/08/13","元富-世貿",0,10,-10
"15135","6246臺龍","110/08/13","港商野村",20,12,8
"15136","6246臺龍","110/08/13","(牛牛牛)亞-鑫豐",1,11,-10
"15137","6246臺龍","110/08/13","富邦-建國",8,0,8
"15138","6246臺龍","110/08/13","國泰-敦南",6,16,-10
"15139","6246臺龍","110/08/13","群益金鼎-開元",12,5,7
"15140","6246臺龍","110/08/13","永豐金-市政",1,10,-9
"15141","6246臺龍","110/08/13","群益金鼎-古亭",7,0,7
"15142","6246臺龍","110/08/13","華南永昌-嘉義",0,8,-8
"15143","6246臺龍","110/08/13","凱基-高美館",7,0,7
"15144","6246臺龍","110/08/13","富邦-敦南",4,11,-7
"15145","6246臺龍","110/08/13","元大-東蘆",10,3,7
"15146","6246臺龍","110/08/13","第一金-彰化",6,12,-6
"15147","6246臺龍","110/08/13","元大-金華",8,1,7
"15148","6246臺龍","110/08/13","新光-桃園",2,8,-6
"15149","6246臺龍","110/08/13","永豐金-松山",7,0,7
"15150","6246臺龍","110/08/13","凱基-竹科",0,6,-6
"15151","00715L期街口布蘭特正2","110/08/13","元大證券",6162,789,5373
"15152","00715L期街口布蘭特正2","110/08/13","元大-四維",2,1000,-998
"15153","00715L期街口布蘭特正2","110/08/13","元富",1528,0,1528
"15154","00715L期街口布蘭特正2","110/08/13","玉山-嘉義",20,1016,-996
"15155","00715L期街口布蘭特正2","110/08/13","合庫證券",1153,0,1153
"15156","00715L期街口布蘭特正2","110/08/13","群益金鼎-古亭",0,666,-666
"15157","00715L期街口布蘭特正2","110/08/13","富邦證券",1029,290,739
"15158","00715L期街口布蘭特正2","110/08/13","富邦-員林",9,489,-480
"15159","00715L期街口布蘭特正2","110/08/13","台新-台中",284,9,275
"15160","00715L期街口布蘭特正2","110/08/13","元大-嘉義",1,400,-399
"15161","00715L期街口布蘭特正2","110/08/13","兆豐-台中",238,0,238
"15162","00715L期街口布蘭特正2","110/08/13","臺銀-新竹",2,360,-358
"15163","00715L期街口布蘭特正2","110/08/13","統一-桃園",283,80,203
"15164","00715L期街口布蘭特正2","110/08/13","日盛-二林",0,300,-300
"15165","00715L期街口布蘭特正2","110/08/13","群益金鼎-屏東",200,0,200
"15166","00715L期街口布蘭特正2","110/08/13","群益金鼎-延平",100,400,-300
"15167","00715L期街口布蘭特正2","110/08/13","元富-虎尾",172,0,172
"15168","00715L期街口布蘭特正2","110/08/13","元大-中和",175,450,-275
"15169","00715L期街口布蘭特正2","110/08/13","凱基-五股",163,0,163
"15170","00715L期街口布蘭特正2","110/08/13","第一金-彰化",5,230,-225
"15171","00715L期街口布蘭特正2","110/08/13","國泰-台南",155,19,136
"15172","00715L期街口布蘭特正2","110/08/13","元大-大里",16,225,-209
"15173","00715L期街口布蘭特正2","110/08/13","永豐金證券",482,350,132
"15174","00715L期街口布蘭特正2","110/08/13","港商野村",7,212,-205
"15175","00715L期街口布蘭特正2","110/08/13","元大-內湖",110,0,110
"15176","00715L期街口布蘭特正2","110/08/13","合庫-新竹",1,199,-198
"15177","00715L期街口布蘭特正2","110/08/13","兆豐-嘉義",103,0,103
"15178","00715L期街口布蘭特正2","110/08/13","高橋",9,205,-196
"15179","00715L期街口布蘭特正2","110/08/13","群益金鼎-土城",100,0,100
"15180","00715L期街口布蘭特正2","110/08/13","國泰-敦南",78,271,-193
"15181","8941關中","110/08/13","宏遠-館前",3,0,3
"15182","8941關中","110/08/13","日盛-信義",0,2,-2
"15183","8941關中","110/08/13","國泰-忠孝",1,0,1
"15184","8941關中","110/08/13","宏遠-中和",0,1,-1
"15185","8941關中","110/08/13","康和-板橋",0,0,0
"15186","8941關中","110/08/13","康和-嘉義",0,1,-1
"15187","8941關中","110/08/13","富邦-左營",0,0,0
"15188","8941關中","110/08/13","康和-板橋",0,0,0
"15189","8941關中","110/08/13","元大-松江",0,0,0
"15190","8941關中","110/08/13","富邦-左營",0,0,0
"15191","8941關中","110/08/13","元大-淡水",0,0,0
"15192","8941關中","110/08/13","元大-松江",0,0,0
"15193","8941關中","110/08/13","",NA,NA,NA
"15194","8941關中","110/08/13","元大-淡水",0,0,0
"15195","8941關中","110/08/13","",NA,NA,NA
"15196","8941關中","110/08/13","",NA,NA,NA
"15197","8941關中","110/08/13","",NA,NA,NA
"15198","8941關中","110/08/13","",NA,NA,NA
"15199","8941關中","110/08/13","",NA,NA,NA
"15200","8941關中","110/08/13","",NA,NA,NA
"15201","8941關中","110/08/13","",NA,NA,NA
"15202","8941關中","110/08/13","",NA,NA,NA
"15203","8941關中","110/08/13","",NA,NA,NA
"15204","8941關中","110/08/13","",NA,NA,NA
"15205","8941關中","110/08/13","",NA,NA,NA
"15206","8941關中","110/08/13","",NA,NA,NA
"15207","8941關中","110/08/13","",NA,NA,NA
"15208","8941關中","110/08/13","",NA,NA,NA
"15209","8941關中","110/08/13","",NA,NA,NA
"15210","8941關中","110/08/13","",NA,NA,NA
"15211","8936國統","110/08/13","台新-高雄",127,0,127
"15212","8936國統","110/08/13","第一金-豐原",0,60,-60
"15213","8936國統","110/08/13","美林",84,18,66
"15214","8936國統","110/08/13","凱基-台北",1,50,-49
"15215","8936國統","110/08/13","摩根大通",40,14,26
"15216","8936國統","110/08/13","凱基-高美館",8,51,-43
"15217","8936國統","110/08/13","凱基-台南",23,0,23
"15218","8936國統","110/08/13","港商野村",8,39,-31
"15219","8936國統","110/08/13","第一金-路竹",20,0,20
"15220","8936國統","110/08/13","日盛-忠孝",0,25,-25
"15221","8936國統","110/08/13","元大-敦化",17,0,17
"15222","8936國統","110/08/13","群益金鼎-台中",0,20,-20
"15223","8936國統","110/08/13","新光-台中",22,6,16
"15224","8936國統","110/08/13","台新-台南",0,15,-15
"15225","8936國統","110/08/13","元大-文心",15,0,15
"15226","8936國統","110/08/13","元大-博愛",0,14,-14
"15227","8936國統","110/08/13","元大-敦南",14,0,14
"15228","8936國統","110/08/13","合庫-台南",0,10,-10
"15229","8936國統","110/08/13","日盛-北高雄",12,0,12
"15230","8936國統","110/08/13","新光-桃園",0,10,-10
"15231","8936國統","110/08/13","元大-西螺",10,0,10
"15232","8936國統","110/08/13","永豐金-南投",0,10,-10
"15233","8936國統","110/08/13","彰銀",8,0,8
"15234","8936國統","110/08/13","永豐金-竹科",0,10,-10
"15235","8936國統","110/08/13","元富-大昌",8,0,8
"15236","8936國統","110/08/13","富邦-竹北",0,8,-8
"15237","8936國統","110/08/13","富邦-南屯",10,2,8
"15238","8936國統","110/08/13","元大-大里德芳",5,13,-8
"15239","8936國統","110/08/13","元大-天母",7,0,7
"15240","8936國統","110/08/13","台新證券",0,7,-7
"15241","6226光鼎","110/08/13","國泰-敦南",676,469,207
"15242","6226光鼎","110/08/13","摩根大通",267,1531,-1264
"15243","6226光鼎","110/08/13","元富-新竹",163,19,144
"15244","6226光鼎","110/08/13","美商高盛",149,1352,-1203
"15245","6226光鼎","110/08/13","合庫-台中",461,334,127
"15246","6226光鼎","110/08/13","瑞士信貸",52,752,-700
"15247","6226光鼎","110/08/13","國泰-台中",734,609,125
"15248","6226光鼎","110/08/13","凱基-台北",84,488,-404
"15249","6226光鼎","110/08/13","元大-小港",198,88,110
"15250","6226光鼎","110/08/13","台新-中壢",2,226,-224
"15251","6226光鼎","110/08/13","凱基-永和",91,0,91
"15252","6226光鼎","110/08/13","元大-文心興安",44,216,-172
"15253","6226光鼎","110/08/13","元大-西螺",82,5,77
"15254","6226光鼎","110/08/13","美林",234,376,-142
"15255","6226光鼎","110/08/13","永豐金-南京",78,1,77
"15256","6226光鼎","110/08/13","凱基-嘉義",12,126,-114
"15257","6226光鼎","110/08/13","群益金鼎-萬華",78,9,69
"15258","6226光鼎","110/08/13","富邦-陽明",23,117,-94
"15259","6226光鼎","110/08/13","日盛-八德",63,1,62
"15260","6226光鼎","110/08/13","兆豐-大安",4,85,-81
"15261","6226光鼎","110/08/13","凱基-桃園",88,27,61
"15262","6226光鼎","110/08/13","永豐金-中盛",27,107,-80
"15263","6226光鼎","110/08/13","凱基-岡山",62,1,61
"15264","6226光鼎","110/08/13","元大證券",232,304,-72
"15265","6226光鼎","110/08/13","臺銀-鳳山",110,52,58
"15266","6226光鼎","110/08/13","凱基-台中",19,84,-65
"15267","6226光鼎","110/08/13","元大-板橋三民",114,56,58
"15268","6226光鼎","110/08/13","元大-士林",107,171,-64
"15269","6226光鼎","110/08/13","凱基-板橋",195,140,55
"15270","6226光鼎","110/08/13","富邦-高雄",15,69,-54
"15271","2363矽統","110/08/13","美商高盛",416,10,406
"15272","2363矽統","110/08/13","元大-佳里",319,1216,-897
"15273","2363矽統","110/08/13","土銀",374,14,360
"15274","2363矽統","110/08/13","瑞士信貸",0,836,-836
"15275","2363矽統","110/08/13","玉山-台中",289,18,271
"15276","2363矽統","110/08/13","永豐金-中正",22,676,-654
"15277","2363矽統","110/08/13","大展",244,10,234
"15278","2363矽統","110/08/13","台灣摩根士丹利",116,566,-450
"15279","2363矽統","110/08/13","永豐金-板盛",172,22,150
"15280","2363矽統","110/08/13","宏遠-桃園",11,359,-348
"15281","2363矽統","110/08/13","富邦-仁愛",198,49,149
"15282","2363矽統","110/08/13","國泰-敦南",671,911,-240
"15283","2363矽統","110/08/13","日盛-北高雄",206,85,121
"15284","2363矽統","110/08/13","元大證券",126,352,-226
"15285","2363矽統","110/08/13","台新-三民",163,55,108
"15286","2363矽統","110/08/13","花旗環球",0,223,-223
"15287","2363矽統","110/08/13","元富-新店",130,23,107
"15288","2363矽統","110/08/13","臺銀",48,259,-211
"15289","2363矽統","110/08/13","永豐金-桃盛",108,5,103
"15290","2363矽統","110/08/13","摩根大通",268,460,-192
"15291","2363矽統","110/08/13","元大-復北",129,28,101
"15292","2363矽統","110/08/13","國票",63,248,-185
"15293","2363矽統","110/08/13","台新-屏東",116,18,98
"15294","2363矽統","110/08/13","台新-高雄",91,263,-172
"15295","2363矽統","110/08/13","華南永昌-虎尾",180,87,93
"15296","2363矽統","110/08/13","合庫證券",18,177,-159
"15297","2363矽統","110/08/13","元大-板橋",101,10,91
"15298","2363矽統","110/08/13","第一金-華江",65,206,-141
"15299","2363矽統","110/08/13","新光",343,260,83
"15300","2363矽統","110/08/13","中國信託-忠孝",65,201,-136
"15301","8112至上","110/08/13","合庫證券",160,5,155
"15302","8112至上","110/08/13","摩根大通",123,818,-695
"15303","8112至上","110/08/13","凱基-竹科",140,12,128
"15304","8112至上","110/08/13","美林",22,299,-277
"15305","8112至上","110/08/13","臺灣企銀-桃園",126,0,126
"15306","8112至上","110/08/13","第一金-華江",4,158,-154
"15307","8112至上","110/08/13","統一-中壢",79,1,78
"15308","8112至上","110/08/13","群益金鼎-基隆",1,117,-116
"15309","8112至上","110/08/13","港商麥格理",86,9,77
"15310","8112至上","110/08/13","新光-桃園",2,100,-98
"15311","8112至上","110/08/13","富邦-新竹",78,2,76
"15312","8112至上","110/08/13","永興-水湳",0,95,-95
"15313","8112至上","110/08/13","凱基-復興",67,0,67
"15314","8112至上","110/08/13","凱基-新店",50,141,-91
"15315","8112至上","110/08/13","合庫-西台中",62,2,60
"15316","8112至上","110/08/13","元富-新興",3,91,-88
"15317","8112至上","110/08/13","大慶",60,0,60
"15318","8112至上","110/08/13","凱基-台北",60,148,-88
"15319","8112至上","110/08/13","日盛-新竹",59,2,57
"15320","8112至上","110/08/13","國票-中和",4,90,-86
"15321","8112至上","110/08/13","元大-開元",53,0,53
"15322","8112至上","110/08/13","新加坡商瑞銀",5,88,-83
"15323","8112至上","110/08/13","富邦-中壢",51,4,47
"15324","8112至上","110/08/13","宏遠-民生",2,52,-50
"15325","8112至上","110/08/13","富邦-桃園",46,0,46
"15326","8112至上","110/08/13","群益金鼎-竹南",0,50,-50
"15327","8112至上","110/08/13","合庫-嘉義",44,0,44
"15328","8112至上","110/08/13","新百王",2,50,-48
"15329","8112至上","110/08/13","元大-府城",55,11,44
"15330","8112至上","110/08/13","港商野村",13,60,-47
"15331","1570力肯","110/08/13","新光",147,12,135
"15332","1570力肯","110/08/13","(牛牛牛)亞-鑫豐",15,136,-121
"15333","1570力肯","110/08/13","國票-北高雄",128,0,128
"15334","1570力肯","110/08/13","富邦-台中",0,51,-51
"15335","1570力肯","110/08/13","凱基-台北",80,24,56
"15336","1570力肯","110/08/13","日盛-頭份",0,50,-50
"15337","1570力肯","110/08/13","統一",54,0,54
"15338","1570力肯","110/08/13","元富-高雄",0,40,-40
"15339","1570力肯","110/08/13","國票-內壢",49,1,48
"15340","1570力肯","110/08/13","凱基-高美館",2,41,-39
"15341","1570力肯","110/08/13","美林",37,0,37
"15342","1570力肯","110/08/13","日盛-忠孝",0,38,-38
"15343","1570力肯","110/08/13","國票-天祥",45,8,37
"15344","1570力肯","110/08/13","元大-羅東",0,20,-20
"15345","1570力肯","110/08/13","摩根大通",67,45,22
"15346","1570力肯","110/08/13","元大-大天母",0,20,-20
"15347","1570力肯","110/08/13","永豐金-屏東",22,0,22
"15348","1570力肯","110/08/13","永豐金-嘉義",0,20,-20
"15349","1570力肯","110/08/13","元富-新店",20,0,20
"15350","1570力肯","110/08/13","國泰-敦南",2,20,-18
"15351","1570力肯","110/08/13","(牛牛牛)亞證券",20,0,20
"15352","1570力肯","110/08/13","元大-沙鹿",1,18,-17
"15353","1570力肯","110/08/13","凱基-台南",20,0,20
"15354","1570力肯","110/08/13","元大-林森",0,16,-16
"15355","1570力肯","110/08/13","元大-開元",20,0,20
"15356","1570力肯","110/08/13","永豐金-市政",1,16,-15
"15357","1570力肯","110/08/13","元大-花蓮",20,0,20
"15358","1570力肯","110/08/13","統一-三重",5,19,-14
"15359","1570力肯","110/08/13","元大-基隆",19,0,19
"15360","1570力肯","110/08/13","國泰-新莊",1,15,-14
"15361","2929淘帝","110/08/13","新光-新竹",488,287,201
"15362","2929淘帝","110/08/13","美林",17,84,-67
"15363","2929淘帝","110/08/13","元大-西門",38,1,37
"15364","2929淘帝","110/08/13","摩根大通",0,63,-63
"15365","2929淘帝","110/08/13","元富-文心",30,0,30
"15366","2929淘帝","110/08/13","港商野村",14,69,-55
"15367","2929淘帝","110/08/13","華南永昌-苗栗",30,0,30
"15368","2929淘帝","110/08/13","玉山-新竹",0,50,-50
"15369","2929淘帝","110/08/13","元大-豐原站前",31,1,30
"15370","2929淘帝","110/08/13","臺銀-新竹",0,30,-30
"15371","2929淘帝","110/08/13","元富-台南",22,0,22
"15372","2929淘帝","110/08/13","元富-三重",23,52,-29
"15373","2929淘帝","110/08/13","凱基-東門",20,0,20
"15374","2929淘帝","110/08/13","新加坡商瑞銀",18,41,-23
"15375","2929淘帝","110/08/13","永豐金-敦南",17,0,17
"15376","2929淘帝","110/08/13","兆豐-大同",0,21,-21
"15377","2929淘帝","110/08/13","新光",44,29,15
"15378","2929淘帝","110/08/13","美商高盛",0,20,-20
"15379","2929淘帝","110/08/13","元大-蘆洲",14,0,14
"15380","2929淘帝","110/08/13","台新-左楠",6,25,-19
"15381","2929淘帝","110/08/13","國票-博愛",12,0,12
"15382","2929淘帝","110/08/13","港商法國興業",0,14,-14
"15383","2929淘帝","110/08/13","合庫-自強",10,0,10
"15384","2929淘帝","110/08/13","台新證券",7,21,-14
"15385","2929淘帝","110/08/13","兆豐-桃園",10,0,10
"15386","2929淘帝","110/08/13","元大-館前",0,14,-14
"15387","2929淘帝","110/08/13","凱基-頭份",10,0,10
"15388","2929淘帝","110/08/13","亞東-新竹",0,13,-13
"15389","2929淘帝","110/08/13","華南永昌-大安",10,0,10
"15390","2929淘帝","110/08/13","元大-永和",7,20,-13
"15391","5410國眾","110/08/13","土銀-嘉義",21,0,21
"15392","5410國眾","110/08/13","國泰-敦南",20,102,-82
"15393","5410國眾","110/08/13","日盛-大墩",15,0,15
"15394","5410國眾","110/08/13","元大-大雅",0,64,-64
"15395","5410國眾","110/08/13","群益金鼎-民權",14,0,14
"15396","5410國眾","110/08/13","大昌-新店",0,37,-37
"15397","5410國眾","110/08/13","玉山-嘉義",12,0,12
"15398","5410國眾","110/08/13","陽信-石牌",0,33,-33
"15399","5410國眾","110/08/13","元大-新竹經國",12,0,12
"15400","5410國眾","110/08/13","摩根大通",0,26,-26
"15401","5410國眾","110/08/13","日盛-屏東",10,0,10
"15402","5410國眾","110/08/13","瑞士信貸",0,18,-18
"15403","5410國眾","110/08/13","富邦-竹北",10,0,10
"15404","5410國眾","110/08/13","元大-北投",8,22,-14
"15405","5410國眾","110/08/13","元富",10,1,9
"15406","5410國眾","110/08/13","合庫-台中",0,10,-10
"15407","5410國眾","110/08/13","凱基-八德",9,0,9
"15408","5410國眾","110/08/13","合庫-新竹",0,10,-10
"15409","5410國眾","110/08/13","富邦-台北",9,0,9
"15410","5410國眾","110/08/13","元大-善化",0,10,-10
"15411","5410國眾","110/08/13","富邦-新店",10,1,9
"15412","5410國眾","110/08/13","大昌",0,9,-9
"15413","5410國眾","110/08/13","元富-虎尾",8,0,8
"15414","5410國眾","110/08/13","兆豐-三重",0,9,-9
"15415","5410國眾","110/08/13","統一",7,0,7
"15416","5410國眾","110/08/13","新光",17,25,-8
"15417","5410國眾","110/08/13","日茂-南投",7,0,7
"15418","5410國眾","110/08/13","亞東-新竹",0,5,-5
"15419","5410國眾","110/08/13","元大-彰化",7,0,7
"15420","5410國眾","110/08/13","兆豐-桃鶯",0,5,-5
"15421","2841台開","110/08/13","宏遠-館前",181,0,181
"15422","2841台開","110/08/13","永豐金-內湖",0,77,-77
"15423","2841台開","110/08/13","日盛證券",70,1,69
"15424","2841台開","110/08/13","富邦-岡山",0,72,-72
"15425","2841台開","110/08/13","台新-三民",50,0,50
"15426","2841台開","110/08/13","永豐金-屏東",0,50,-50
"15427","2841台開","110/08/13","凱基-市政",18,0,18
"15428","2841台開","110/08/13","港商野村",0,38,-38
"15429","2841台開","110/08/13","新光",32,16,16
"15430","2841台開","110/08/13","元大-林園",0,30,-30
"15431","2841台開","110/08/13","兆豐-新營",15,0,15
"15432","2841台開","110/08/13","永豐金-敦南",13,42,-29
"15433","2841台開","110/08/13","日盛-內湖",12,0,12
"15434","2841台開","110/08/13","臺銀-民權",0,20,-20
"15435","2841台開","110/08/13","群益金鼎-基隆",11,0,11
"15436","2841台開","110/08/13","元大-崇德",0,19,-19
"15437","2841台開","110/08/13","富邦-台北",10,0,10
"15438","2841台開","110/08/13","日盛-中壢",0,18,-18
"15439","2841台開","110/08/13","元大-歸仁",10,0,10
"15440","2841台開","110/08/13","兆豐-板橋",0,10,-10
"15441","2841台開","110/08/13","凱基-台北",9,2,7
"15442","2841台開","110/08/13","豐農",0,10,-10
"15443","2841台開","110/08/13","元大-福營",10,3,7
"15444","2841台開","110/08/13","元大-北三重",0,10,-10
"15445","2841台開","110/08/13","元富-文心",5,0,5
"15446","2841台開","110/08/13","台新證券",6,13,-7
"15447","2841台開","110/08/13","凱基-東港",5,0,5
"15448","2841台開","110/08/13","光和-嘉義",0,6,-6
"15449","2841台開","110/08/13","元富-成功",3,0,3
"15450","2841台開","110/08/13","中國信託-高雄",0,5,-5
"15451","6207雷科","110/08/13","安泰",51,0,51
"15452","6207雷科","110/08/13","摩根大通",12,80,-68
"15453","6207雷科","110/08/13","永豐金證券",34,0,34
"15454","6207雷科","110/08/13","美林",1,34,-33
"15455","6207雷科","110/08/13","元大-潮州",32,0,32
"15456","6207雷科","110/08/13","新加坡商瑞銀",18,45,-27
"15457","6207雷科","110/08/13","元大-六合",30,0,30
"15458","6207雷科","110/08/13","凱基-復興",0,20,-20
"15459","6207雷科","110/08/13","富邦-中壢",20,0,20
"15460","6207雷科","110/08/13","凱基-台北",15,31,-16
"15461","6207雷科","110/08/13","統一-台中",10,0,10
"15462","6207雷科","110/08/13","港商野村",1,13,-12
"15463","6207雷科","110/08/13","凱基-岡山",10,0,10
"15464","6207雷科","110/08/13","群益金鼎-東門",0,12,-12
"15465","6207雷科","110/08/13","元大-東門",10,0,10
"15466","6207雷科","110/08/13","凱基-三峽",4,15,-11
"15467","6207雷科","110/08/13","元大-大天母",13,3,10
"15468","6207雷科","110/08/13","兆豐-公益",0,9,-9
"15469","6207雷科","110/08/13","元大-路竹",8,0,8
"15470","6207雷科","110/08/13","元大-鳳山",0,8,-8
"15471","6207雷科","110/08/13","富邦-敦南",7,0,7
"15472","6207雷科","110/08/13","合庫-鳳山",0,6,-6
"15473","6207雷科","110/08/13","兆豐-彰化",6,0,6
"15474","6207雷科","110/08/13","凱基-三重",0,6,-6
"15475","6207雷科","110/08/13","群益金鼎-土城",6,0,6
"15476","6207雷科","110/08/13","凱基-幸福",0,6,-6
"15477","6207雷科","110/08/13","玉山-台南",5,0,5
"15478","6207雷科","110/08/13","富邦-基隆",0,6,-6
"15479","6207雷科","110/08/13","凱基-湖口",5,0,5
"15480","6207雷科","110/08/13","元大-清水",0,6,-6
"15481","3679新至陞","110/08/13","元大-大天母",20,0,20
"15482","3679新至陞","110/08/13","摩根大通",2,27,-25
"15483","3679新至陞","110/08/13","台灣摩根士丹利",12,0,12
"15484","3679新至陞","110/08/13","瑞士信貸",1,16,-15
"15485","3679新至陞","110/08/13","元大-成功",10,0,10
"15486","3679新至陞","110/08/13","美林",0,10,-10
"15487","3679新至陞","110/08/13","兆豐-高雄",9,0,9
"15488","3679新至陞","110/08/13","凱基-台北",11,16,-5
"15489","3679新至陞","110/08/13","國泰-松江",4,0,4
"15490","3679新至陞","110/08/13","元大-東蘆",0,5,-5
"15491","3679新至陞","110/08/13","元大-大同",3,0,3
"15492","3679新至陞","110/08/13","元大-北成功",0,4,-4
"15493","3679新至陞","110/08/13","合庫-台中",2,0,2
"15494","3679新至陞","110/08/13","富邦-中壢",0,3,-3
"15495","3679新至陞","110/08/13","台中銀-員林",2,0,2
"15496","3679新至陞","110/08/13","彰銀",0,2,-2
"15497","3679新至陞","110/08/13","康和-板橋",2,0,2
"15498","3679新至陞","110/08/13","凱基-大安",0,2,-2
"15499","3679新至陞","110/08/13","新光-高雄",2,0,2
"15500","3679新至陞","110/08/13","華南永昌-鶯歌",0,2,-2
"15501","3679新至陞","110/08/13","凱基-文心",5,3,2
"15502","3679新至陞","110/08/13","富邦-仁愛",0,2,-2
"15503","3679新至陞","110/08/13","元大-景美",2,0,2
"15504","3679新至陞","110/08/13","元大證券",1,3,-2
"15505","3679新至陞","110/08/13","元大-土城永寧",2,0,2
"15506","3679新至陞","110/08/13","元大-土城",0,2,-2
"15507","3679新至陞","110/08/13","美商高盛",1,0,1
"15508","3679新至陞","110/08/13","台灣企銀-民雄",0,1,-1
"15509","3679新至陞","110/08/13","台新證券",1,0,1
"15510","3679新至陞","110/08/13","日盛證券",0,1,-1
"15511","2727王品","110/08/13","新光",27,6,21
"15512","2727王品","110/08/13","摩根大通",1,53,-52
"15513","2727王品","110/08/13","大慶-富順",20,0,20
"15514","2727王品","110/08/13","土銀-南港",0,40,-40
"15515","2727王品","110/08/13","兆豐-東門",17,0,17
"15516","2727王品","110/08/13","港商麥格理",0,24,-24
"15517","2727王品","110/08/13","新光-台中",19,2,17
"15518","2727王品","110/08/13","新加坡商瑞銀",0,21,-21
"15519","2727王品","110/08/13","元大-竹科",11,0,11
"15520","2727王品","110/08/13","康和-台南",1,22,-21
"15521","2727王品","110/08/13","日盛-屏東",10,0,10
"15522","2727王品","110/08/13","富邦-員林",0,17,-17
"15523","2727王品","110/08/13","彰銀-七賢",10,0,10
"15524","2727王品","110/08/13","港商野村",3,18,-15
"15525","2727王品","110/08/13","玉山-大里",10,0,10
"15526","2727王品","110/08/13","富邦-新營",0,15,-15
"15527","2727王品","110/08/13","富邦-台中",12,2,10
"15528","2727王品","110/08/13","台灣企銀-竹北",3,17,-14
"15529","2727王品","110/08/13","國泰-敦南",15,6,9
"15530","2727王品","110/08/13","國泰-板橋",3,17,-14
"15531","2727王品","110/08/13","臺銀",9,1,8
"15532","2727王品","110/08/13","凱基-板橋",0,13,-13
"15533","2727王品","110/08/13","元大-台中",8,0,8
"15534","2727王品","110/08/13","日盛-中和",1,13,-12
"15535","2727王品","110/08/13","國泰-台中",11,4,7
"15536","2727王品","110/08/13","第一金-新竹",1,12,-11
"15537","2727王品","110/08/13","永豐金-彰化",7,0,7
"15538","2727王品","110/08/13","統一",1,12,-11
"15539","2727王品","110/08/13","新光-桃園",6,0,6
"15540","2727王品","110/08/13","統一-竹南",0,10,-10
"15541","1570力肯","110/08/13","新光",147,12,135
"15542","1570力肯","110/08/13","(牛牛牛)亞-鑫豐",15,136,-121
"15543","1570力肯","110/08/13","國票-北高雄",128,0,128
"15544","1570力肯","110/08/13","富邦-台中",0,51,-51
"15545","1570力肯","110/08/13","凱基-台北",80,24,56
"15546","1570力肯","110/08/13","日盛-頭份",0,50,-50
"15547","1570力肯","110/08/13","統一",54,0,54
"15548","1570力肯","110/08/13","元富-高雄",0,40,-40
"15549","1570力肯","110/08/13","國票-內壢",49,1,48
"15550","1570力肯","110/08/13","凱基-高美館",2,41,-39
"15551","1570力肯","110/08/13","美林",37,0,37
"15552","1570力肯","110/08/13","日盛-忠孝",0,38,-38
"15553","1570力肯","110/08/13","國票-天祥",45,8,37
"15554","1570力肯","110/08/13","元大-羅東",0,20,-20
"15555","1570力肯","110/08/13","摩根大通",67,45,22
"15556","1570力肯","110/08/13","元大-大天母",0,20,-20
"15557","1570力肯","110/08/13","永豐金-屏東",22,0,22
"15558","1570力肯","110/08/13","永豐金-嘉義",0,20,-20
"15559","1570力肯","110/08/13","元富-新店",20,0,20
"15560","1570力肯","110/08/13","國泰-敦南",2,20,-18
"15561","1570力肯","110/08/13","(牛牛牛)亞證券",20,0,20
"15562","1570力肯","110/08/13","元大-沙鹿",1,18,-17
"15563","1570力肯","110/08/13","凱基-台南",20,0,20
"15564","1570力肯","110/08/13","元大-林森",0,16,-16
"15565","1570力肯","110/08/13","元大-開元",20,0,20
"15566","1570力肯","110/08/13","永豐金-市政",1,16,-15
"15567","1570力肯","110/08/13","元大-花蓮",20,0,20
"15568","1570力肯","110/08/13","統一-三重",5,19,-14
"15569","1570力肯","110/08/13","元大-基隆",19,0,19
"15570","1570力肯","110/08/13","國泰-新莊",1,15,-14
"15571","6180橘子","110/08/13","美商高盛",48,0,48
"15572","6180橘子","110/08/13","玉山-桃園",1,30,-29
"15573","6180橘子","110/08/13","美林",37,0,37
"15574","6180橘子","110/08/13","元大-成功",0,22,-22
"15575","6180橘子","110/08/13","凱基-台北",17,1,16
"15576","6180橘子","110/08/13","群益金鼎",0,11,-11
"15577","6180橘子","110/08/13","台新證券",15,1,14
"15578","6180橘子","110/08/13","亞東-高雄",0,10,-10
"15579","6180橘子","110/08/13","台灣摩根士丹利",13,0,13
"15580","6180橘子","110/08/13","元大-北港",0,10,-10
"15581","6180橘子","110/08/13","元大-北投",11,0,11
"15582","6180橘子","110/08/13","統一-彰化",3,10,-7
"15583","6180橘子","110/08/13","合庫-自強",10,0,10
"15584","6180橘子","110/08/13","摩根大通",6,13,-7
"15585","6180橘子","110/08/13","統一-台南",10,0,10
"15586","6180橘子","110/08/13","群益金鼎-中山",1,8,-7
"15587","6180橘子","110/08/13","兆豐-台中",10,0,10
"15588","6180橘子","110/08/13","元大-敦南",0,7,-7
"15589","6180橘子","110/08/13","群益金鼎-台中",10,0,10
"15590","6180橘子","110/08/13","國泰-板橋",0,6,-6
"15591","6180橘子","110/08/13","康和-台中",6,0,6
"15592","6180橘子","110/08/13","富邦-宜蘭",0,6,-6
"15593","6180橘子","110/08/13","凱基-汐止",5,0,5
"15594","6180橘子","110/08/13","元大-台北",0,6,-6
"15595","6180橘子","110/08/13","日盛-景美",6,2,4
"15596","6180橘子","110/08/13","永豐金-板橋",0,6,-6
"15597","6180橘子","110/08/13","新光-台中",4,0,4
"15598","6180橘子","110/08/13","亞東",0,5,-5
"15599","6180橘子","110/08/13","國泰-敦南",4,0,4
"15600","6180橘子","110/08/13","兆豐-竹北",0,5,-5
"15601","2390云辰","110/08/13","摩根大通",643,393,250
"15602","2390云辰","110/08/13","元大-信義",0,202,-202
"15603","2390云辰","110/08/13","美商高盛",269,138,131
"15604","2390云辰","110/08/13","美林",169,289,-120
"15605","2390云辰","110/08/13","凱基-台北",418,293,125
"15606","2390云辰","110/08/13","元大-東港",9,102,-93
"15607","2390云辰","110/08/13","元富-板橋",94,13,81
"15608","2390云辰","110/08/13","元富-高雄",17,94,-77
"15609","2390云辰","110/08/13","土銀-士林",78,0,78
"15610","2390云辰","110/08/13","凱基-竹科",5,76,-71
"15611","2390云辰","110/08/13","元大-前金",92,16,76
"15612","2390云辰","110/08/13","國票-博愛",40,107,-67
"15613","2390云辰","110/08/13","台新-台中",89,24,65
"15614","2390云辰","110/08/13","群益金鼎-開元",26,90,-64
"15615","2390云辰","110/08/13","光和-嘉義",73,10,63
"15616","2390云辰","110/08/13","新加坡商瑞銀",4,61,-57
"15617","2390云辰","110/08/13","富邦-敦南",59,0,59
"15618","2390云辰","110/08/13","港商野村",277,333,-56
"15619","2390云辰","110/08/13","富邦-彰化",69,11,58
"15620","2390云辰","110/08/13","新光",144,197,-53
"15621","2390云辰","110/08/13","元大-草屯",75,17,58
"15622","2390云辰","110/08/13","統一",23,75,-52
"15623","2390云辰","110/08/13","光和-溪湖",54,1,53
"15624","2390云辰","110/08/13","元大-林園",0,51,-51
"15625","2390云辰","110/08/13","元大-土城學府",263,210,53
"15626","2390云辰","110/08/13","富邦-新營",1,48,-47
"15627","2390云辰","110/08/13","元大-文心興安",64,11,53
"15628","2390云辰","110/08/13","元大-新莊",33,80,-47
"15629","2390云辰","110/08/13","國泰-忠孝",50,0,50
"15630","2390云辰","110/08/13","日盛-園區",10,55,-45
"15631","2867三商壽","110/08/12","新光",292,1,291
"15632","2867三商壽","110/08/12","摩根大通",53,266,-213
"15633","2867三商壽","110/08/12","元大-土城永寧",200,0,200
"15634","2867三商壽","110/08/12","元大-崇德",3,201,-198
"15635","2867三商壽","110/08/12","合庫證券",100,0,100
"15636","2867三商壽","110/08/12","美商高盛",31,159,-128
"15637","2867三商壽","110/08/12","土銀",100,0,100
"15638","2867三商壽","110/08/12","富邦證券",0,120,-120
"15639","2867三商壽","110/08/12","臺銀-臺南",100,0,100
"15640","2867三商壽","110/08/12","凱基-信義",0,117,-117
"15641","2867三商壽","110/08/12","元富-古亭",100,0,100
"15642","2867三商壽","110/08/12","凱基-台北",2,113,-111
"15643","2867三商壽","110/08/12","元大-新莊",100,0,100
"15644","2867三商壽","110/08/12","凱基-虎尾",0,100,-100
"15645","2867三商壽","110/08/12","凱基",97,0,97
"15646","2867三商壽","110/08/12","元大-南投",0,92,-92
"15647","2867三商壽","110/08/12","元大-桃園",60,0,60
"15648","2867三商壽","110/08/12","台灣摩根士丹利",0,70,-70
"15649","2867三商壽","110/08/12","合庫-西台中",51,0,51
"15650","2867三商壽","110/08/12","美林",8,72,-64
"15651","2867三商壽","110/08/12","華南永昌-鳳山",51,1,50
"15652","2867三商壽","110/08/12","新加坡商瑞銀",0,61,-61
"15653","2867三商壽","110/08/12","元大-沙鹿",39,0,39
"15654","2867三商壽","110/08/12","群益金鼎-台北",0,60,-60
"15655","2867三商壽","110/08/12","光和",30,0,30
"15656","2867三商壽","110/08/12","富邦-宜蘭",0,50,-50
"15657","2867三商壽","110/08/12","元大-龍潭",30,0,30
"15658","2867三商壽","110/08/12","元大-旗山",0,50,-50
"15659","2867三商壽","110/08/12","永豐金-員林",30,0,30
"15660","2867三商壽","110/08/12","元富-吉利",0,27,-27
"15661","5521工信","110/08/12","日進",900,0,900
"15662","5521工信","110/08/12","永豐金證券",14,200,-186
"15663","5521工信","110/08/12","摩根大通",678,57,621
"15664","5521工信","110/08/12","富邦-中壢",2,112,-110
"15665","5521工信","110/08/12","國票-安和",254,20,234
"15666","5521工信","110/08/12","中國信託-嘉義",0,100,-100
"15667","5521工信","110/08/12","凱基-台北",194,46,148
"15668","5521工信","110/08/12","元大-南屯",0,58,-58
"15669","5521工信","110/08/12","日盛-中和",103,10,93
"15670","5521工信","110/08/12","凱基-中壢",0,55,-55
"15671","5521工信","110/08/12","新光-新竹",80,5,75
"15672","5521工信","110/08/12","(牛牛牛)亞-鑫豐",1,52,-51
"15673","5521工信","110/08/12","美林",69,10,59
"15674","5521工信","110/08/12","台新證券",1,51,-50
"15675","5521工信","110/08/12","富邦-台北",69,20,49
"15676","5521工信","110/08/12","群益金鼎-崇德",0,48,-48
"15677","5521工信","110/08/12","新光-台南",37,0,37
"15678","5521工信","110/08/12","康和-內湖",0,46,-46
"15679","5521工信","110/08/12","永豐金-鳳山",32,0,32
"15680","5521工信","110/08/12","日盛-新莊",0,45,-45
"15681","5521工信","110/08/12","第一金-台南",67,42,25
"15682","5521工信","110/08/12","元大-旗山",1,46,-45
"15683","5521工信","110/08/12","台灣企銀-台中",20,0,20
"15684","5521工信","110/08/12","元大-內湖",0,45,-45
"15685","5521工信","110/08/12","康和-澎湖",20,0,20
"15686","5521工信","110/08/12","日盛-高雄",0,42,-42
"15687","5521工信","110/08/12","凱基-三多",20,0,20
"15688","5521工信","110/08/12","元大-大同",0,42,-42
"15689","5521工信","110/08/12","元大-仁愛",20,0,20
"15690","5521工信","110/08/12","第一金-新竹",0,40,-40
"15691","1471首利","110/08/12","摩根大通",190,21,169
"15692","1471首利","110/08/12","光和-溪湖",0,75,-75
"15693","1471首利","110/08/12","元大-敦化",100,0,100
"15694","1471首利","110/08/12","富邦-基隆",2,41,-39
"15695","1471首利","110/08/12","瑞士信貸",86,0,86
"15696","1471首利","110/08/12","凱基-台南",0,30,-30
"15697","1471首利","110/08/12","美商高盛",51,0,51
"15698","1471首利","110/08/12","元富-民權",0,29,-29
"15699","1471首利","110/08/12","美林",49,0,49
"15700","1471首利","110/08/12","凱基-東門",0,24,-24
"15701","1471首利","110/08/12","國票-北高雄",20,0,20
"15702","1471首利","110/08/12","永興-大墩",0,20,-20
"15703","1471首利","110/08/12","凱基-五股",20,0,20
"15704","1471首利","110/08/12","元大-土城",1,21,-20
"15705","1471首利","110/08/12","永豐金-中壢",20,0,20
"15706","1471首利","110/08/12","凱基-內埔",1,20,-19
"15707","1471首利","110/08/12","凱基-台北",16,0,16
"15708","1471首利","110/08/12","中國信託",0,17,-17
"15709","1471首利","110/08/12","台新證券",16,3,13
"15710","1471首利","110/08/12","華南永昌-中正",2,19,-17
"15711","1471首利","110/08/12","兆豐-員林",15,3,12
"15712","1471首利","110/08/12","中國信託-文心",0,16,-16
"15713","1471首利","110/08/12","中國信託-永康",10,0,10
"15714","1471首利","110/08/12","兆豐-台南",1,17,-16
"15715","1471首利","110/08/12","華南永昌-麻豆",11,1,10
"15716","1471首利","110/08/12","凱基-新豐",0,15,-15
"15717","1471首利","110/08/12","元大-新營",10,0,10
"15718","1471首利","110/08/12","永豐金-新莊",0,15,-15
"15719","1471首利","110/08/12","新加坡商瑞銀",6,0,6
"15720","1471首利","110/08/12","凱基-彰化",6,20,-14
"15721","2883開發金","110/08/12","美林",2636,759,1877
"15722","2883開發金","110/08/12","摩根大通",28,5087,-5059
"15723","2883開發金","110/08/12","華南永昌",889,3,886
"15724","2883開發金","110/08/12","新加坡商瑞銀",111,2619,-2508
"15725","2883開發金","110/08/12","美商高盛",1037,275,762
"15726","2883開發金","110/08/12","富邦-彰化",7,809,-802
"15727","2883開發金","110/08/12","凱基-員林",600,0,600
"15728","2883開發金","110/08/12","瑞士信貸",773,1528,-755
"15729","2883開發金","110/08/12","日盛-中壢",532,9,523
"15730","2883開發金","110/08/12","港商野村",2,600,-598
"15731","2883開發金","110/08/12","元大證券",631,169,462
"15732","2883開發金","110/08/12","宏遠-民生",0,500,-500
"15733","2883開發金","110/08/12","玉山-高雄",457,5,452
"15734","2883開發金","110/08/12","元大-桃園",19,504,-485
"15735","2883開發金","110/08/12","元大-員林",435,0,435
"15736","2883開發金","110/08/12","台灣摩根士丹利",1506,1983,-477
"15737","2883開發金","110/08/12","永豐金-高雄",343,20,323
"15738","2883開發金","110/08/12","永豐金-台南",29,495,-466
"15739","2883開發金","110/08/12","日盛-大墩",321,0,321
"15740","2883開發金","110/08/12","元大-斗六",4,457,-453
"15741","2883開發金","110/08/12","台新-三民",338,19,319
"15742","2883開發金","110/08/12","群益金鼎-桃園",36,314,-278
"15743","2883開發金","110/08/12","國泰-敦南",468,170,298
"15744","2883開發金","110/08/12","群益金鼎-開元",15,221,-206
"15745","2883開發金","110/08/12","兆豐-北高雄",258,6,252
"15746","2883開發金","110/08/12","土銀-台中",1,202,-201
"15747","2883開發金","110/08/12","安泰",272,53,219
"15748","2883開發金","110/08/12","凱基-台中",12,204,-192
"15749","2883開發金","110/08/12","群益金鼎-彰化",218,4,214
"15750","2883開發金","110/08/12","永豐金-中盛",55,246,-191
"15751","6205詮欣","110/08/12","元大-新竹經國",12,0,12
"15752","6205詮欣","110/08/12","元大-善化",0,20,-20
"15753","6205詮欣","110/08/12","臺銀-民權",8,0,8
"15754","6205詮欣","110/08/12","瑞士信貸",0,4,-4
"15755","6205詮欣","110/08/12","聯邦-嘉義",5,0,5
"15756","6205詮欣","110/08/12","群益金鼎-板橋",0,4,-4
"15757","6205詮欣","110/08/12","中國信託-三重",3,0,3
"15758","6205詮欣","110/08/12","元大-屏東民生",0,4,-4
"15759","6205詮欣","110/08/12","德信-新營",3,0,3
"15760","6205詮欣","110/08/12","臺銀-高雄",0,3,-3
"15761","6205詮欣","110/08/12","合庫-彰化",2,0,2
"15762","6205詮欣","110/08/12","凱基-南崁",0,3,-3
"15763","6205詮欣","110/08/12","新光-台南",2,0,2
"15764","6205詮欣","110/08/12","元大-華山",0,3,-3
"15765","6205詮欣","110/08/12","玉山-雙和",2,0,2
"15766","6205詮欣","110/08/12","摩根大通",0,2,-2
"15767","6205詮欣","110/08/12","元大-南投",2,0,2
"15768","6205詮欣","110/08/12","兆豐-新營",0,1,-1
"15769","6205詮欣","110/08/12","統一-三重",1,0,1
"15770","6205詮欣","110/08/12","兆豐-中壢",0,1,-1
"15771","6205詮欣","110/08/12","元富-安南",1,0,1
"15772","6205詮欣","110/08/12","凱基-台北",0,1,-1
"15773","6205詮欣","110/08/12","豐農",1,0,1
"15774","6205詮欣","110/08/12","凱基-竹科",0,1,-1
"15775","6205詮欣","110/08/12","北城證券",1,0,1
"15776","6205詮欣","110/08/12","富邦-高雄",0,1,-1
"15777","6205詮欣","110/08/12","玉山-嘉義",1,0,1
"15778","6205詮欣","110/08/12","元大-路竹",0,1,-1
"15779","6205詮欣","110/08/12","凱基-五股",1,0,1
"15780","6205詮欣","110/08/12","元大-屏南",0,1,-1
"15781","1540喬福","110/08/12","元富-中原",20,0,20
"15782","1540喬福","110/08/12","永豐金-豐原",0,64,-64
"15783","1540喬福","110/08/12","台中銀",17,0,17
"15784","1540喬福","110/08/12","統一-新台中",0,19,-19
"15785","1540喬福","110/08/12","凱基-中壢",11,0,11
"15786","1540喬福","110/08/12","凱基-興隆",0,7,-7
"15787","1540喬福","110/08/12","凱基-台中",8,0,8
"15788","1540喬福","110/08/12","玉山-城中",0,6,-6
"15789","1540喬福","110/08/12","亞東",5,0,5
"15790","1540喬福","110/08/12","富邦-台北",1,5,-4
"15791","1540喬福","110/08/12","群益金鼎-古亭",5,0,5
"15792","1540喬福","110/08/12","元大-左營",0,2,-2
"15793","1540喬福","110/08/12","美林",4,0,4
"15794","1540喬福","110/08/12","國泰-敦南",0,1,-1
"15795","1540喬福","110/08/12","兆豐-鹿港",4,0,4
"15796","1540喬福","110/08/12","凱基-基隆",0,1,-1
"15797","1540喬福","110/08/12","港商法國興業",3,0,3
"15798","1540喬福","110/08/12","凱基-大里",0,1,-1
"15799","1540喬福","110/08/12","凱基-苗栗",3,0,3
"15800","1540喬福","110/08/12","元富-中壢",0,0,0
"15801","1540喬福","110/08/12","國票-台中",2,0,2
"15802","1540喬福","110/08/12","凱基-竹北",0,0,0
"15803","1540喬福","110/08/12","兆豐-高雄",2,0,2
"15804","1540喬福","110/08/12","凱基-台北",1,1,0
"15805","1540喬福","110/08/12","元富-緯城",2,0,2
"15806","1540喬福","110/08/12","華南永昌-南京",0,0,0
"15807","1540喬福","110/08/12","華南永昌-台中",2,0,2
"15808","1540喬福","110/08/12","富邦-高雄",0,0,0
"15809","1540喬福","110/08/12","富邦-中壢",2,0,2
"15810","1540喬福","110/08/12","富邦-三重",0,0,0
"15811","2888新光金","110/08/12","群益金鼎-崇德",2118,3,2115
"15812","2888新光金","110/08/12","國票-台東",12,1903,-1891
"15813","2888新光金","110/08/12","國票-九鼎",2175,141,2034
"15814","2888新光金","110/08/12","永豐金-竹科",0,1186,-1186
"15815","2888新光金","110/08/12","元大-忠孝鼎富",986,4,982
"15816","2888新光金","110/08/12","群益金鼎-民權",1,1049,-1048
"15817","2888新光金","110/08/12","台灣摩根士丹利",992,319,673
"15818","2888新光金","110/08/12","凱基-台北",1172,2195,-1023
"15819","2888新光金","110/08/12","港商法國興業",670,0,670
"15820","2888新光金","110/08/12","摩根大通",829,1704,-875
"15821","2888新光金","110/08/12","富邦-內湖",605,0,605
"15822","2888新光金","110/08/12","美林",248,668,-420
"15823","2888新光金","110/08/12","華南永昌-台中",600,3,597
"15824","2888新光金","110/08/12","群益金鼎-鳳山",2,404,-402
"15825","2888新光金","110/08/12","元大-豐原站前",556,38,518
"15826","2888新光金","110/08/12","新加坡商瑞銀",470,857,-387
"15827","2888新光金","110/08/12","瑞士信貸",643,139,504
"15828","2888新光金","110/08/12","香港上海匯豐",22,270,-248
"15829","2888新光金","110/08/12","元大-永和",505,8,497
"15830","2888新光金","110/08/12","合庫證券",2,232,-230
"15831","2888新光金","110/08/12","法銀巴黎",498,9,489
"15832","2888新光金","110/08/12","元大-大同",0,214,-214
"15833","2888新光金","110/08/12","福邦-新竹",430,0,430
"15834","2888新光金","110/08/12","元富-文心",2,210,-208
"15835","2888新光金","110/08/12","凱基-鳳山",379,3,376
"15836","2888新光金","110/08/12","新光",154,346,-192
"15837","2888新光金","110/08/12","康和-內湖",306,7,299
"15838","2888新光金","110/08/12","元富-城東",28,215,-187
"15839","2888新光金","110/08/12","元大-樹林",300,10,290
"15840","2888新光金","110/08/12","富邦-彰化",23,201,-178
"15841","1340勝悅","110/08/12","國泰-台中",11,0,11
"15842","1340勝悅","110/08/12","中國信託",0,76,-76
"15843","1340勝悅","110/08/12","元大-博愛",10,0,10
"15844","1340勝悅","110/08/12","日盛-八德",0,14,-14
"15845","1340勝悅","110/08/12","凱基-台北",8,1,7
"15846","1340勝悅","110/08/12","摩根大通",3,13,-10
"15847","1340勝悅","110/08/12","臺灣企銀-埔墘",5,0,5
"15848","1340勝悅","110/08/12","日盛-木柵",0,7,-7
"15849","1340勝悅","110/08/12","第一金-新竹",5,0,5
"15850","1340勝悅","110/08/12","元大-路竹",0,7,-7
"15851","1340勝悅","110/08/12","元富-新興",5,0,5
"15852","1340勝悅","110/08/12","群益金鼎-內湖",0,4,-4
"15853","1340勝悅","110/08/12","兆豐-台南",5,0,5
"15854","1340勝悅","110/08/12","凱基-彰化",0,4,-4
"15855","1340勝悅","110/08/12","玉山-士林",5,0,5
"15856","1340勝悅","110/08/12","元大-大天母",0,3,-3
"15857","1340勝悅","110/08/12","華南永昌-新莊",5,0,5
"15858","1340勝悅","110/08/12","統一-城中",4,6,-2
"15859","1340勝悅","110/08/12","美商高盛",4,0,4
"15860","1340勝悅","110/08/12","兆豐-新竹",0,2,-2
"15861","1340勝悅","110/08/12","港商法國興業",3,0,3
"15862","1340勝悅","110/08/12","台新證券",0,2,-2
"15863","1340勝悅","110/08/12","台新-台中",3,0,3
"15864","1340勝悅","110/08/12","富邦-台南",0,2,-2
"15865","1340勝悅","110/08/12","玉山-台大",3,0,3
"15866","1340勝悅","110/08/12","元大-新營",0,2,-2
"15867","1340勝悅","110/08/12","國泰-高雄",3,0,3
"15868","1340勝悅","110/08/12","瑞士信貸",2,3,-1
"15869","1340勝悅","110/08/12","元大-竹南",3,0,3
"15870","1340勝悅","110/08/12","永豐金-中正",0,1,-1
"15871","6246臺龍","110/08/12","元大-南投",75,0,75
"15872","6246臺龍","110/08/12","統一-台中",0,58,-58
"15873","6246臺龍","110/08/12","元大-台北",32,0,32
"15874","6246臺龍","110/08/12","合庫-台中",1,41,-40
"15875","6246臺龍","110/08/12","元富-世貿",30,2,28
"15876","6246臺龍","110/08/12","凱基-市府",0,40,-40
"15877","6246臺龍","110/08/12","凱基-永和",25,0,25
"15878","6246臺龍","110/08/12","日盛-木柵",4,33,-29
"15879","6246臺龍","110/08/12","元富-新店",18,3,15
"15880","6246臺龍","110/08/12","凱基-台北",1,29,-28
"15881","6246臺龍","110/08/12","華南永昌-忠孝",12,0,12
"15882","6246臺龍","110/08/12","永豐金-內湖",2,30,-28
"15883","6246臺龍","110/08/12","永豐金-復興",12,0,12
"15884","6246臺龍","110/08/12","元大-中壢",23,44,-21
"15885","6246臺龍","110/08/12","富邦-敦南",11,0,11
"15886","6246臺龍","110/08/12","永全-南崁",0,20,-20
"15887","6246臺龍","110/08/12","元大證券",13,2,11
"15888","6246臺龍","110/08/12","國泰-敦南",7,27,-20
"15889","6246臺龍","110/08/12","大慶-蘆洲",10,0,10
"15890","6246臺龍","110/08/12","大昌",0,18,-18
"15891","6246臺龍","110/08/12","元大-新莊",10,0,10
"15892","6246臺龍","110/08/12","新光-台中",3,17,-14
"15893","6246臺龍","110/08/12","元大-林園",10,1,9
"15894","6246臺龍","110/08/12","元大-金門",3,16,-13
"15895","6246臺龍","110/08/12","元大-西屯",10,2,8
"15896","6246臺龍","110/08/12","永全",0,10,-10
"15897","6246臺龍","110/08/12","兆豐-公益",7,0,7
"15898","6246臺龍","110/08/12","元大-新店中正",0,10,-10
"15899","6246臺龍","110/08/12","群益金鼎-開元",7,0,7
"15900","6246臺龍","110/08/12","日盛-八德",0,8,-8
"15901","00715L期街口布蘭特正2","110/08/12","元大證券",13644,167,13477
"15902","00715L期街口布蘭特正2","110/08/12","元大-林森",0,780,-780
"15903","00715L期街口布蘭特正2","110/08/12","永豐金證券",2789,2,2787
"15904","00715L期街口布蘭特正2","110/08/12","台新-新營",12,600,-588
"15905","00715L期街口布蘭特正2","110/08/12","統一",2972,199,2773
"15906","00715L期街口布蘭特正2","110/08/12","台中銀",10,592,-582
"15907","00715L期街口布蘭特正2","110/08/12","元富",1524,5,1519
"15908","00715L期街口布蘭特正2","110/08/12","群益金鼎-屏東",0,575,-575
"15909","00715L期街口布蘭特正2","110/08/12","統一-嘉義",466,26,440
"15910","00715L期街口布蘭特正2","110/08/12","元大-北港",10,505,-495
"15911","00715L期街口布蘭特正2","110/08/12","群益金鼎-延平",300,4,296
"15912","00715L期街口布蘭特正2","110/08/12","兆豐-台中",0,476,-476
"15913","00715L期街口布蘭特正2","110/08/12","台新-三民",300,24,276
"15914","00715L期街口布蘭特正2","110/08/12","宏遠-桃園",0,438,-438
"15915","00715L期街口布蘭特正2","110/08/12","群益金鼎-瑞豐",210,14,196
"15916","00715L期街口布蘭特正2","110/08/12","台新-台中",65,474,-409
"15917","00715L期街口布蘭特正2","110/08/12","港商野村",320,140,180
"15918","00715L期街口布蘭特正2","110/08/12","元大-西螺",3,382,-379
"15919","00715L期街口布蘭特正2","110/08/12","台新-松江",200,35,165
"15920","00715L期街口布蘭特正2","110/08/12","凱基-城中",0,370,-370
"15921","00715L期街口布蘭特正2","110/08/12","合庫證券",121,0,121
"15922","00715L期街口布蘭特正2","110/08/12","元大-歸仁",20,384,-364
"15923","00715L期街口布蘭特正2","110/08/12","元大-旗山",120,1,119
"15924","00715L期街口布蘭特正2","110/08/12","群益金鼎-古亭",13,367,-354
"15925","00715L期街口布蘭特正2","110/08/12","富邦-員林",362,251,111
"15926","00715L期街口布蘭特正2","110/08/12","元大-竹科",6,327,-321
"15927","00715L期街口布蘭特正2","110/08/12","日盛-木柵",130,22,108
"15928","00715L期街口布蘭特正2","110/08/12","臺銀-新竹",0,320,-320
"15929","00715L期街口布蘭特正2","110/08/12","大慶-苗栗",107,2,105
"15930","00715L期街口布蘭特正2","110/08/12","統一-台中",7,325,-318
"15931","8941關中","110/08/12","元大-金華",1,0,1
"15932","8941關中","110/08/12","凱基-士林",0,2,-2
"15933","8941關中","110/08/12","元大-桃興",1,0,1
"15934","8941關中","110/08/12","(牛牛牛)亞-鑫豐",0,0,0
"15935","8941關中","110/08/12","(牛牛牛)亞-鑫豐",0,0,0
"15936","8941關中","110/08/12","台新-三民",0,0,0
"15937","8941關中","110/08/12","台新-三民",0,0,0
"15938","8941關中","110/08/12","國泰-忠孝",1,1,0
"15939","8941關中","110/08/12","國泰-忠孝",1,1,0
"15940","8941關中","110/08/12","凱基-市府",1,1,0
"15941","8941關中","110/08/12","凱基-市府",1,1,0
"15942","8941關中","110/08/12","",NA,NA,NA
"15943","8941關中","110/08/12","",NA,NA,NA
"15944","8941關中","110/08/12","",NA,NA,NA
"15945","8941關中","110/08/12","",NA,NA,NA
"15946","8941關中","110/08/12","",NA,NA,NA
"15947","8941關中","110/08/12","",NA,NA,NA
"15948","8941關中","110/08/12","",NA,NA,NA
"15949","8941關中","110/08/12","",NA,NA,NA
"15950","8941關中","110/08/12","",NA,NA,NA
"15951","8941關中","110/08/12","",NA,NA,NA
"15952","8941關中","110/08/12","",NA,NA,NA
"15953","8941關中","110/08/12","",NA,NA,NA
"15954","8941關中","110/08/12","",NA,NA,NA
"15955","8941關中","110/08/12","",NA,NA,NA
"15956","8941關中","110/08/12","",NA,NA,NA
"15957","8941關中","110/08/12","",NA,NA,NA
"15958","8941關中","110/08/12","",NA,NA,NA
"15959","8941關中","110/08/12","",NA,NA,NA
"15960","8941關中","110/08/12","",NA,NA,NA
"15961","8936國統","110/08/12","台新-高雄",410,32,378
"15962","8936國統","110/08/12","日盛-景美",0,70,-70
"15963","8936國統","110/08/12","元富-林園",65,0,65
"15964","8936國統","110/08/12","臺銀-金山",0,55,-55
"15965","8936國統","110/08/12","摩根大通",64,12,52
"15966","8936國統","110/08/12","元大-敦南",0,32,-32
"15967","8936國統","110/08/12","新加坡商瑞銀",53,31,22
"15968","8936國統","110/08/12","華南永昌-南京",0,30,-30
"15969","8936國統","110/08/12","元大-莒光",19,0,19
"15970","8936國統","110/08/12","玉山-台南",0,23,-23
"15971","8936國統","110/08/12","第一金-高雄",10,0,10
"15972","8936國統","110/08/12","兆豐-岡山",1,21,-20
"15973","8936國統","110/08/12","統一-高雄",10,0,10
"15974","8936國統","110/08/12","統一-新竹",0,14,-14
"15975","8936國統","110/08/12","元富-桃園",10,0,10
"15976","8936國統","110/08/12","國泰-敦南",1,14,-13
"15977","8936國統","110/08/12","台新-台南",10,0,10
"15978","8936國統","110/08/12","台灣摩根士丹利",2,14,-12
"15979","8936國統","110/08/12","元大-竹山",9,0,9
"15980","8936國統","110/08/12","凱基-台南",3,14,-11
"15981","8936國統","110/08/12","港商野村",15,8,7
"15982","8936國統","110/08/12","凱基-高美館",0,11,-11
"15983","8936國統","110/08/12","華南永昌-高雄",6,0,6
"15984","8936國統","110/08/12","元大-博愛",0,10,-10
"15985","8936國統","110/08/12","土銀-高雄",5,0,5
"15986","8936國統","110/08/12","第一金-新興",0,9,-9
"15987","8936國統","110/08/12","大昌-安康",5,0,5
"15988","8936國統","110/08/12","元大-沙鹿",0,9,-9
"15989","8936國統","110/08/12","兆豐-斗南",5,0,5
"15990","8936國統","110/08/12","元大-左營",3,12,-9
"15991","6226光鼎","110/08/12","摩根大通",1930,830,1100
"15992","6226光鼎","110/08/12","凱基-台北",224,675,-451
"15993","6226光鼎","110/08/12","第一金-大稻埕",418,0,418
"15994","6226光鼎","110/08/12","統一-高雄",1,353,-352
"15995","6226光鼎","110/08/12","台新-中壢",239,3,236
"15996","6226光鼎","110/08/12","美林",153,291,-138
"15997","6226光鼎","110/08/12","元大-文心興安",223,27,196
"15998","6226光鼎","110/08/12","大昌",88,225,-137
"15999","6226光鼎","110/08/12","富邦-陽明",112,9,103
"16000","6226光鼎","110/08/12","元大-土城永寧",3,126,-123
"16001","6226光鼎","110/08/12","華南永昌-高雄",96,13,83
"16002","6226光鼎","110/08/12","元大-北屯",16,107,-91
"16003","6226光鼎","110/08/12","永豐金-南投",95,13,82
"16004","6226光鼎","110/08/12","統一-板橋",0,88,-88
"16005","6226光鼎","110/08/12","永豐金-中盛",102,26,76
"16006","6226光鼎","110/08/12","群益金鼎-東大",5,91,-86
"16007","6226光鼎","110/08/12","元大證券",90,15,75
"16008","6226光鼎","110/08/12","富邦-南屯",40,111,-71
"16009","6226光鼎","110/08/12","元大-屏東民生",85,15,70
"16010","6226光鼎","110/08/12","新光",240,309,-69
"16011","6226光鼎","110/08/12","台灣摩根士丹利",93,32,61
"16012","6226光鼎","110/08/12","台新-高雄",75,143,-68
"16013","6226光鼎","110/08/12","富邦-高雄",121,66,55
"16014","6226光鼎","110/08/12","日盛證券",10,76,-66
"16015","6226光鼎","110/08/12","臺銀",106,54,52
"16016","6226光鼎","110/08/12","國泰-敦南",391,457,-66
"16017","6226光鼎","110/08/12","台灣企銀-三民",58,8,50
"16018","6226光鼎","110/08/12","富邦-台北",31,97,-66
"16019","6226光鼎","110/08/12","元大-新竹",250,200,50
"16020","6226光鼎","110/08/12","凱基-永和",30,91,-61
"16021","2363矽統","110/08/12","元大-佳里",810,33,777
"16022","2363矽統","110/08/12","凱基-台北",1783,3582,-1799
"16023","2363矽統","110/08/12","元大-大同",455,30,425
"16024","2363矽統","110/08/12","台灣摩根士丹利",0,959,-959
"16025","2363矽統","110/08/12","富邦-建國",503,100,403
"16026","2363矽統","110/08/12","華南永昌-斗六",90,1037,-947
"16027","2363矽統","110/08/12","北城證券",434,34,400
"16028","2363矽統","110/08/12","群益金鼎-敦南",27,331,-304
"16029","2363矽統","110/08/12","元大-開元",321,33,288
"16030","2363矽統","110/08/12","美商高盛",57,327,-270
"16031","2363矽統","110/08/12","台新-三民",287,84,203
"16032","2363矽統","110/08/12","大慶-蘆洲",26,233,-207
"16033","2363矽統","110/08/12","台中銀",157,23,134
"16034","2363矽統","110/08/12","新光-台南",130,324,-194
"16035","2363矽統","110/08/12","元大-新竹經國",152,21,131
"16036","2363矽統","110/08/12","美林",927,1076,-149
"16037","2363矽統","110/08/12","台新-高雄",449,322,127
"16038","2363矽統","110/08/12","華南永昌-頭份",187,328,-141
"16039","2363矽統","110/08/12","華南永昌",254,163,91
"16040","2363矽統","110/08/12","陽信-石牌",157,276,-119
"16041","2363矽統","110/08/12","凱基-城中",98,13,85
"16042","2363矽統","110/08/12","兆豐證券",0,104,-104
"16043","2363矽統","110/08/12","台中銀-台北",85,4,81
"16044","2363矽統","110/08/12","元大-忠孝鼎富",32,132,-100
"16045","2363矽統","110/08/12","元大-新莊",140,60,80
"16046","2363矽統","110/08/12","元大-鳳中",85,185,-100
"16047","2363矽統","110/08/12","玉山-台中",116,41,75
"16048","2363矽統","110/08/12","永豐金-桃盛",24,119,-95
"16049","2363矽統","110/08/12","元富-彰化",88,23,65
"16050","2363矽統","110/08/12","元大證券",51,145,-94
"16051","8112至上","110/08/12","摩根大通",1492,130,1362
"16052","8112至上","110/08/12","永豐金-台中",0,274,-274
"16053","8112至上","110/08/12","美林",712,13,699
"16054","8112至上","110/08/12","永豐金證券",8,272,-264
"16055","8112至上","110/08/12","台灣摩根士丹利",696,41,655
"16056","8112至上","110/08/12","群益金鼎-基隆",0,249,-249
"16057","8112至上","110/08/12","凱基-台北",582,82,500
"16058","8112至上","110/08/12","國票-長城",2,228,-226
"16059","8112至上","110/08/12","新加坡商瑞銀",359,18,341
"16060","8112至上","110/08/12","新光-新竹",19,208,-189
"16061","8112至上","110/08/12","花旗環球",266,0,266
"16062","8112至上","110/08/12","玉山-嘉義",20,168,-148
"16063","8112至上","110/08/12","富邦-仁愛",231,25,206
"16064","8112至上","110/08/12","元大-高雄",0,131,-131
"16065","8112至上","110/08/12","美商高盛",190,3,187
"16066","8112至上","110/08/12","臺灣企銀-桃園",128,251,-123
"16067","8112至上","110/08/12","凱基-三重",121,6,115
"16068","8112至上","110/08/12","元大-府城",0,115,-115
"16069","8112至上","110/08/12","港商野村",198,88,110
"16070","8112至上","110/08/12","台新證券",100,203,-103
"16071","8112至上","110/08/12","國票-中港",101,0,101
"16072","8112至上","110/08/12","康和-板橋",5,106,-101
"16073","8112至上","110/08/12","日盛-新竹",80,3,77
"16074","8112至上","110/08/12","元大-北成功",0,101,-101
"16075","8112至上","110/08/12","兆豐-斗南",71,8,63
"16076","8112至上","110/08/12","元大-永和",5,88,-83
"16077","8112至上","110/08/12","大慶",63,1,62
"16078","8112至上","110/08/12","群益金鼎-內湖",0,80,-80
"16079","8112至上","110/08/12","群益金鼎-竹南",57,1,56
"16080","8112至上","110/08/12","元大-南勢角",0,80,-80
"16081","1570力肯","110/08/12","台新證券",91,15,76
"16082","1570力肯","110/08/12","國票-北高雄",2,361,-359
"16083","1570力肯","110/08/12","元大-南投",81,5,76
"16084","1570力肯","110/08/12","新光",95,222,-127
"16085","1570力肯","110/08/12","永全-南崁",94,20,74
"16086","1570力肯","110/08/12","(牛牛牛)亞-鑫豐",28,120,-92
"16087","1570力肯","110/08/12","日盛-忠孝",57,0,57
"16088","1570力肯","110/08/12","華南永昌-高雄",0,52,-52
"16089","1570力肯","110/08/12","永豐金-北高雄",55,0,55
"16090","1570力肯","110/08/12","群益金鼎-三重",0,42,-42
"16091","1570力肯","110/08/12","中國信託-高雄",72,22,50
"16092","1570力肯","110/08/12","日盛-八德",2,39,-37
"16093","1570力肯","110/08/12","凱基-天母",49,0,49
"16094","1570力肯","110/08/12","新光-台中",130,167,-37
"16095","1570力肯","110/08/12","新光-台南",56,18,38
"16096","1570力肯","110/08/12","日盛-樹林",1,31,-30
"16097","1570力肯","110/08/12","兆豐-嘉義",35,0,35
"16098","1570力肯","110/08/12","元大-竹北",0,30,-30
"16099","1570力肯","110/08/12","國票-天祥",32,1,31
"16100","1570力肯","110/08/12","元大-楊梅",6,35,-29
"16101","1570力肯","110/08/12","國泰-松江",81,51,30
"16102","1570力肯","110/08/12","元大-桃興",4,32,-28
"16103","1570力肯","110/08/12","元大-新店中正",33,3,30
"16104","1570力肯","110/08/12","亞東-台中",0,26,-26
"16105","1570力肯","110/08/12","統一",48,21,27
"16106","1570力肯","110/08/12","永豐金-屏東",5,30,-25
"16107","1570力肯","110/08/12","國票-內壢",26,0,26
"16108","1570力肯","110/08/12","國泰-館前",0,24,-24
"16109","1570力肯","110/08/12","元大-大益",27,1,26
"16110","1570力肯","110/08/12","摩根大通",173,193,-20
"16111","2929淘帝","110/08/12","摩根大通",47,0,47
"16112","2929淘帝","110/08/12","華南永昌-彰化",0,30,-30
"16113","2929淘帝","110/08/12","宏遠-館前",40,0,40
"16114","2929淘帝","110/08/12","第一金-大稻埕",0,10,-10
"16115","2929淘帝","110/08/12","富邦-高雄",16,0,16
"16116","2929淘帝","110/08/12","統一-敦南",0,10,-10
"16117","2929淘帝","110/08/12","兆豐-內湖",15,0,15
"16118","2929淘帝","110/08/12","玉山-台南",0,10,-10
"16119","2929淘帝","110/08/12","港商野村",29,15,14
"16120","2929淘帝","110/08/12","元大-花蓮",0,10,-10
"16121","2929淘帝","110/08/12","元富-台南",10,0,10
"16122","2929淘帝","110/08/12","凱基-台中",0,9,-9
"16123","2929淘帝","110/08/12","豐農",10,0,10
"16124","2929淘帝","110/08/12","群益金鼎-潭子",0,8,-8
"16125","2929淘帝","110/08/12","群益金鼎-三重",10,0,10
"16126","2929淘帝","110/08/12","新加坡商瑞銀",10,17,-7
"16127","2929淘帝","110/08/12","永豐金證券",10,0,10
"16128","2929淘帝","110/08/12","新光-高雄",0,7,-7
"16129","2929淘帝","110/08/12","永豐金-敦南",10,0,10
"16130","2929淘帝","110/08/12","亞東-板橋",0,6,-6
"16131","2929淘帝","110/08/12","凱基-八德",6,0,6
"16132","2929淘帝","110/08/12","元富-中港",0,6,-6
"16133","2929淘帝","110/08/12","台新-新莊",5,0,5
"16134","2929淘帝","110/08/12","國泰-敦南",1,7,-6
"16135","2929淘帝","110/08/12","群益金鼎-中山",5,0,5
"16136","2929淘帝","110/08/12","永豐金-市政",0,6,-6
"16137","2929淘帝","110/08/12","凱基-幸福",5,0,5
"16138","2929淘帝","110/08/12","永豐金-中盛",10,16,-6
"16139","2929淘帝","110/08/12","元富-新竹",4,0,4
"16140","2929淘帝","110/08/12","台新-三民",0,5,-5
"16141","5410國眾","110/08/12","凱基-八德",23,0,23
"16142","5410國眾","110/08/12","國泰-敦南",1,101,-100
"16143","5410國眾","110/08/12","元大-大灣",11,0,11
"16144","5410國眾","110/08/12","第一金-華江",0,27,-27
"16145","5410國眾","110/08/12","合庫-新竹",10,0,10
"16146","5410國眾","110/08/12","元大-竹科",0,17,-17
"16147","5410國眾","110/08/12","凱基-虎尾",10,0,10
"16148","5410國眾","110/08/12","元大-歸仁",1,15,-14
"16149","5410國眾","110/08/12","富邦-竹北",10,0,10
"16150","5410國眾","110/08/12","日盛-八德",0,10,-10
"16151","5410國眾","110/08/12","玉山-新莊",9,0,9
"16152","5410國眾","110/08/12","華南永昌-潮州",0,10,-10
"16153","5410國眾","110/08/12","玉山-台大",8,0,8
"16154","5410國眾","110/08/12","富邦-板橋",0,7,-7
"16155","5410國眾","110/08/12","凱基-桃園",8,0,8
"16156","5410國眾","110/08/12","凱基-高雄",0,6,-6
"16157","5410國眾","110/08/12","日盛-永康",7,0,7
"16158","5410國眾","110/08/12","元大-忠孝",0,6,-6
"16159","5410國眾","110/08/12","玉山-雙和",7,0,7
"16160","5410國眾","110/08/12","凱基-汐止",0,5,-5
"16161","5410國眾","110/08/12","元大-彰化",7,0,7
"16162","5410國眾","110/08/12","凱基-台北",0,5,-5
"16163","5410國眾","110/08/12","元大-崇德",7,0,7
"16164","5410國眾","110/08/12","元富-花蓮",0,4,-4
"16165","5410國眾","110/08/12","國泰-館前",6,0,6
"16166","5410國眾","110/08/12","凱基-岡山",0,4,-4
"16167","5410國眾","110/08/12","國泰-板橋",8,2,6
"16168","5410國眾","110/08/12","瑞士信貸",0,3,-3
"16169","5410國眾","110/08/12","元富-桃園",5,0,5
"16170","5410國眾","110/08/12","富邦-台中",0,3,-3
"16171","2841台開","110/08/12","宏遠-館前",370,0,370
"16172","2841台開","110/08/12","永豐金-敦南",4,134,-130
"16173","2841台開","110/08/12","永豐金-豐原",94,0,94
"16174","2841台開","110/08/12","港商野村",0,85,-85
"16175","2841台開","110/08/12","富邦-北港",53,0,53
"16176","2841台開","110/08/12","國泰-忠孝",1,40,-39
"16177","2841台開","110/08/12","新光-台中",20,0,20
"16178","2841台開","110/08/12","富邦-仁愛",0,38,-38
"16179","2841台開","110/08/12","凱基-高美館",20,0,20
"16180","2841台開","110/08/12","新加坡商瑞銀",0,27,-27
"16181","2841台開","110/08/12","元大-左營",20,0,20
"16182","2841台開","110/08/12","統一-嘉義",0,21,-21
"16183","2841台開","110/08/12","元大-基隆孝二",11,0,11
"16184","2841台開","110/08/12","日盛-忠孝",0,20,-20
"16185","2841台開","110/08/12","元大-路竹",10,0,10
"16186","2841台開","110/08/12","日盛-中壢",0,20,-20
"16187","2841台開","110/08/12","華南永昌-虎尾",9,0,9
"16188","2841台開","110/08/12","宏遠-桃園",0,20,-20
"16189","2841台開","110/08/12","康和-台北",6,0,6
"16190","2841台開","110/08/12","群益金鼎-南京",0,20,-20
"16191","2841台開","110/08/12","致和-東門",5,0,5
"16192","2841台開","110/08/12","合庫-基隆",0,18,-18
"16193","2841台開","110/08/12","元大-虎尾",5,0,5
"16194","2841台開","110/08/12","日盛證券",0,17,-17
"16195","2841台開","110/08/12","元大-莒光",5,0,5
"16196","2841台開","110/08/12","元大-歸仁",0,15,-15
"16197","2841台開","110/08/12","永豐金-桃園",5,0,5
"16198","2841台開","110/08/12","新光",10,21,-11
"16199","2841台開","110/08/12","新光-台南",4,0,4
"16200","2841台開","110/08/12","群益金鼎-天母",0,11,-11
"16201","6207雷科","110/08/12","摩根大通",125,11,114
"16202","6207雷科","110/08/12","凱基-復興",0,120,-120
"16203","6207雷科","110/08/12","凱基-台北",96,1,95
"16204","6207雷科","110/08/12","元大-鳳山",0,62,-62
"16205","6207雷科","110/08/12","美林",38,3,35
"16206","6207雷科","110/08/12","日盛證券",0,56,-56
"16207","6207雷科","110/08/12","兆豐-南京",30,0,30
"16208","6207雷科","110/08/12","日盛-忠孝",0,48,-48
"16209","6207雷科","110/08/12","港商野村",27,1,26
"16210","6207雷科","110/08/12","日盛-桃園",0,11,-11
"16211","6207雷科","110/08/12","元大-南京",20,0,20
"16212","6207雷科","110/08/12","中國信託-高雄",0,10,-10
"16213","6207雷科","110/08/12","臺銀-臺南",12,0,12
"16214","6207雷科","110/08/12","元大-土城永寧",0,10,-10
"16215","6207雷科","110/08/12","瑞士信貸",11,0,11
"16216","6207雷科","110/08/12","凱基-湖口",0,8,-8
"16217","6207雷科","110/08/12","新加坡商瑞銀",20,11,9
"16218","6207雷科","110/08/12","富邦-敦南",0,7,-7
"16219","6207雷科","110/08/12","第一金-新興",6,0,6
"16220","6207雷科","110/08/12","凱基-三峽",0,6,-6
"16221","6207雷科","110/08/12","群益金鼎-士林",6,0,6
"16222","6207雷科","110/08/12","永豐金-高雄",0,6,-6
"16223","6207雷科","110/08/12","群益金鼎-瑞豐",6,0,6
"16224","6207雷科","110/08/12","宏遠證券",0,5,-5
"16225","6207雷科","110/08/12","兆豐-來福",5,0,5
"16226","6207雷科","110/08/12","元富-彰化",0,5,-5
"16227","6207雷科","110/08/12","華南永昌-彰化",5,0,5
"16228","6207雷科","110/08/12","凱基-岡山",0,5,-5
"16229","6207雷科","110/08/12","富邦-中壢",5,0,5
"16230","6207雷科","110/08/12","富邦-建國",0,5,-5
"16231","3679新至陞","110/08/12","台灣摩根士丹利",10,0,10
"16232","3679新至陞","110/08/12","元大-成功",0,10,-10
"16233","3679新至陞","110/08/12","國泰-松江",8,0,8
"16234","3679新至陞","110/08/12","新加坡商瑞銀",0,7,-7
"16235","3679新至陞","110/08/12","元大-大同",3,0,3
"16236","3679新至陞","110/08/12","摩根大通",2,6,-4
"16237","3679新至陞","110/08/12","聯邦-三重",2,0,2
"16238","3679新至陞","110/08/12","瑞士信貸",0,3,-3
"16239","3679新至陞","110/08/12","凱基-站前",2,0,2
"16240","3679新至陞","110/08/12","港商野村",0,3,-3
"16241","3679新至陞","110/08/12","日盛-板橋",1,0,1
"16242","3679新至陞","110/08/12","凱基-新豐",0,3,-3
"16243","3679新至陞","110/08/12","日盛-龍潭",1,0,1
"16244","3679新至陞","110/08/12","元大證券",0,3,-3
"16245","3679新至陞","110/08/12","美商高盛",1,0,1
"16246","3679新至陞","110/08/12","康和-板橋",0,2,-2
"16247","3679新至陞","110/08/12","大慶-蘆洲",1,0,1
"16248","3679新至陞","110/08/12","富邦-台北",0,2,-2
"16249","3679新至陞","110/08/12","元富-民權",1,0,1
"16250","3679新至陞","110/08/12","元大-土城永寧",0,2,-2
"16251","3679新至陞","110/08/12","元富-花蓮",1,0,1
"16252","3679新至陞","110/08/12","彰銀",0,1,-1
"16253","3679新至陞","110/08/12","(牛牛牛)亞-網路",1,0,1
"16254","3679新至陞","110/08/12","大慶-富順",0,1,-1
"16255","3679新至陞","110/08/12","光和-溪湖",1,0,1
"16256","3679新至陞","110/08/12","台中銀-豐原",0,1,-1
"16257","3679新至陞","110/08/12","兆豐-城中",1,0,1
"16258","3679新至陞","110/08/12","兆豐-東門",0,1,-1
"16259","3679新至陞","110/08/12","兆豐-岡山",1,0,1
"16260","3679新至陞","110/08/12","凱基-新店",0,1,-1
"16261","2727王品","110/08/12","新光",25,8,17
"16262","2727王品","110/08/12","美林",0,76,-76
"16263","2727王品","110/08/12","彰銀-台中",14,2,12
"16264","2727王品","110/08/12","新加坡商瑞銀",0,52,-52
"16265","2727王品","110/08/12","康和-澎湖",10,0,10
"16266","2727王品","110/08/12","凱基-台北",2,38,-36
"16267","2727王品","110/08/12","富邦-建國",10,1,9
"16268","2727王品","110/08/12","國泰證券",0,22,-22
"16269","2727王品","110/08/12","永豐金-中正",9,0,9
"16270","2727王品","110/08/12","統一",1,19,-18
"16271","2727王品","110/08/12","中國信託",12,4,8
"16272","2727王品","110/08/12","元大證券",5,21,-16
"16273","2727王品","110/08/12","國泰-敦南",9,1,8
"16274","2727王品","110/08/12","永豐金證券",0,16,-16
"16275","2727王品","110/08/12","日盛-景美",8,1,7
"16276","2727王品","110/08/12","港商野村",4,15,-11
"16277","2727王品","110/08/12","元富-永和",7,0,7
"16278","2727王品","110/08/12","元富-大昌",0,8,-8
"16279","2727王品","110/08/12","富邦-新店",7,0,7
"16280","2727王品","110/08/12","元大-沙鹿",0,8,-8
"16281","2727王品","110/08/12","日盛-木柵",6,0,6
"16282","2727王品","110/08/12","元大-板橋",5,10,-5
"16283","2727王品","110/08/12","日盛-屏東",7,1,6
"16284","2727王品","110/08/12","永豐金-彰化",0,5,-5
"16285","2727王品","110/08/12","台新-三民",7,1,6
"16286","2727王品","110/08/12","大慶-泰山",0,4,-4
"16287","2727王品","110/08/12","凱基-三重",6,0,6
"16288","2727王品","110/08/12","台中銀",0,4,-4
"16289","2727王品","110/08/12","第一金-台南",5,0,5
"16290","2727王品","110/08/12","康和",0,4,-4
"16291","1570力肯","110/08/12","台新證券",91,15,76
"16292","1570力肯","110/08/12","國票-北高雄",2,361,-359
"16293","1570力肯","110/08/12","元大-南投",81,5,76
"16294","1570力肯","110/08/12","新光",95,222,-127
"16295","1570力肯","110/08/12","永全-南崁",94,20,74
"16296","1570力肯","110/08/12","(牛牛牛)亞-鑫豐",28,120,-92
"16297","1570力肯","110/08/12","日盛-忠孝",57,0,57
"16298","1570力肯","110/08/12","華南永昌-高雄",0,52,-52
"16299","1570力肯","110/08/12","永豐金-北高雄",55,0,55
"16300","1570力肯","110/08/12","群益金鼎-三重",0,42,-42
"16301","1570力肯","110/08/12","中國信託-高雄",72,22,50
"16302","1570力肯","110/08/12","日盛-八德",2,39,-37
"16303","1570力肯","110/08/12","凱基-天母",49,0,49
"16304","1570力肯","110/08/12","新光-台中",130,167,-37
"16305","1570力肯","110/08/12","新光-台南",56,18,38
"16306","1570力肯","110/08/12","日盛-樹林",1,31,-30
"16307","1570力肯","110/08/12","兆豐-嘉義",35,0,35
"16308","1570力肯","110/08/12","元大-竹北",0,30,-30
"16309","1570力肯","110/08/12","國票-天祥",32,1,31
"16310","1570力肯","110/08/12","元大-楊梅",6,35,-29
"16311","1570力肯","110/08/12","國泰-松江",81,51,30
"16312","1570力肯","110/08/12","元大-桃興",4,32,-28
"16313","1570力肯","110/08/12","元大-新店中正",33,3,30
"16314","1570力肯","110/08/12","亞東-台中",0,26,-26
"16315","1570力肯","110/08/12","統一",48,21,27
"16316","1570力肯","110/08/12","永豐金-屏東",5,30,-25
"16317","1570力肯","110/08/12","國票-內壢",26,0,26
"16318","1570力肯","110/08/12","國泰-館前",0,24,-24
"16319","1570力肯","110/08/12","元大-大益",27,1,26
"16320","1570力肯","110/08/12","摩根大通",173,193,-20
"16321","6180橘子","110/08/12","第一金-忠孝",54,0,54
"16322","6180橘子","110/08/12","台灣企銀-屏東",0,30,-30
"16323","6180橘子","110/08/12","美林",35,0,35
"16324","6180橘子","110/08/12","元大-斗信",0,20,-20
"16325","6180橘子","110/08/12","凱基-台北",27,0,27
"16326","6180橘子","110/08/12","永豐金-信義",0,15,-15
"16327","6180橘子","110/08/12","美商高盛",23,2,21
"16328","6180橘子","110/08/12","玉山-桃園",0,14,-14
"16329","6180橘子","110/08/12","元大-前金",20,0,20
"16330","6180橘子","110/08/12","兆豐-埔墘",0,10,-10
"16331","6180橘子","110/08/12","摩根大通",21,5,16
"16332","6180橘子","110/08/12","富邦-高雄",0,10,-10
"16333","6180橘子","110/08/12","元大-敦南",11,0,11
"16334","6180橘子","110/08/12","台新-新營",1,10,-9
"16335","6180橘子","110/08/12","統一-基隆",10,0,10
"16336","6180橘子","110/08/12","富邦-員林",0,9,-9
"16337","6180橘子","110/08/12","元大證券",6,0,6
"16338","6180橘子","110/08/12","台灣摩根士丹利",4,11,-7
"16339","6180橘子","110/08/12","日盛-樹林",5,0,5
"16340","6180橘子","110/08/12","大慶-蘆洲",0,7,-7
"16341","6180橘子","110/08/12","新光-新竹",6,1,5
"16342","6180橘子","110/08/12","元大-北三重",0,7,-7
"16343","6180橘子","110/08/12","元大-上新莊",5,0,5
"16344","6180橘子","110/08/12","新光",1,6,-5
"16345","6180橘子","110/08/12","新加坡商瑞銀",3,0,3
"16346","6180橘子","110/08/12","華南永昌-虎尾",0,5,-5
"16347","6180橘子","110/08/12","統一-中壢",3,0,3
"16348","6180橘子","110/08/12","元大-屏南",0,5,-5
"16349","6180橘子","110/08/12","元富-新店",3,0,3
"16350","6180橘子","110/08/12","群益金鼎-東湖",1,5,-4
"16351","2390云辰","110/08/12","美林",245,9,236
"16352","2390云辰","110/08/12","臺銀-臺中",2,218,-216
"16353","2390云辰","110/08/12","新加坡商瑞銀",90,20,70
"16354","2390云辰","110/08/12","兆豐-寶成",0,185,-185
"16355","2390云辰","110/08/12","台灣摩根士丹利",59,2,57
"16356","2390云辰","110/08/12","元大-板橋三民",1,70,-69
"16357","2390云辰","110/08/12","凱基-台北",127,72,55
"16358","2390云辰","110/08/12","永豐金-松山",5,70,-65
"16359","2390云辰","110/08/12","元大-豐原站前",51,1,50
"16360","2390云辰","110/08/12","富邦-建國",11,62,-51
"16361","2390云辰","110/08/12","港商野村",198,154,44
"16362","2390云辰","110/08/12","元大-土城學府",36,70,-34
"16363","2390云辰","110/08/12","凱基-站前",54,10,44
"16364","2390云辰","110/08/12","元大-土城永寧",10,39,-29
"16365","2390云辰","110/08/12","元大-北三重",34,2,32
"16366","2390云辰","110/08/12","群益金鼎-中壢",3,30,-27
"16367","2390云辰","110/08/12","凱基-民權",30,0,30
"16368","2390云辰","110/08/12","元大-新竹",3,30,-27
"16369","2390云辰","110/08/12","華南永昌-岡山",28,0,28
"16370","2390云辰","110/08/12","元富-城東",2,28,-26
"16371","2390云辰","110/08/12","元富-同大",34,7,27
"16372","2390云辰","110/08/12","群益金鼎-三民",2,26,-24
"16373","2390云辰","110/08/12","元大-路竹",45,20,25
"16374","2390云辰","110/08/12","台新-左楠",28,50,-22
"16375","2390云辰","110/08/12","國票-博愛",34,11,23
"16376","2390云辰","110/08/12","中農",1,23,-22
"16377","2390云辰","110/08/12","元大-台南",25,2,23
"16378","2390云辰","110/08/12","聯邦商銀",0,22,-22
"16379","2390云辰","110/08/12","群益金鼎-開元",30,8,22
"16380","2390云辰","110/08/12","元富-新店",2,23,-21
"16381","2867三商壽","110/08/11","摩根大通",509,31,478
"16382","2867三商壽","110/08/11","港商野村",13,188,-175
"16383","2867三商壽","110/08/11","美商高盛",157,17,140
"16384","2867三商壽","110/08/11","宏遠-高雄",0,150,-150
"16385","2867三商壽","110/08/11","凱基-台北",123,14,109
"16386","2867三商壽","110/08/11","日盛-鳳山",0,73,-73
"16387","2867三商壽","110/08/11","凱基-八德",101,0,101
"16388","2867三商壽","110/08/11","德信-中正",0,71,-71
"16389","2867三商壽","110/08/11","統一-平鎮",100,0,100
"16390","2867三商壽","110/08/11","凱基-新豐",1,67,-66
"16391","2867三商壽","110/08/11","元大-土城永寧",94,5,89
"16392","2867三商壽","110/08/11","土銀-新竹",0,60,-60
"16393","2867三商壽","110/08/11","元大-沙鹿",63,0,63
"16394","2867三商壽","110/08/11","凱基-中港",0,55,-55
"16395","2867三商壽","110/08/11","新加坡商瑞銀",55,1,54
"16396","2867三商壽","110/08/11","中國信託-文心",11,61,-50
"16397","2867三商壽","110/08/11","台灣摩根士丹利",60,10,50
"16398","2867三商壽","110/08/11","國泰-新莊",2,50,-48
"16399","2867三商壽","110/08/11","元富-潮州",41,0,41
"16400","2867三商壽","110/08/11","群益金鼎",0,40,-40
"16401","2867三商壽","110/08/11","統一-汐止",40,0,40
"16402","2867三商壽","110/08/11","元大-大益",0,40,-40
"16403","2867三商壽","110/08/11","新光-高雄",40,4,36
"16404","2867三商壽","110/08/11","富邦-板橋",5,38,-33
"16405","2867三商壽","110/08/11","玉山-板橋",31,1,30
"16406","2867三商壽","110/08/11","元富-古亭",0,30,-30
"16407","2867三商壽","110/08/11","美林",194,168,26
"16408","2867三商壽","110/08/11","元大-金華",0,30,-30
"16409","2867三商壽","110/08/11","凱基",24,0,24
"16410","2867三商壽","110/08/11","元大-汐止",13,42,-29
"16411","5521工信","110/08/11","摩根大通",417,16,401
"16412","5521工信","110/08/11","元大-沙鹿",0,103,-103
"16413","5521工信","110/08/11","凱基-台北",86,5,81
"16414","5521工信","110/08/11","華南永昌",0,43,-43
"16415","5521工信","110/08/11","日進",73,0,73
"16416","5521工信","110/08/11","聯邦-雙和",0,42,-42
"16417","5521工信","110/08/11","日盛證券",70,0,70
"16418","5521工信","110/08/11","元富-基隆",0,38,-38
"16419","5521工信","110/08/11","富邦-台北",65,0,65
"16420","5521工信","110/08/11","第一金-路竹",0,37,-37
"16421","5521工信","110/08/11","富邦-苗栗",50,0,50
"16422","5521工信","110/08/11","土銀-台中",0,35,-35
"16423","5521工信","110/08/11","永豐金-鳳山",40,1,39
"16424","5521工信","110/08/11","玉山-高雄",0,30,-30
"16425","5521工信","110/08/11","台灣企銀-北高雄",30,0,30
"16426","5521工信","110/08/11","凱基-台南",0,30,-30
"16427","5521工信","110/08/11","美林",71,42,29
"16428","5521工信","110/08/11","凱基-復興",0,30,-30
"16429","5521工信","110/08/11","台新-台中",31,6,25
"16430","5521工信","110/08/11","元大-屏南",0,30,-30
"16431","5521工信","110/08/11","凱基-鳳山",20,0,20
"16432","5521工信","110/08/11","永豐金-天母",0,30,-30
"16433","5521工信","110/08/11","元大-東蘆",20,0,20
"16434","5521工信","110/08/11","華南永昌-潮州",4,32,-28
"16435","5521工信","110/08/11","群益金鼎-士林",21,3,18
"16436","5521工信","110/08/11","華南永昌-彰化",13,39,-26
"16437","5521工信","110/08/11","永豐金證券",14,0,14
"16438","5521工信","110/08/11","日盛-新莊",0,25,-25
"16439","5521工信","110/08/11","瑞士信貸",13,0,13
"16440","5521工信","110/08/11","群益金鼎-敦南",0,25,-25
"16441","1471首利","110/08/11","瑞士信貸",162,0,162
"16442","1471首利","110/08/11","日盛-和美",1,55,-54
"16443","1471首利","110/08/11","永全-八德",100,0,100
"16444","1471首利","110/08/11","臺銀-臺中",3,55,-52
"16445","1471首利","110/08/11","摩根大通",128,46,82
"16446","1471首利","110/08/11","永豐金-板盛",0,42,-42
"16447","1471首利","110/08/11","台新證券",48,7,41
"16448","1471首利","110/08/11","兆豐-桃園",0,40,-40
"16449","1471首利","110/08/11","凱基-台南",30,0,30
"16450","1471首利","110/08/11","凱基-東門",0,40,-40
"16451","1471首利","110/08/11","凱基-內埔",20,0,20
"16452","1471首利","110/08/11","元大-新竹經國",0,40,-40
"16453","1471首利","110/08/11","元大-蘆洲",20,0,20
"16454","1471首利","110/08/11","群益金鼎-中港",0,35,-35
"16455","1471首利","110/08/11","台新-高雄",16,0,16
"16456","1471首利","110/08/11","元大-竹山",0,30,-30
"16457","1471首利","110/08/11","大慶-富順",13,0,13
"16458","1471首利","110/08/11","富邦-新竹",1,30,-29
"16459","1471首利","110/08/11","群益金鼎-海山",13,0,13
"16460","1471首利","110/08/11","日盛-八德",0,27,-27
"16461","1471首利","110/08/11","日盛-大墩",12,0,12
"16462","1471首利","110/08/11","大慶-蘆洲",5,30,-25
"16463","1471首利","110/08/11","凱基-三重",12,0,12
"16464","1471首利","110/08/11","元富-林園",0,25,-25
"16465","1471首利","110/08/11","華南永昌-林口",12,0,12
"16466","1471首利","110/08/11","元富-大昌",0,25,-25
"16467","1471首利","110/08/11","富邦-中壢",13,2,11
"16468","1471首利","110/08/11","新光",9,34,-25
"16469","1471首利","110/08/11","合庫-台中",10,0,10
"16470","1471首利","110/08/11","兆豐-寶成",0,24,-24
"16471","2883開發金","110/08/11","瑞士信貸",5796,0,5796
"16472","2883開發金","110/08/11","元富",772,4335,-3563
"16473","2883開發金","110/08/11","元大-板橋三民",4182,53,4129
"16474","2883開發金","110/08/11","美林",2516,5260,-2744
"16475","2883開發金","110/08/11","合庫證券",3532,28,3504
"16476","2883開發金","110/08/11","永豐金-彰化",42,2447,-2405
"16477","2883開發金","110/08/11","兆豐證券",2123,44,2079
"16478","2883開發金","110/08/11","元大證券",1279,3467,-2188
"16479","2883開發金","110/08/11","台灣摩根士丹利",2946,1744,1202
"16480","2883開發金","110/08/11","國票-長城",0,2014,-2014
"16481","2883開發金","110/08/11","富邦-建國",1195,92,1103
"16482","2883開發金","110/08/11","港商野村",3121,4600,-1479
"16483","2883開發金","110/08/11","新光-新竹",1140,38,1102
"16484","2883開發金","110/08/11","元大-金華",31,1341,-1310
"16485","2883開發金","110/08/11","美商高盛",1600,535,1065
"16486","2883開發金","110/08/11","元大-彰化",67,1218,-1151
"16487","2883開發金","110/08/11","群益金鼎-南京",1083,202,881
"16488","2883開發金","110/08/11","玉山-高雄",99,986,-887
"16489","2883開發金","110/08/11","凱基-台北",5046,4258,788
"16490","2883開發金","110/08/11","元富-彰化",27,813,-786
"16491","2883開發金","110/08/11","港商法國興業",728,0,728
"16492","2883開發金","110/08/11","摩根大通",3362,4085,-723
"16493","2883開發金","110/08/11","玉山證券",716,98,618
"16494","2883開發金","110/08/11","國泰證券",21,658,-637
"16495","2883開發金","110/08/11","凱基-豐中",634,76,558
"16496","2883開發金","110/08/11","富邦-新店",61,662,-601
"16497","2883開發金","110/08/11","永豐金-忠孝",1406,858,548
"16498","2883開發金","110/08/11","元大-小港",71,667,-596
"16499","2883開發金","110/08/11","元大-民生",532,2,530
"16500","2883開發金","110/08/11","富邦-台北",213,798,-585
"16501","6205詮欣","110/08/11","臺銀-民權",25,0,25
"16502","6205詮欣","110/08/11","摩根大通",2,46,-44
"16503","6205詮欣","110/08/11","合庫-三重",20,0,20
"16504","6205詮欣","110/08/11","永豐金-敦南",0,14,-14
"16505","6205詮欣","110/08/11","元富-宜蘭",20,0,20
"16506","6205詮欣","110/08/11","瑞士信貸",0,11,-11
"16507","6205詮欣","110/08/11","德信-新營",10,0,10
"16508","6205詮欣","110/08/11","永豐金-忠孝",0,10,-10
"16509","6205詮欣","110/08/11","元大-西屯",10,0,10
"16510","6205詮欣","110/08/11","統一-汐止",0,6,-6
"16511","6205詮欣","110/08/11","永豐金-中正",9,0,9
"16512","6205詮欣","110/08/11","港商野村",0,5,-5
"16513","6205詮欣","110/08/11","日盛-三重",5,0,5
"16514","6205詮欣","110/08/11","新光",0,5,-5
"16515","6205詮欣","110/08/11","日盛-花蓮",5,0,5
"16516","6205詮欣","110/08/11","群益金鼎-開元",0,5,-5
"16517","6205詮欣","110/08/11","宏遠證券",5,0,5
"16518","6205詮欣","110/08/11","富邦-陽明",0,5,-5
"16519","6205詮欣","110/08/11","高橋",5,0,5
"16520","6205詮欣","110/08/11","元大-館前",0,5,-5
"16521","6205詮欣","110/08/11","亞東-板橋",4,0,4
"16522","6205詮欣","110/08/11","大慶-中壢",0,4,-4
"16523","6205詮欣","110/08/11","元富-基隆",3,0,3
"16524","6205詮欣","110/08/11","凱基-和平",0,4,-4
"16525","6205詮欣","110/08/11","元大-台中中港",3,0,3
"16526","6205詮欣","110/08/11","富邦-台北",0,4,-4
"16527","6205詮欣","110/08/11","合庫-彰化",2,0,2
"16528","6205詮欣","110/08/11","元大-南投",0,4,-4
"16529","6205詮欣","110/08/11","元大-西門",2,0,2
"16530","6205詮欣","110/08/11","元大-東蘆",0,4,-4
"16531","1540喬福","110/08/11","元富-中原",30,0,30
"16532","1540喬福","110/08/11","統一-新台中",0,18,-18
"16533","1540喬福","110/08/11","台中銀",17,0,17
"16534","1540喬福","110/08/11","凱基-台北",0,16,-16
"16535","1540喬福","110/08/11","富邦-竹北",11,0,11
"16536","1540喬福","110/08/11","永豐金-板新",0,15,-15
"16537","1540喬福","110/08/11","國泰-敦南",8,0,8
"16538","1540喬福","110/08/11","永豐金-中盛",0,11,-11
"16539","1540喬福","110/08/11","凱基-中壢",6,0,6
"16540","1540喬福","110/08/11","元大-中壢",0,10,-10
"16541","1540喬福","110/08/11","凱基-台南",5,0,5
"16542","1540喬福","110/08/11","玉山-台南",0,4,-4
"16543","1540喬福","110/08/11","元大-土城永寧",3,0,3
"16544","1540喬福","110/08/11","國票-南科",0,3,-3
"16545","1540喬福","110/08/11","臺銀-鳳山",2,0,2
"16546","1540喬福","110/08/11","元大-龍潭",0,3,-3
"16547","1540喬福","110/08/11","日盛-台中",2,0,2
"16548","1540喬福","110/08/11","臺銀-臺中",0,2,-2
"16549","1540喬福","110/08/11","兆豐-北高雄",2,0,2
"16550","1540喬福","110/08/11","(牛牛牛)亞-網路",0,2,-2
"16551","1540喬福","110/08/11","兆豐-三民",2,0,2
"16552","1540喬福","110/08/11","新光-台南",0,2,-2
"16553","1540喬福","110/08/11","合庫-桃園",1,0,1
"16554","1540喬福","110/08/11","凱基-永和",0,2,-2
"16555","1540喬福","110/08/11","臺銀-民權",1,0,1
"16556","1540喬福","110/08/11","元大-南崁",0,2,-2
"16557","1540喬福","110/08/11","臺銀-高雄",1,0,1
"16558","1540喬福","110/08/11","美林",0,1,-1
"16559","1540喬福","110/08/11","日盛-永康",1,0,1
"16560","1540喬福","110/08/11","美商高盛",0,1,-1
"16561","2888新光金","110/08/11","摩根大通",6950,1470,5480
"16562","2888新光金","110/08/11","第一金-高雄",5,5018,-5013
"16563","2888新光金","110/08/11","元大-忠孝鼎富",4314,11,4303
"16564","2888新光金","110/08/11","永豐金-天母",0,2241,-2241
"16565","2888新光金","110/08/11","美商高盛",4420,228,4192
"16566","2888新光金","110/08/11","統一-中壢",11,1720,-1709
"16567","2888新光金","110/08/11","瑞士信貸",2928,166,2762
"16568","2888新光金","110/08/11","美林",1510,3170,-1660
"16569","2888新光金","110/08/11","群益金鼎",1859,0,1859
"16570","2888新光金","110/08/11","國票-台東",21,1606,-1585
"16571","2888新光金","110/08/11","凱基-台北",5335,3700,1635
"16572","2888新光金","110/08/11","元富-城東",25,1082,-1057
"16573","2888新光金","110/08/11","新加坡商瑞銀",1506,65,1441
"16574","2888新光金","110/08/11","台灣摩根士丹利",916,1951,-1035
"16575","2888新光金","110/08/11","港商法國興業",1338,0,1338
"16576","2888新光金","110/08/11","中國信託",25,740,-715
"16577","2888新光金","110/08/11","元富-中港",1250,9,1241
"16578","2888新光金","110/08/11","新光",391,1047,-656
"16579","2888新光金","110/08/11","福邦-新竹",1176,0,1176
"16580","2888新光金","110/08/11","合庫-高雄",1,567,-566
"16581","2888新光金","110/08/11","凱基-林口",1005,35,970
"16582","2888新光金","110/08/11","康和-台中",1,463,-462
"16583","2888新光金","110/08/11","港商野村",1301,434,867
"16584","2888新光金","110/08/11","玉山證券",260,691,-431
"16585","2888新光金","110/08/11","國票-安和",1179,519,660
"16586","2888新光金","110/08/11","元大-和平",4,382,-378
"16587","2888新光金","110/08/11","富邦-敦南",569,19,550
"16588","2888新光金","110/08/11","日盛-新莊",0,350,-350
"16589","2888新光金","110/08/11","香港上海匯豐",441,0,441
"16590","2888新光金","110/08/11","群益金鼎-大興",1,341,-340
"16591","1340勝悅","110/08/11","華南永昌-高雄",24,4,20
"16592","1340勝悅","110/08/11","元大-大統",0,42,-42
"16593","1340勝悅","110/08/11","亞東-板橋",18,0,18
"16594","1340勝悅","110/08/11","(牛牛牛)亞-鑫豐",0,25,-25
"16595","1340勝悅","110/08/11","永豐金-台南",12,0,12
"16596","1340勝悅","110/08/11","美林",0,20,-20
"16597","1340勝悅","110/08/11","永豐金-板盛",10,0,10
"16598","1340勝悅","110/08/11","摩根大通",0,18,-18
"16599","1340勝悅","110/08/11","永豐金-天母",9,0,9
"16600","1340勝悅","110/08/11","元富-基隆",0,12,-12
"16601","1340勝悅","110/08/11","國泰-敦南",15,7,8
"16602","1340勝悅","110/08/11","玉山-高雄",0,12,-12
"16603","1340勝悅","110/08/11","群益金鼎-館前",8,0,8
"16604","1340勝悅","110/08/11","元大-桃興",0,10,-10
"16605","1340勝悅","110/08/11","凱基-台中",7,0,7
"16606","1340勝悅","110/08/11","永豐金-博愛",0,10,-10
"16607","1340勝悅","110/08/11","統一-城中",6,0,6
"16608","1340勝悅","110/08/11","瑞士信貸",0,8,-8
"16609","1340勝悅","110/08/11","群益金鼎-崇德",6,0,6
"16610","1340勝悅","110/08/11","日盛-台中",0,6,-6
"16611","1340勝悅","110/08/11","永豐金-松山",6,0,6
"16612","1340勝悅","110/08/11","元大-景美",0,6,-6
"16613","1340勝悅","110/08/11","臺銀-鳳山",5,0,5
"16614","1340勝悅","110/08/11","日盛-信義",0,5,-5
"16615","1340勝悅","110/08/11","永全-南崁",5,0,5
"16616","1340勝悅","110/08/11","台新證券",0,5,-5
"16617","1340勝悅","110/08/11","玉山-士林",5,0,5
"16618","1340勝悅","110/08/11","元大-忠孝鼎富",0,5,-5
"16619","1340勝悅","110/08/11","國泰-台中",15,10,5
"16620","1340勝悅","110/08/11","元大-中壢",0,5,-5
"16621","6246臺龍","110/08/11","永興",40,3,37
"16622","6246臺龍","110/08/11","港商野村",6,139,-133
"16623","6246臺龍","110/08/11","永豐金-內湖",42,9,33
"16624","6246臺龍","110/08/11","統一",0,97,-97
"16625","6246臺龍","110/08/11","元大-豐原站前",68,41,27
"16626","6246臺龍","110/08/11","兆豐-松德",0,82,-82
"16627","6246臺龍","110/08/11","日盛-員林",21,1,20
"16628","6246臺龍","110/08/11","元大-新盛",24,80,-56
"16629","6246臺龍","110/08/11","康和-澎湖",20,0,20
"16630","6246臺龍","110/08/11","元大-北港",0,35,-35
"16631","6246臺龍","110/08/11","元大-歸仁",18,0,18
"16632","6246臺龍","110/08/11","元大-西門",0,28,-28
"16633","6246臺龍","110/08/11","元大-中壢",35,17,18
"16634","6246臺龍","110/08/11","永興-台中",0,27,-27
"16635","6246臺龍","110/08/11","玉山-大里",17,0,17
"16636","6246臺龍","110/08/11","永興-水湳",0,25,-25
"16637","6246臺龍","110/08/11","大慶-泰山",15,0,15
"16638","6246臺龍","110/08/11","元大-西螺",6,30,-24
"16639","6246臺龍","110/08/11","永豐金-松山",15,1,14
"16640","6246臺龍","110/08/11","元大-西屯",2,25,-23
"16641","6246臺龍","110/08/11","凱基-永和",13,0,13
"16642","6246臺龍","110/08/11","新光",45,67,-22
"16643","6246臺龍","110/08/11","華南永昌-嘉義",13,0,13
"16644","6246臺龍","110/08/11","第一金-台中",0,20,-20
"16645","6246臺龍","110/08/11","富邦-三重",13,0,13
"16646","6246臺龍","110/08/11","兆豐-南京",0,20,-20
"16647","6246臺龍","110/08/11","日盛-高雄",12,0,12
"16648","6246臺龍","110/08/11","日盛-頭份",2,20,-18
"16649","6246臺龍","110/08/11","群益金鼎-北高雄",12,0,12
"16650","6246臺龍","110/08/11","宏遠-桃園",0,17,-17
"16651","00715L期街口布蘭特正2","110/08/11","元大證券",11593,2378,9215
"16652","00715L期街口布蘭特正2","110/08/11","凱基-台北",313,3001,-2688
"16653","00715L期街口布蘭特正2","110/08/11","永豐金-新店",1600,4,1596
"16654","00715L期街口布蘭特正2","110/08/11","富邦-南屯",403,1908,-1505
"16655","00715L期街口布蘭特正2","110/08/11","第一金-台中",1282,31,1251
"16656","00715L期街口布蘭特正2","110/08/11","新光",152,1165,-1013
"16657","00715L期街口布蘭特正2","110/08/11","元大-敦化",1200,20,1180
"16658","00715L期街口布蘭特正2","110/08/11","第一金-台南",0,519,-519
"16659","00715L期街口布蘭特正2","110/08/11","永豐金證券",1128,53,1075
"16660","00715L期街口布蘭特正2","110/08/11","統一-新竹",13,506,-493
"16661","00715L期街口布蘭特正2","110/08/11","元大-復北",556,21,535
"16662","00715L期街口布蘭特正2","110/08/11","台新-三民",0,438,-438
"16663","00715L期街口布蘭特正2","110/08/11","日盛-永康",340,0,340
"16664","00715L期街口布蘭特正2","110/08/11","富邦-彰化",30,391,-361
"16665","00715L期街口布蘭特正2","110/08/11","群益金鼎-板橋",350,17,333
"16666","00715L期街口布蘭特正2","110/08/11","元富-中壢",5,316,-311
"16667","00715L期街口布蘭特正2","110/08/11","元富",325,2,323
"16668","00715L期街口布蘭特正2","110/08/11","凱基-豐中",0,302,-302
"16669","00715L期街口布蘭特正2","110/08/11","凱基-科園",300,0,300
"16670","00715L期街口布蘭特正2","110/08/11","康和",359,645,-286
"16671","00715L期街口布蘭特正2","110/08/11","元大-蘆洲",311,59,252
"16672","00715L期街口布蘭特正2","110/08/11","元富-成功",5,290,-285
"16673","00715L期街口布蘭特正2","110/08/11","群益金鼎-崇德",251,20,231
"16674","00715L期街口布蘭特正2","110/08/11","台新-松江",0,268,-268
"16675","00715L期街口布蘭特正2","110/08/11","富邦-建國",265,42,223
"16676","00715L期街口布蘭特正2","110/08/11","元大-前金",21,279,-258
"16677","00715L期街口布蘭特正2","110/08/11","富邦-嘉義",300,99,201
"16678","00715L期街口布蘭特正2","110/08/11","國泰-高雄",13,236,-223
"16679","00715L期街口布蘭特正2","110/08/11","元大-竹科",314,115,199
"16680","00715L期街口布蘭特正2","110/08/11","中國信託-嘉義",4,223,-219
"16681","8941關中","110/08/11","凱基-市府",1,0,1
"16682","8941關中","110/08/11","元大-古亭",0,1,-1
"16683","8941關中","110/08/11","康和-板橋",0,0,0
"16684","8941關中","110/08/11","康和-板橋",0,0,0
"16685","8941關中","110/08/11","國泰-忠孝",0,0,0
"16686","8941關中","110/08/11","國泰-忠孝",0,0,0
"16687","8941關中","110/08/11","富邦-北港",0,0,0
"16688","8941關中","110/08/11","富邦-北港",0,0,0
"16689","8941關中","110/08/11","元大證券",0,0,0
"16690","8941關中","110/08/11","元大證券",0,0,0
"16691","8941關中","110/08/11","",NA,NA,NA
"16692","8941關中","110/08/11","",NA,NA,NA
"16693","8941關中","110/08/11","",NA,NA,NA
"16694","8941關中","110/08/11","",NA,NA,NA
"16695","8941關中","110/08/11","",NA,NA,NA
"16696","8941關中","110/08/11","",NA,NA,NA
"16697","8941關中","110/08/11","",NA,NA,NA
"16698","8941關中","110/08/11","",NA,NA,NA
"16699","8941關中","110/08/11","",NA,NA,NA
"16700","8941關中","110/08/11","",NA,NA,NA
"16701","8941關中","110/08/11","",NA,NA,NA
"16702","8941關中","110/08/11","",NA,NA,NA
"16703","8941關中","110/08/11","",NA,NA,NA
"16704","8941關中","110/08/11","",NA,NA,NA
"16705","8941關中","110/08/11","",NA,NA,NA
"16706","8941關中","110/08/11","",NA,NA,NA
"16707","8941關中","110/08/11","",NA,NA,NA
"16708","8941關中","110/08/11","",NA,NA,NA
"16709","8941關中","110/08/11","",NA,NA,NA
"16710","8941關中","110/08/11","",NA,NA,NA
"16711","8936國統","110/08/11","台新-高雄",218,1,217
"16712","8936國統","110/08/11","凱基-內埔",0,70,-70
"16713","8936國統","110/08/11","新光-桃園",105,3,102
"16714","8936國統","110/08/11","元大-太平",0,60,-60
"16715","8936國統","110/08/11","新加坡商瑞銀",124,59,65
"16716","8936國統","110/08/11","永豐金-板盛",0,48,-48
"16717","8936國統","110/08/11","美林",61,0,61
"16718","8936國統","110/08/11","兆豐-高雄",0,29,-29
"16719","8936國統","110/08/11","摩根大通",71,16,55
"16720","8936國統","110/08/11","群益金鼎-屏東",0,27,-27
"16721","8936國統","110/08/11","元富-同大",41,5,36
"16722","8936國統","110/08/11","新光",0,24,-24
"16723","8936國統","110/08/11","凱基-台北",38,6,32
"16724","8936國統","110/08/11","凱基-台南",0,22,-22
"16725","8936國統","110/08/11","華南永昌-高雄",22,0,22
"16726","8936國統","110/08/11","合庫-高雄",0,20,-20
"16727","8936國統","110/08/11","日盛-三峽",21,0,21
"16728","8936國統","110/08/11","永豐金-大園",0,20,-20
"16729","8936國統","110/08/11","兆豐-大同",30,9,21
"16730","8936國統","110/08/11","永豐金-台中",0,20,-20
"16731","8936國統","110/08/11","宏遠-台南",20,0,20
"16732","8936國統","110/08/11","永豐金-竹科",0,20,-20
"16733","8936國統","110/08/11","美商高盛",17,1,16
"16734","8936國統","110/08/11","港商野村",49,67,-18
"16735","8936國統","110/08/11","日盛-斗六",15,0,15
"16736","8936國統","110/08/11","第一金-新興",0,16,-16
"16737","8936國統","110/08/11","元富-大裕",15,0,15
"16738","8936國統","110/08/11","新光-台中",14,29,-15
"16739","8936國統","110/08/11","台新-台中",15,2,13
"16740","8936國統","110/08/11","凱基-永和",0,15,-15
"16741","6226光鼎","110/08/11","美商高盛",595,148,447
"16742","6226光鼎","110/08/11","瑞士信貸",297,751,-454
"16743","6226光鼎","110/08/11","凱基-台北",506,69,437
"16744","6226光鼎","110/08/11","摩根大通",911,1317,-406
"16745","6226光鼎","110/08/11","統一-高雄",503,150,353
"16746","6226光鼎","110/08/11","凱基-站前",29,313,-284
"16747","6226光鼎","110/08/11","美林",507,312,195
"16748","6226光鼎","110/08/11","台中銀-台北",0,280,-280
"16749","6226光鼎","110/08/11","合庫-台中",143,4,139
"16750","6226光鼎","110/08/11","國泰-台中",75,176,-101
"16751","6226光鼎","110/08/11","大昌",139,0,139
"16752","6226光鼎","110/08/11","元富-潮州",10,107,-97
"16753","6226光鼎","110/08/11","台灣摩根士丹利",229,101,128
"16754","6226光鼎","110/08/11","中國信託-永康",63,159,-96
"16755","6226光鼎","110/08/11","元大-北投",123,4,119
"16756","6226光鼎","110/08/11","國泰-高雄",15,96,-81
"16757","6226光鼎","110/08/11","富邦-南屯",170,63,107
"16758","6226光鼎","110/08/11","凱基-三多",23,100,-77
"16759","6226光鼎","110/08/11","群益金鼎-西松",176,93,83
"16760","6226光鼎","110/08/11","玉山-高雄",17,90,-73
"16761","6226光鼎","110/08/11","台新證券",167,99,68
"16762","6226光鼎","110/08/11","元大-新盛",8,81,-73
"16763","6226光鼎","110/08/11","永豐金-內湖",79,22,57
"16764","6226光鼎","110/08/11","元大-府城",7,72,-65
"16765","6226光鼎","110/08/11","日盛證券",51,6,45
"16766","6226光鼎","110/08/11","統一-仁愛",13,75,-62
"16767","6226光鼎","110/08/11","臺銀-高雄",70,26,44
"16768","6226光鼎","110/08/11","高橋",4,61,-57
"16769","6226光鼎","110/08/11","富邦-陽明",84,40,44
"16770","6226光鼎","110/08/11","台新-屏東",16,71,-55
"16771","2363矽統","110/08/11","瑞士信貸",547,0,547
"16772","2363矽統","110/08/11","凱基-台北",2934,4385,-1451
"16773","2363矽統","110/08/11","台灣摩根士丹利",677,160,517
"16774","2363矽統","110/08/11","陽信-石牌",34,626,-592
"16775","2363矽統","110/08/11","玉山-台中",331,139,192
"16776","2363矽統","110/08/11","永豐金證券",103,405,-302
"16777","2363矽統","110/08/11","台新-左楠",191,33,158
"16778","2363矽統","110/08/11","元大-成功",60,289,-229
"16779","2363矽統","110/08/11","華南永昌-頭份",197,45,152
"16780","2363矽統","110/08/11","美林",747,959,-212
"16781","2363矽統","110/08/11","元大-忠孝鼎富",196,51,145
"16782","2363矽統","110/08/11","元大-員林中山",83,286,-203
"16783","2363矽統","110/08/11","元大-汐止",279,150,129
"16784","2363矽統","110/08/11","凱基-市府",42,242,-200
"16785","2363矽統","110/08/11","大慶-蘆洲",135,26,109
"16786","2363矽統","110/08/11","永豐金-埔里",4,181,-177
"16787","2363矽統","110/08/11","合庫-高雄",135,30,105
"16788","2363矽統","110/08/11","群益金鼎-內湖",41,195,-154
"16789","2363矽統","110/08/11","兆豐證券",105,1,104
"16790","2363矽統","110/08/11","元大-旗山",157,307,-150
"16791","2363矽統","110/08/11","永豐金-竹科",112,15,97
"16792","2363矽統","110/08/11","兆豐-台中港",38,178,-140
"16793","2363矽統","110/08/11","國票-彰化",95,0,95
"16794","2363矽統","110/08/11","元大-新竹",55,194,-139
"16795","2363矽統","110/08/11","元大-斗信",152,65,87
"16796","2363矽統","110/08/11","凱基-永和",32,161,-129
"16797","2363矽統","110/08/11","亞東",95,10,85
"16798","2363矽統","110/08/11","第一金-桃園",59,183,-124
"16799","2363矽統","110/08/11","美商高盛",906,822,84
"16800","2363矽統","110/08/11","台新證券",525,640,-115
"16801","8112至上","110/08/11","港商野村",188,11,177
"16802","8112至上","110/08/11","新加坡商瑞銀",35,847,-812
"16803","8112至上","110/08/11","大昌-桃園",173,0,173
"16804","8112至上","110/08/11","宏遠證券",2,536,-534
"16805","8112至上","110/08/11","合庫證券",142,3,139
"16806","8112至上","110/08/11","富邦-仁愛",67,324,-257
"16807","8112至上","110/08/11","美商高盛",145,14,131
"16808","8112至上","110/08/11","凱基-市政",0,202,-202
"16809","8112至上","110/08/11","群益金鼎-內湖",132,10,122
"16810","8112至上","110/08/11","凱基-復興",16,190,-174
"16811","8112至上","110/08/11","國票-長城",130,30,100
"16812","8112至上","110/08/11","瑞士信貸",136,306,-170
"16813","8112至上","110/08/11","玉山-板橋",84,0,84
"16814","8112至上","110/08/11","兆豐-公益",1,120,-119
"16815","8112至上","110/08/11","臺灣企銀-桃園",60,0,60
"16816","8112至上","110/08/11","元大-萬華",12,131,-119
"16817","8112至上","110/08/11","新光",103,44,59
"16818","8112至上","110/08/11","凱基-台北",211,321,-110
"16819","8112至上","110/08/11","華南永昌-中正",52,0,52
"16820","8112至上","110/08/11","美林",21,116,-95
"16821","8112至上","110/08/11","元大-仁愛",50,0,50
"16822","8112至上","110/08/11","永豐金-豐原",7,102,-95
"16823","8112至上","110/08/11","元大-北成功",101,53,48
"16824","8112至上","110/08/11","兆豐-民生",0,70,-70
"16825","8112至上","110/08/11","合庫-嘉義",45,0,45
"16826","8112至上","110/08/11","元富",2,71,-69
"16827","8112至上","110/08/11","大慶-富順",46,1,45
"16828","8112至上","110/08/11","玉山-士林",6,67,-61
"16829","8112至上","110/08/11","臺銀-金山",45,1,44
"16830","8112至上","110/08/11","凱基-埔墘",0,60,-60
"16831","1570力肯","110/08/11","國票-內壢",386,0,386
"16832","1570力肯","110/08/11","群益金鼎-大興",0,100,-100
"16833","1570力肯","110/08/11","華南永昌-桃園",104,3,101
"16834","1570力肯","110/08/11","新光",177,255,-78
"16835","1570力肯","110/08/11","摩根大通",154,84,70
"16836","1570力肯","110/08/11","富邦-台中",0,61,-61
"16837","1570力肯","110/08/11","日盛-頭份",51,0,51
"16838","1570力肯","110/08/11","群益金鼎-忠孝",1,60,-59
"16839","1570力肯","110/08/11","永豐金-中壢",51,1,50
"16840","1570力肯","110/08/11","元大-新店中正",2,61,-59
"16841","1570力肯","110/08/11","永豐金-北高雄",50,0,50
"16842","1570力肯","110/08/11","富邦-陽明",1,51,-50
"16843","1570力肯","110/08/11","凱基-天母",51,2,49
"16844","1570力肯","110/08/11","元大-太平",5,54,-49
"16845","1570力肯","110/08/11","日盛-員林",52,5,47
"16846","1570力肯","110/08/11","統一-松江",0,43,-43
"16847","1570力肯","110/08/11","元富-高雄",40,0,40
"16848","1570力肯","110/08/11","台新證券",6,44,-38
"16849","1570力肯","110/08/11","中國信託-嘉義",34,0,34
"16850","1570力肯","110/08/11","永豐金證券",1,36,-35
"16851","1570力肯","110/08/11","元大-北成功",30,1,29
"16852","1570力肯","110/08/11","瑞士信貸",0,27,-27
"16853","1570力肯","110/08/11","亞東-台中",26,0,26
"16854","1570力肯","110/08/11","元大-中壢",9,35,-26
"16855","1570力肯","110/08/11","第一金-嘉義",26,0,26
"16856","1570力肯","110/08/11","美商高盛",0,25,-25
"16857","1570力肯","110/08/11","凱基-中壢",27,3,24
"16858","1570力肯","110/08/11","國票-北高雄",128,153,-25
"16859","1570力肯","110/08/11","元大-福營",25,1,24
"16860","1570力肯","110/08/11","元富-新店",10,34,-24
"16861","2929淘帝","110/08/11","美林",25,5,20
"16862","2929淘帝","110/08/11","華南永昌",0,25,-25
"16863","2929淘帝","110/08/11","永興",20,0,20
"16864","2929淘帝","110/08/11","台新-台中",0,22,-22
"16865","2929淘帝","110/08/11","新光",17,1,16
"16866","2929淘帝","110/08/11","富邦-永和",1,21,-20
"16867","2929淘帝","110/08/11","臺銀-臺南",12,0,12
"16868","2929淘帝","110/08/11","元富-古亭",0,18,-18
"16869","2929淘帝","110/08/11","第一金-大稻埕",10,0,10
"16870","2929淘帝","110/08/11","永豐金-大園",5,23,-18
"16871","2929淘帝","110/08/11","兆豐-桃園",10,0,10
"16872","2929淘帝","110/08/11","富邦-新店",3,19,-16
"16873","2929淘帝","110/08/11","國票-九鼎",10,0,10
"16874","2929淘帝","110/08/11","新光-台中",16,31,-15
"16875","2929淘帝","110/08/11","華南永昌-長虹",10,0,10
"16876","2929淘帝","110/08/11","國泰-新莊",0,10,-10
"16877","2929淘帝","110/08/11","凱基-長庚",7,0,7
"16878","2929淘帝","110/08/11","元大-東泰",0,10,-10
"16879","2929淘帝","110/08/11","凱基-林口",7,0,7
"16880","2929淘帝","110/08/11","凱基-斗六",0,8,-8
"16881","2929淘帝","110/08/11","日盛-中壢",5,0,5
"16882","2929淘帝","110/08/11","永豐金證券",0,7,-7
"16883","2929淘帝","110/08/11","港商法國興業",5,0,5
"16884","2929淘帝","110/08/11","第一金-員林",0,5,-5
"16885","2929淘帝","110/08/11","元富-中壢",5,0,5
"16886","2929淘帝","110/08/11","元富-新竹",0,5,-5
"16887","2929淘帝","110/08/11","元富-文心",5,0,5
"16888","2929淘帝","110/08/11","凱基-東門",0,5,-5
"16889","2929淘帝","110/08/11","凱基-台中",5,0,5
"16890","2929淘帝","110/08/11","元大-桃園",0,5,-5
"16891","5410國眾","110/08/11","群益金鼎",128,0,128
"16892","5410國眾","110/08/11","國泰-敦南",12,206,-194
"16893","5410國眾","110/08/11","富邦-建國",100,0,100
"16894","5410國眾","110/08/11","凱基-竹北",2,112,-110
"16895","5410國眾","110/08/11","玉山-新莊",35,0,35
"16896","5410國眾","110/08/11","大昌-樹林",0,100,-100
"16897","5410國眾","110/08/11","合庫-桃園",30,0,30
"16898","5410國眾","110/08/11","凱基-市政",0,100,-100
"16899","5410國眾","110/08/11","高橋",30,0,30
"16900","5410國眾","110/08/11","摩根大通",20,68,-48
"16901","5410國眾","110/08/11","元大-崇德",28,0,28
"16902","5410國眾","110/08/11","凱基-台北",7,39,-32
"16903","5410國眾","110/08/11","元大-新盛",28,0,28
"16904","5410國眾","110/08/11","元大-復北",0,30,-30
"16905","5410國眾","110/08/11","凱基-三峽",21,0,21
"16906","5410國眾","110/08/11","大昌",0,26,-26
"16907","5410國眾","110/08/11","臺銀-臺中",17,0,17
"16908","5410國眾","110/08/11","第一金-豐原",0,23,-23
"16909","5410國眾","110/08/11","新光",15,0,15
"16910","5410國眾","110/08/11","元富-三重",0,22,-22
"16911","5410國眾","110/08/11","國泰-台中",20,8,12
"16912","5410國眾","110/08/11","元大-樹林",2,21,-19
"16913","5410國眾","110/08/11","新光-桃園",11,0,11
"16914","5410國眾","110/08/11","元大-成功",0,17,-17
"16915","5410國眾","110/08/11","元大-旗山",11,0,11
"16916","5410國眾","110/08/11","新光-台中",0,16,-16
"16917","5410國眾","110/08/11","大昌-新店",10,0,10
"16918","5410國眾","110/08/11","臺銀-臺南",1,14,-13
"16919","5410國眾","110/08/11","豐農",10,0,10
"16920","5410國眾","110/08/11","瑞士信貸",0,12,-12
"16921","2841台開","110/08/11","宏遠-館前",402,0,402
"16922","2841台開","110/08/11","永豐金-敦南",11,270,-259
"16923","2841台開","110/08/11","日盛-信義",129,0,129
"16924","2841台開","110/08/11","國票-天祥",0,100,-100
"16925","2841台開","110/08/11","元大-南投",80,0,80
"16926","2841台開","110/08/11","日盛證券",27,117,-90
"16927","2841台開","110/08/11","日盛-園區",72,0,72
"16928","2841台開","110/08/11","永興-水湳",0,30,-30
"16929","2841台開","110/08/11","華南永昌-鶯歌",45,0,45
"16930","2841台開","110/08/11","兆豐-寶成",0,30,-30
"16931","2841台開","110/08/11","元大-福營",20,0,20
"16932","2841台開","110/08/11","元富-四維",0,26,-26
"16933","2841台開","110/08/11","元大-左營",20,0,20
"16934","2841台開","110/08/11","統一-士林",0,25,-25
"16935","2841台開","110/08/11","永豐金-員林",15,0,15
"16936","2841台開","110/08/11","日盛-忠孝",0,20,-20
"16937","2841台開","110/08/11","日盛-內湖",11,0,11
"16938","2841台開","110/08/11","大慶-蘆洲",0,20,-20
"16939","2841台開","110/08/11","國泰-館前",10,0,10
"16940","2841台開","110/08/11","國票-中和",0,20,-20
"16941","2841台開","110/08/11","華南永昌-潮州",10,0,10
"16942","2841台開","110/08/11","元大-大灣",0,20,-20
"16943","2841台開","110/08/11","元大-大里德芳",10,0,10
"16944","2841台開","110/08/11","元大-雙和",0,20,-20
"16945","2841台開","110/08/11","元大-小港",10,0,10
"16946","2841台開","110/08/11","新光",28,47,-19
"16947","2841台開","110/08/11","新光-台南",7,0,7
"16948","2841台開","110/08/11","玉山-台中",0,13,-13
"16949","2841台開","110/08/11","國泰-台中",6,0,6
"16950","2841台開","110/08/11","富邦-建國",0,12,-12
"16951","6207雷科","110/08/11","台新-高雄",136,8,128
"16952","6207雷科","110/08/11","群益金鼎-東門",1,90,-89
"16953","6207雷科","110/08/11","凱基-台北",108,21,87
"16954","6207雷科","110/08/11","摩根大通",89,156,-67
"16955","6207雷科","110/08/11","富邦-陽明",70,0,70
"16956","6207雷科","110/08/11","元大-鳳山",22,60,-38
"16957","6207雷科","110/08/11","永豐金證券",30,0,30
"16958","6207雷科","110/08/11","凱基-三重",5,40,-35
"16959","6207雷科","110/08/11","永豐金-高雄",29,5,24
"16960","6207雷科","110/08/11","美林",5,35,-30
"16961","6207雷科","110/08/11","元大-高雄",18,0,18
"16962","6207雷科","110/08/11","港商野村",28,58,-30
"16963","6207雷科","110/08/11","元大-竹山",17,0,17
"16964","6207雷科","110/08/11","元大-路竹",3,30,-27
"16965","6207雷科","110/08/11","國泰-台南",15,2,13
"16966","6207雷科","110/08/11","元大-小港",3,30,-27
"16967","6207雷科","110/08/11","元大-東門",12,0,12
"16968","6207雷科","110/08/11","(牛牛牛)亞-網路",0,23,-23
"16969","6207雷科","110/08/11","台灣企銀-太平",10,0,10
"16970","6207雷科","110/08/11","台新證券",4,26,-22
"16971","6207雷科","110/08/11","富邦-中壢",10,0,10
"16972","6207雷科","110/08/11","新光",2,23,-21
"16973","6207雷科","110/08/11","元大-博愛",10,0,10
"16974","6207雷科","110/08/11","元大-雙和",0,19,-19
"16975","6207雷科","110/08/11","富邦-內湖",9,0,9
"16976","6207雷科","110/08/11","新加坡商瑞銀",25,41,-16
"16977","6207雷科","110/08/11","中國信託-高雄",8,0,8
"16978","6207雷科","110/08/11","玉山證券",3,19,-16
"16979","6207雷科","110/08/11","國票-九鼎",8,0,8
"16980","6207雷科","110/08/11","玉山-雙和",0,16,-16
"16981","3679新至陞","110/08/11","摩根大通",62,3,59
"16982","3679新至陞","110/08/11","港商野村",7,25,-18
"16983","3679新至陞","110/08/11","台灣摩根士丹利",38,0,38
"16984","3679新至陞","110/08/11","凱基-文心",0,9,-9
"16985","3679新至陞","110/08/11","華南永昌-台中",16,0,16
"16986","3679新至陞","110/08/11","北城證券",0,8,-8
"16987","3679新至陞","110/08/11","凱基-台北",37,23,14
"16988","3679新至陞","110/08/11","華南永昌-大安",2,10,-8
"16989","3679新至陞","110/08/11","元大-成功",13,1,12
"16990","3679新至陞","110/08/11","元大-板橋",0,8,-8
"16991","3679新至陞","110/08/11","美林",22,16,6
"16992","3679新至陞","110/08/11","致和-東門",0,7,-7
"16993","3679新至陞","110/08/11","新加坡商瑞銀",12,6,6
"16994","3679新至陞","110/08/11","凱基-長庚",0,7,-7
"16995","3679新至陞","110/08/11","國泰-館前",5,0,5
"16996","3679新至陞","110/08/11","花旗環球",0,6,-6
"16997","3679新至陞","110/08/11","瑞士信貸",9,5,4
"16998","3679新至陞","110/08/11","群益金鼎-古亭",0,6,-6
"16999","3679新至陞","110/08/11","國泰-板橋",5,1,4
"17000","3679新至陞","110/08/11","元大-大同",0,6,-6
"17001","3679新至陞","110/08/11","日進",3,0,3
"17002","3679新至陞","110/08/11","華南永昌-鶯歌",0,5,-5
"17003","3679新至陞","110/08/11","(牛牛牛)亞-網路",4,1,3
"17004","3679新至陞","110/08/11","永豐金-新竹",0,5,-5
"17005","3679新至陞","110/08/11","康和-板橋",3,0,3
"17006","3679新至陞","110/08/11","凱基-新豐",0,4,-4
"17007","3679新至陞","110/08/11","高橋-內壢",2,0,2
"17008","3679新至陞","110/08/11","臺銀-高雄",1,4,-3
"17009","3679新至陞","110/08/11","富邦-台北",7,5,2
"17010","3679新至陞","110/08/11","日盛-文化",0,3,-3
"17011","2727王品","110/08/11","美林",113,23,90
"17012","2727王品","110/08/11","台灣摩根士丹利",8,65,-57
"17013","2727王品","110/08/11","富邦-左營",72,1,71
"17014","2727王品","110/08/11","合庫-新竹",1,23,-22
"17015","2727王品","110/08/11","凱基-台北",80,42,38
"17016","2727王品","110/08/11","永豐金-忠孝",0,20,-20
"17017","2727王品","110/08/11","港商野村",96,70,26
"17018","2727王品","110/08/11","彰銀-台中",1,15,-14
"17019","2727王品","110/08/11","國泰證券",23,1,22
"17020","2727王品","110/08/11","國泰-敦南",10,24,-14
"17021","2727王品","110/08/11","統一",28,8,20
"17022","2727王品","110/08/11","凱基-南崁",0,11,-11
"17023","2727王品","110/08/11","玉山-台南",20,1,19
"17024","2727王品","110/08/11","永豐金-三重",0,10,-10
"17025","2727王品","110/08/11","新光-台中",22,9,13
"17026","2727王品","110/08/11","富邦-中壢",3,12,-9
"17027","2727王品","110/08/11","凱基-興隆",11,0,11
"17028","2727王品","110/08/11","新光",16,24,-8
"17029","2727王品","110/08/11","元大證券",44,33,11
"17030","2727王品","110/08/11","國泰-板橋",12,20,-8
"17031","2727王品","110/08/11","日盛-樹林",12,2,10
"17032","2727王品","110/08/11","元大-彰化",0,8,-8
"17033","2727王品","110/08/11","第一金-新竹",10,0,10
"17034","2727王品","110/08/11","日盛-木柵",0,7,-7
"17035","2727王品","110/08/11","永全",10,0,10
"17036","2727王品","110/08/11","第一金-頭份",0,7,-7
"17037","2727王品","110/08/11","凱基-埔墘",10,0,10
"17038","2727王品","110/08/11","中國信託-高雄",2,9,-7
"17039","2727王品","110/08/11","摩根大通",42,33,9
"17040","2727王品","110/08/11","兆豐-公益",0,7,-7
"17041","1570力肯","110/08/11","國票-內壢",386,0,386
"17042","1570力肯","110/08/11","群益金鼎-大興",0,100,-100
"17043","1570力肯","110/08/11","華南永昌-桃園",104,3,101
"17044","1570力肯","110/08/11","新光",177,255,-78
"17045","1570力肯","110/08/11","摩根大通",154,84,70
"17046","1570力肯","110/08/11","富邦-台中",0,61,-61
"17047","1570力肯","110/08/11","日盛-頭份",51,0,51
"17048","1570力肯","110/08/11","群益金鼎-忠孝",1,60,-59
"17049","1570力肯","110/08/11","永豐金-中壢",51,1,50
"17050","1570力肯","110/08/11","元大-新店中正",2,61,-59
"17051","1570力肯","110/08/11","永豐金-北高雄",50,0,50
"17052","1570力肯","110/08/11","富邦-陽明",1,51,-50
"17053","1570力肯","110/08/11","凱基-天母",51,2,49
"17054","1570力肯","110/08/11","元大-太平",5,54,-49
"17055","1570力肯","110/08/11","日盛-員林",52,5,47
"17056","1570力肯","110/08/11","統一-松江",0,43,-43
"17057","1570力肯","110/08/11","元富-高雄",40,0,40
"17058","1570力肯","110/08/11","台新證券",6,44,-38
"17059","1570力肯","110/08/11","中國信託-嘉義",34,0,34
"17060","1570力肯","110/08/11","永豐金證券",1,36,-35
"17061","1570力肯","110/08/11","元大-北成功",30,1,29
"17062","1570力肯","110/08/11","瑞士信貸",0,27,-27
"17063","1570力肯","110/08/11","亞東-台中",26,0,26
"17064","1570力肯","110/08/11","元大-中壢",9,35,-26
"17065","1570力肯","110/08/11","第一金-嘉義",26,0,26
"17066","1570力肯","110/08/11","美商高盛",0,25,-25
"17067","1570力肯","110/08/11","凱基-中壢",27,3,24
"17068","1570力肯","110/08/11","國票-北高雄",128,153,-25
"17069","1570力肯","110/08/11","元大-福營",25,1,24
"17070","1570力肯","110/08/11","元富-新店",10,34,-24
"17071","6180橘子","110/08/11","台灣摩根士丹利",42,7,35
"17072","6180橘子","110/08/11","港商野村",5,128,-123
"17073","6180橘子","110/08/11","美商高盛",25,0,25
"17074","6180橘子","110/08/11","合庫-高雄",0,31,-31
"17075","6180橘子","110/08/11","元大-草屯",17,0,17
"17076","6180橘子","110/08/11","摩根大通",13,36,-23
"17077","6180橘子","110/08/11","日盛-文化",16,0,16
"17078","6180橘子","110/08/11","凱基-台北",37,60,-23
"17079","6180橘子","110/08/11","康和-嘉義",11,0,11
"17080","6180橘子","110/08/11","北城證券",0,19,-19
"17081","6180橘子","110/08/11","元大-左營",11,0,11
"17082","6180橘子","110/08/11","元富-潮州",24,41,-17
"17083","6180橘子","110/08/11","土銀-花蓮",10,0,10
"17084","6180橘子","110/08/11","群益金鼎-新店",0,15,-15
"17085","6180橘子","110/08/11","日盛證券",10,0,10
"17086","6180橘子","110/08/11","兆豐-竹北",0,14,-14
"17087","6180橘子","110/08/11","日盛-高雄",10,0,10
"17088","6180橘子","110/08/11","元富-成功",0,13,-13
"17089","6180橘子","110/08/11","國泰-新莊",10,0,10
"17090","6180橘子","110/08/11","新加坡商瑞銀",0,10,-10
"17091","6180橘子","110/08/11","群益金鼎-東門",10,0,10
"17092","6180橘子","110/08/11","康和-高雄",0,10,-10
"17093","6180橘子","110/08/11","凱基-中壢",10,0,10
"17094","6180橘子","110/08/11","國泰-館前",0,10,-10
"17095","6180橘子","110/08/11","元大-中壢",10,0,10
"17096","6180橘子","110/08/11","群益金鼎-嘉義",1,11,-10
"17097","6180橘子","110/08/11","元大-復北",10,0,10
"17098","6180橘子","110/08/11","華南永昌-虎尾",0,10,-10
"17099","6180橘子","110/08/11","美林",12,3,9
"17100","6180橘子","110/08/11","元富-民權",0,8,-8
"17101","2390云辰","110/08/11","臺銀-臺中",224,5,219
"17102","2390云辰","110/08/11","摩根大通",194,707,-513
"17103","2390云辰","110/08/11","兆豐-寶成",187,2,185
"17104","2390云辰","110/08/11","美商高盛",18,229,-211
"17105","2390云辰","110/08/11","元大-土城學府",143,69,74
"17106","2390云辰","110/08/11","兆豐-岡山",5,103,-98
"17107","2390云辰","110/08/11","凱基-民權",70,0,70
"17108","2390云辰","110/08/11","台新證券",13,108,-95
"17109","2390云辰","110/08/11","元大-草屯",67,2,65
"17110","2390云辰","110/08/11","美林",23,98,-75
"17111","2390云辰","110/08/11","兆豐-公益",60,0,60
"17112","2390云辰","110/08/11","永豐金-竹科",0,71,-71
"17113","2390云辰","110/08/11","國票-安和",56,0,56
"17114","2390云辰","110/08/11","元富-花蓮",0,70,-70
"17115","2390云辰","110/08/11","元富-中港",50,0,50
"17116","2390云辰","110/08/11","統一-城中",5,66,-61
"17117","2390云辰","110/08/11","元富-高雄",48,1,47
"17118","2390云辰","110/08/11","國泰-台中",50,109,-59
"17119","2390云辰","110/08/11","統一-新營",45,5,40
"17120","2390云辰","110/08/11","元大-豐原站前",10,69,-59
"17121","2390云辰","110/08/11","元大-板橋三民",39,1,38
"17122","2390云辰","110/08/11","新加坡商瑞銀",18,75,-57
"17123","2390云辰","110/08/11","元富-新店",52,17,35
"17124","2390云辰","110/08/11","台新-左楠",15,67,-52
"17125","2390云辰","110/08/11","永全-南崁",35,4,31
"17126","2390云辰","110/08/11","凱基-中壢",7,59,-52
"17127","2390云辰","110/08/11","群益金鼎-萬華",33,3,30
"17128","2390云辰","110/08/11","國票-北高雄",23,69,-46
"17129","2390云辰","110/08/11","日盛-宜蘭",25,0,25
"17130","2390云辰","110/08/11","新光-高雄",11,53,-42
"17131","2542興富發","110/08/06","瑞士信貸",747,10,737
"17132","2542興富發","110/08/06","凱基-士林",5,972,-967
"17133","2542興富發","110/08/06","摩根大通",837,107,730
"17134","2542興富發","110/08/06","統一-台中",1,376,-375
"17135","2542興富發","110/08/06","群益金鼎-敦南",681,1,680
"17136","2542興富發","110/08/06","永豐金-豐原",16,133,-117
"17137","2542興富發","110/08/06","凱基-台北",790,360,430
"17138","2542興富發","110/08/06","元富-敦南",0,111,-111
"17139","2542興富發","110/08/06","台灣摩根士丹利",259,20,239
"17140","2542興富發","110/08/06","兆豐-南京",0,108,-108
"17141","2542興富發","110/08/06","美商高盛",235,0,235
"17142","2542興富發","110/08/06","元大-金華",0,100,-100
"17143","2542興富發","110/08/06","新加坡商瑞銀",178,0,178
"17144","2542興富發","110/08/06","陽信",0,80,-80
"17145","2542興富發","110/08/06","凱基-中山",167,2,165
"17146","2542興富發","110/08/06","統一-金門",0,78,-78
"17147","2542興富發","110/08/06","凱基",121,14,107
"17148","2542興富發","110/08/06","新光-台中",7,68,-61
"17149","2542興富發","110/08/06","大慶-楊梅",101,4,97
"17150","2542興富發","110/08/06","富邦-新店",2,58,-56
"17151","2542興富發","110/08/06","美林",193,109,84
"17152","2542興富發","110/08/06","元大-新竹",0,52,-52
"17153","2542興富發","110/08/06","統一",64,5,59
"17154","2542興富發","110/08/06","凱基-永和",0,51,-51
"17155","2542興富發","110/08/06","富邦-南屯",60,1,59
"17156","2542興富發","110/08/06","統一-中壢",0,50,-50
"17157","2542興富發","110/08/06","群益金鼎",43,0,43
"17158","2542興富發","110/08/06","元富",0,50,-50
"17159","2542興富發","110/08/06","元大證券",128,85,43
"17160","2542興富發","110/08/06","法銀巴黎",0,48,-48
"17161","2867三商壽","110/08/06","摩根大通",410,157,253
"17162","2867三商壽","110/08/06","日盛-新莊",0,719,-719
"17163","2867三商壽","110/08/06","元大-北港",201,0,201
"17164","2867三商壽","110/08/06","群益金鼎-桃園",0,400,-400
"17165","2867三商壽","110/08/06","元大-斗信",200,0,200
"17166","2867三商壽","110/08/06","中國信託-文心",1,301,-300
"17167","2867三商壽","110/08/06","元大-沙鹿",199,0,199
"17168","2867三商壽","110/08/06","美林",10,169,-159
"17169","2867三商壽","110/08/06","永豐金-嘉義",130,0,130
"17170","2867三商壽","110/08/06","法銀巴黎",0,122,-122
"17171","2867三商壽","110/08/06","第一金-自由",100,0,100
"17172","2867三商壽","110/08/06","國票-中和",0,100,-100
"17173","2867三商壽","110/08/06","元大-大里德芳",100,0,100
"17174","2867三商壽","110/08/06","台灣摩根士丹利",65,164,-99
"17175","2867三商壽","110/08/06","元大-土城永寧",100,0,100
"17176","2867三商壽","110/08/06","凱基-高美館",2,64,-62
"17177","2867三商壽","110/08/06","瑞士信貸",94,0,94
"17178","2867三商壽","110/08/06","元大證券",1,62,-61
"17179","2867三商壽","110/08/06","元大-汐止",60,0,60
"17180","2867三商壽","110/08/06","華南永昌-南京",0,50,-50
"17181","2867三商壽","110/08/06","元富-大裕",52,0,52
"17182","2867三商壽","110/08/06","凱基-頭份",0,45,-45
"17183","2867三商壽","110/08/06","新光",53,1,52
"17184","2867三商壽","110/08/06","凱基",0,44,-44
"17185","2867三商壽","110/08/06","凱基-市府",51,0,51
"17186","2867三商壽","110/08/06","康和-屏東",0,43,-43
"17187","2867三商壽","110/08/06","安泰",49,0,49
"17188","2867三商壽","110/08/06","凱基-八德",0,40,-40
"17189","2867三商壽","110/08/06","富邦-桃園",50,2,48
"17190","2867三商壽","110/08/06","凱基-虎尾",0,40,-40
"17191","5521工信","110/08/06","日進",412,0,412
"17192","5521工信","110/08/06","中國信託-嘉義",0,100,-100
"17193","5521工信","110/08/06","瑞士信貸",48,0,48
"17194","5521工信","110/08/06","美林",0,69,-69
"17195","5521工信","110/08/06","日盛-雙和",34,0,34
"17196","5521工信","110/08/06","統一-新竹",0,60,-60
"17197","5521工信","110/08/06","聯邦-雙和",25,0,25
"17198","5521工信","110/08/06","第一金-桃園",0,55,-55
"17199","5521工信","110/08/06","台新證券",32,12,20
"17200","5521工信","110/08/06","凱基-台北",0,54,-54
"17201","5521工信","110/08/06","土銀-台中",17,0,17
"17202","5521工信","110/08/06","華南永昌-桃園",0,49,-49
"17203","5521工信","110/08/06","(牛牛牛)亞-鑫豐",15,0,15
"17204","5521工信","110/08/06","第一金-安和",0,40,-40
"17205","5521工信","110/08/06","元大-沙鹿",19,4,15
"17206","5521工信","110/08/06","合庫-台南",0,36,-36
"17207","5521工信","110/08/06","元富-安南",14,0,14
"17208","5521工信","110/08/06","台灣摩根士丹利",7,34,-27
"17209","5521工信","110/08/06","新加坡商瑞銀",10,0,10
"17210","5521工信","110/08/06","摩根大通",22,48,-26
"17211","5521工信","110/08/06","德信-中正",10,0,10
"17212","5521工信","110/08/06","台新-台中",0,20,-20
"17213","5521工信","110/08/06","國泰-敦南",22,12,10
"17214","5521工信","110/08/06","元大-豐原",0,20,-20
"17215","5521工信","110/08/06","群益金鼎-屏東",10,0,10
"17216","5521工信","110/08/06","元大-北成功",0,20,-20
"17217","5521工信","110/08/06","群益金鼎-東門",10,0,10
"17218","5521工信","110/08/06","永豐金-埔里",0,20,-20
"17219","5521工信","110/08/06","元大-西螺",10,0,10
"17220","5521工信","110/08/06","港商野村",0,16,-16
"17221","1471首利","110/08/06","國票-彰化",30,0,30
"17222","1471首利","110/08/06","兆豐-麻豆",0,50,-50
"17223","1471首利","110/08/06","凱基-宜蘭",27,0,27
"17224","1471首利","110/08/06","台新證券",3,30,-27
"17225","1471首利","110/08/06","玉山-桃園",22,0,22
"17226","1471首利","110/08/06","美林",15,41,-26
"17227","1471首利","110/08/06","新光-台中",17,0,17
"17228","1471首利","110/08/06","永豐金-台南",0,25,-25
"17229","1471首利","110/08/06","兆豐-埔墘",14,0,14
"17230","1471首利","110/08/06","元富-草屯",0,19,-19
"17231","1471首利","110/08/06","新光-高雄",11,0,11
"17232","1471首利","110/08/06","新光-桃園",0,17,-17
"17233","1471首利","110/08/06","合庫-鳳山",10,0,10
"17234","1471首利","110/08/06","摩根大通",13,28,-15
"17235","1471首利","110/08/06","統一-竹南",10,0,10
"17236","1471首利","110/08/06","華南永昌-淡水",1,15,-14
"17237","1471首利","110/08/06","(牛牛牛)亞-鑫豐",10,0,10
"17238","1471首利","110/08/06","台中銀",1,14,-13
"17239","1471首利","110/08/06","兆豐-岡山",10,0,10
"17240","1471首利","110/08/06","玉山-板橋",0,12,-12
"17241","1471首利","110/08/06","凱基-彰化",10,0,10
"17242","1471首利","110/08/06","富邦-基隆",10,22,-12
"17243","1471首利","110/08/06","富邦-永和",10,0,10
"17244","1471首利","110/08/06","台灣企銀",0,10,-10
"17245","1471首利","110/08/06","元大-竹山",10,0,10
"17246","1471首利","110/08/06","元富-民權",0,10,-10
"17247","1471首利","110/08/06","元大-民雄",10,0,10
"17248","1471首利","110/08/06","元大-左營",0,10,-10
"17249","1471首利","110/08/06","元大-南崁",10,1,9
"17250","1471首利","110/08/06","大昌-新店",2,11,-9
"17251","2883開發金","110/08/06","國泰證券",7766,49,7717
"17252","2883開發金","110/08/06","永豐金-板橋",2,2245,-2243
"17253","2883開發金","110/08/06","元富-城東",7094,124,6970
"17254","2883開發金","110/08/06","玉山-台南",63,2130,-2067
"17255","2883開發金","110/08/06","摩根大通",4922,1097,3825
"17256","2883開發金","110/08/06","國泰-板橋",236,1871,-1635
"17257","2883開發金","110/08/06","瑞士信貸",3230,108,3122
"17258","2883開發金","110/08/06","港商野村",1243,2562,-1319
"17259","2883開發金","110/08/06","凱基-台北",4810,2311,2499
"17260","2883開發金","110/08/06","美林",1480,2782,-1302
"17261","2883開發金","110/08/06","合庫證券",3551,2064,1487
"17262","2883開發金","110/08/06","群益金鼎-中山",7,1151,-1144
"17263","2883開發金","110/08/06","新加坡商瑞銀",3900,2689,1211
"17264","2883開發金","110/08/06","日盛-員林",17,1100,-1083
"17265","2883開發金","110/08/06","玉山證券",1332,183,1149
"17266","2883開發金","110/08/06","台灣摩根士丹利",509,1544,-1035
"17267","2883開發金","110/08/06","國票-長城",1003,0,1003
"17268","2883開發金","110/08/06","台灣企銀-民雄",0,1004,-1004
"17269","2883開發金","110/08/06","康和",720,0,720
"17270","2883開發金","110/08/06","港商法國興業",7,981,-974
"17271","2883開發金","110/08/06","福邦證券",590,15,575
"17272","2883開發金","110/08/06","新光",240,1199,-959
"17273","2883開發金","110/08/06","台灣企銀-九如",492,10,482
"17274","2883開發金","110/08/06","元大-新莊",58,1017,-959
"17275","2883開發金","110/08/06","宏遠-民生",502,54,448
"17276","2883開發金","110/08/06","富邦-彰化",5,766,-761
"17277","2883開發金","110/08/06","元大證券",803,358,445
"17278","2883開發金","110/08/06","中國信託",270,931,-661
"17279","2883開發金","110/08/06","玉山-高雄",476,80,396
"17280","2883開發金","110/08/06","永豐金-彰化",33,655,-622
"17281","6205詮欣","110/08/06","臺銀-民權",20,0,20
"17282","6205詮欣","110/08/06","元大-板橋",0,50,-50
"17283","6205詮欣","110/08/06","合庫-三重",15,0,15
"17284","6205詮欣","110/08/06","摩根大通",0,29,-29
"17285","6205詮欣","110/08/06","日盛-三重",15,4,11
"17286","6205詮欣","110/08/06","臺銀-新竹",0,3,-3
"17287","6205詮欣","110/08/06","凱基-長庚",10,0,10
"17288","6205詮欣","110/08/06","日盛-頭份",0,3,-3
"17289","6205詮欣","110/08/06","臺銀-臺中",5,0,5
"17290","6205詮欣","110/08/06","群益金鼎-潭子",0,3,-3
"17291","6205詮欣","110/08/06","兆豐-台中",4,0,4
"17292","6205詮欣","110/08/06","永豐金-敦南",0,3,-3
"17293","6205詮欣","110/08/06","凱基-台北",4,0,4
"17294","6205詮欣","110/08/06","美林",0,2,-2
"17295","6205詮欣","110/08/06","元大-龍潭",4,0,4
"17296","6205詮欣","110/08/06","新加坡商瑞銀",6,8,-2
"17297","6205詮欣","110/08/06","瑞士信貸",3,0,3
"17298","6205詮欣","110/08/06","華南永昌-淡水",0,2,-2
"17299","6205詮欣","110/08/06","國泰-板橋",3,0,3
"17300","6205詮欣","110/08/06","元大-發財",0,2,-2
"17301","6205詮欣","110/08/06","台中銀",2,0,2
"17302","6205詮欣","110/08/06","元大-屏東民生",0,2,-2
"17303","6205詮欣","110/08/06","德信-新營",2,0,2
"17304","6205詮欣","110/08/06","統一-南京",0,1,-1
"17305","6205詮欣","110/08/06","兆豐-竹北",2,0,2
"17306","6205詮欣","110/08/06","新光-台中",0,1,-1
"17307","6205詮欣","110/08/06","兆豐-景美",2,0,2
"17308","6205詮欣","110/08/06","玉山證券",0,1,-1
"17309","6205詮欣","110/08/06","台新-台中",2,0,2
"17310","6205詮欣","110/08/06","富邦-左營",0,1,-1
"17311","1540喬福","110/08/06","元富-中原",27,0,27
"17312","1540喬福","110/08/06","統一-新台中",0,25,-25
"17313","1540喬福","110/08/06","合庫-台中",24,0,24
"17314","1540喬福","110/08/06","大慶-中壢",0,24,-24
"17315","1540喬福","110/08/06","台新-台中",10,0,10
"17316","1540喬福","110/08/06","福勝",0,7,-7
"17317","1540喬福","110/08/06","富邦-竹北",7,0,7
"17318","1540喬福","110/08/06","群益金鼎-高雄",0,5,-5
"17319","1540喬福","110/08/06","華南永昌-中正",5,0,5
"17320","1540喬福","110/08/06","富邦-高雄",0,5,-5
"17321","1540喬福","110/08/06","玉山證券",4,0,4
"17322","1540喬福","110/08/06","美林",0,3,-3
"17323","1540喬福","110/08/06","兆豐-台中港",2,0,2
"17324","1540喬福","110/08/06","元大-景美",0,3,-3
"17325","1540喬福","110/08/06","國票-中正",2,0,2
"17326","1540喬福","110/08/06","元大-和平",0,3,-3
"17327","1540喬福","110/08/06","凱基-虎尾",2,0,2
"17328","1540喬福","110/08/06","日盛-台中",0,2,-2
"17329","1540喬福","110/08/06","凱基-台北",2,0,2
"17330","1540喬福","110/08/06","日盛-中和",0,2,-2
"17331","1540喬福","110/08/06","元大-府城",2,0,2
"17332","1540喬福","110/08/06","台新-台南",0,2,-2
"17333","1540喬福","110/08/06","土銀-玉里",1,0,1
"17334","1540喬福","110/08/06","玉山-高雄",0,2,-2
"17335","1540喬福","110/08/06","第一金-中壢",1,0,1
"17336","1540喬福","110/08/06","凱基-中壢",0,2,-2
"17337","1540喬福","110/08/06","國票-彰化",1,0,1
"17338","1540喬福","110/08/06","致和-南京",0,1,-1
"17339","1540喬福","110/08/06","國泰-敦南",1,0,1
"17340","1540喬福","110/08/06","摩根大通",0,1,-1
"17341","2888新光金","110/08/06","玉山-城中",3762,22,3740
"17342","2888新光金","110/08/06","美林",583,3191,-2608
"17343","2888新光金","110/08/06","瑞士信貸",1783,778,1005
"17344","2888新光金","110/08/06","元富-城東",39,1594,-1555
"17345","2888新光金","110/08/06","元大-土城永寧",1004,16,988
"17346","2888新光金","110/08/06","日盛-板橋",19,1000,-981
"17347","2888新光金","110/08/06","新加坡商瑞銀",1129,357,772
"17348","2888新光金","110/08/06","摩根大通",2207,3153,-946
"17349","2888新光金","110/08/06","中國信託",566,4,562
"17350","2888新光金","110/08/06","新光",505,1390,-885
"17351","2888新光金","110/08/06","富邦-員林",484,3,481
"17352","2888新光金","110/08/06","台灣摩根士丹利",181,1022,-841
"17353","2888新光金","110/08/06","臺銀-金山",432,3,429
"17354","2888新光金","110/08/06","元大-四維",35,750,-715
"17355","2888新光金","110/08/06","臺銀",418,2,416
"17356","2888新光金","110/08/06","美商高盛",114,811,-697
"17357","2888新光金","110/08/06","凱基-東勢",404,6,398
"17358","2888新光金","110/08/06","法銀巴黎",274,867,-593
"17359","2888新光金","110/08/06","玉山證券",416,73,343
"17360","2888新光金","110/08/06","元大-員林",18,503,-485
"17361","2888新光金","110/08/06","華南永昌-民權",305,0,305
"17362","2888新光金","110/08/06","富邦-建國",57,471,-414
"17363","2888新光金","110/08/06","永興",300,10,290
"17364","2888新光金","110/08/06","富邦-台中",15,418,-403
"17365","2888新光金","110/08/06","富邦-台北",319,48,271
"17366","2888新光金","110/08/06","華南永昌-嘉義",2,324,-322
"17367","2888新光金","110/08/06","兆豐-員林",274,28,246
"17368","2888新光金","110/08/06","凱基-台北",839,1120,-281
"17369","2888新光金","110/08/06","合庫-台中",240,10,230
"17370","2888新光金","110/08/06","國泰-館前",20,289,-269
"17371","1340勝悅","110/08/06","國泰-台中",30,0,30
"17372","1340勝悅","110/08/06","凱基-三峽",0,20,-20
"17373","1340勝悅","110/08/06","元富-彰化",10,0,10
"17374","1340勝悅","110/08/06","富邦-台東",1,14,-13
"17375","1340勝悅","110/08/06","華南永昌-忠孝",8,0,8
"17376","1340勝悅","110/08/06","華南永昌-三重",0,12,-12
"17377","1340勝悅","110/08/06","華南永昌-大安",7,0,7
"17378","1340勝悅","110/08/06","華南永昌-台中",0,10,-10
"17379","1340勝悅","110/08/06","永豐金-信義",6,0,6
"17380","1340勝悅","110/08/06","美林",0,8,-8
"17381","1340勝悅","110/08/06","臺灣企銀-埔墘",5,0,5
"17382","1340勝悅","110/08/06","第一金-豐原",0,8,-8
"17383","1340勝悅","110/08/06","元大-沙鹿",5,0,5
"17384","1340勝悅","110/08/06","凱基-城中",0,8,-8
"17385","1340勝悅","110/08/06","新光-高雄",4,0,4
"17386","1340勝悅","110/08/06","華南永昌-嘉義",0,6,-6
"17387","1340勝悅","110/08/06","群益金鼎-彰化",4,0,4
"17388","1340勝悅","110/08/06","元富",0,5,-5
"17389","1340勝悅","110/08/06","元大-仁愛",4,0,4
"17390","1340勝悅","110/08/06","光和-田中",0,5,-5
"17391","1340勝悅","110/08/06","美商高盛",3,0,3
"17392","1340勝悅","110/08/06","摩根大通",0,5,-5
"17393","1340勝悅","110/08/06","群益金鼎-館前",3,0,3
"17394","1340勝悅","110/08/06","元大-草屯",0,4,-4
"17395","1340勝悅","110/08/06","臺銀-臺中",2,0,2
"17396","1340勝悅","110/08/06","凱基-台北",1,4,-3
"17397","1340勝悅","110/08/06","永全-南崁",2,0,2
"17398","1340勝悅","110/08/06","元大-苑裡",0,3,-3
"17399","1340勝悅","110/08/06","群益金鼎-崇德",2,0,2
"17400","1340勝悅","110/08/06","日盛-員林",0,2,-2
"17401","6246臺龍","110/08/06","元大-西螺",120,1,119
"17402","6246臺龍","110/08/06","統一",0,247,-247
"17403","6246臺龍","110/08/06","富邦-敦南",111,0,111
"17404","6246臺龍","110/08/06","元大-林森",3,203,-200
"17405","6246臺龍","110/08/06","統一-台中",74,10,64
"17406","6246臺龍","110/08/06","凱基-大直",4,103,-99
"17407","6246臺龍","110/08/06","日盛證券",53,0,53
"17408","6246臺龍","110/08/06","大慶-富順",45,110,-65
"17409","6246臺龍","110/08/06","兆豐-高雄",81,38,43
"17410","6246臺龍","110/08/06","統一-南京",20,70,-50
"17411","6246臺龍","110/08/06","群益金鼎-東大",43,2,41
"17412","6246臺龍","110/08/06","港商野村",166,213,-47
"17413","6246臺龍","110/08/06","統一-永和",40,0,40
"17414","6246臺龍","110/08/06","台灣企銀",0,45,-45
"17415","6246臺龍","110/08/06","凱基-市府",48,8,40
"17416","6246臺龍","110/08/06","華南永昌-忠孝",1,45,-44
"17417","6246臺龍","110/08/06","凱基-員林",40,0,40
"17418","6246臺龍","110/08/06","永豐金-桃盛",0,35,-35
"17419","6246臺龍","110/08/06","新光-高雄",57,21,36
"17420","6246臺龍","110/08/06","康和-澎湖",0,30,-30
"17421","6246臺龍","110/08/06","國泰-敦南",104,69,35
"17422","6246臺龍","110/08/06","康和-石牌",0,30,-30
"17423","6246臺龍","110/08/06","元大-金門",39,5,34
"17424","6246臺龍","110/08/06","中國信託-永康",6,35,-29
"17425","6246臺龍","110/08/06","元大-西屯",29,2,27
"17426","6246臺龍","110/08/06","康和-內湖",2,30,-28
"17427","6246臺龍","110/08/06","永興-水湳",26,1,25
"17428","6246臺龍","110/08/06","大昌",16,43,-27
"17429","6246臺龍","110/08/06","元大-豐原站前",25,0,25
"17430","6246臺龍","110/08/06","台新證券",29,55,-26
"17431","00715L期街口布蘭特正2","110/08/06","華南永昌-長虹",810,50,760
"17432","00715L期街口布蘭特正2","110/08/06","永豐金證券",105,2122,-2017
"17433","00715L期街口布蘭特正2","110/08/06","富邦證券",557,0,557
"17434","00715L期街口布蘭特正2","110/08/06","(牛牛牛)亞-鑫豐",23,892,-869
"17435","00715L期街口布蘭特正2","110/08/06","新光",643,129,514
"17436","00715L期街口布蘭特正2","110/08/06","凱基-台北",1,789,-788
"17437","00715L期街口布蘭特正2","110/08/06","台新-新營",434,0,434
"17438","00715L期街口布蘭特正2","110/08/06","元大-永康",0,781,-781
"17439","00715L期街口布蘭特正2","110/08/06","群益金鼎-屏東",401,0,401
"17440","00715L期街口布蘭特正2","110/08/06","富邦-彰化",0,513,-513
"17441","00715L期街口布蘭特正2","110/08/06","永豐金-板盛",402,21,381
"17442","00715L期街口布蘭特正2","110/08/06","玉山-大里",0,488,-488
"17443","00715L期街口布蘭特正2","110/08/06","兆豐-員林",302,6,296
"17444","00715L期街口布蘭特正2","110/08/06","元大-中和",0,400,-400
"17445","00715L期街口布蘭特正2","110/08/06","兆豐-新莊",260,0,260
"17446","00715L期街口布蘭特正2","110/08/06","元富-安南",2,310,-308
"17447","00715L期街口布蘭特正2","110/08/06","宏遠-光隆",252,0,252
"17448","00715L期街口布蘭特正2","110/08/06","元大-羅東",5,304,-299
"17449","00715L期街口布蘭特正2","110/08/06","台中銀",207,0,207
"17450","00715L期街口布蘭特正2","110/08/06","第一金-路竹",13,273,-260
"17451","00715L期街口布蘭特正2","110/08/06","國票-北高雄",204,0,204
"17452","00715L期街口布蘭特正2","110/08/06","元大-新盛",5,247,-242
"17453","00715L期街口布蘭特正2","110/08/06","永豐金-新店",200,4,196
"17454","00715L期街口布蘭特正2","110/08/06","元大-忠孝",0,202,-202
"17455","00715L期街口布蘭特正2","110/08/06","元大-新莊",211,17,194
"17456","00715L期街口布蘭特正2","110/08/06","兆豐-嘉義",8,200,-192
"17457","00715L期街口布蘭特正2","110/08/06","聯邦-興中",185,0,185
"17458","00715L期街口布蘭特正2","110/08/06","元大-西屯",5,190,-185
"17459","00715L期街口布蘭特正2","110/08/06","元富-成功",244,62,182
"17460","00715L期街口布蘭特正2","110/08/06","元大-前金",1,181,-180
"17461","8941關中","110/08/06","第一金-台南",6,0,6
"17462","8941關中","110/08/06","富邦-員林",0,20,-20
"17463","8941關中","110/08/06","凱基-市府",6,0,6
"17464","8941關中","110/08/06","元大-金華",0,1,-1
"17465","8941關中","110/08/06","合庫-台中",5,0,5
"17466","8941關中","110/08/06","元大-淡水",0,1,-1
"17467","8941關中","110/08/06","永豐金-三重",2,0,2
"17468","8941關中","110/08/06","合庫證券",0,0,0
"17469","8941關中","110/08/06","(牛牛牛)亞-鑫豐",1,0,1
"17470","8941關中","110/08/06","元大證券",0,0,0
"17471","8941關中","110/08/06","群益金鼎-基隆",1,0,1
"17472","8941關中","110/08/06","元大-桃興",2,2,0
"17473","8941關中","110/08/06","元大-古亭",1,0,1
"17474","8941關中","110/08/06","元大-板橋",0,0,0
"17475","8941關中","110/08/06","合庫證券",0,0,0
"17476","8941關中","110/08/06","永豐金-萬盛",0,0,0
"17477","8941關中","110/08/06","元大證券",0,0,0
"17478","8941關中","110/08/06","",NA,NA,NA
"17479","8941關中","110/08/06","元大-桃興",2,2,0
"17480","8941關中","110/08/06","",NA,NA,NA
"17481","8941關中","110/08/06","元大-板橋",0,0,0
"17482","8941關中","110/08/06","",NA,NA,NA
"17483","8941關中","110/08/06","永豐金-萬盛",0,0,0
"17484","8941關中","110/08/06","",NA,NA,NA
"17485","8941關中","110/08/06","",NA,NA,NA
"17486","8941關中","110/08/06","",NA,NA,NA
"17487","8941關中","110/08/06","",NA,NA,NA
"17488","8941關中","110/08/06","",NA,NA,NA
"17489","8941關中","110/08/06","",NA,NA,NA
"17490","8941關中","110/08/06","",NA,NA,NA
"17491","8936國統","110/08/06","摩根大通",55,0,55
"17492","8936國統","110/08/06","大慶-蘆洲",1,63,-62
"17493","8936國統","110/08/06","凱基-台北",66,19,47
"17494","8936國統","110/08/06","宏遠-館前",0,50,-50
"17495","8936國統","110/08/06","國票-敦北法人",25,1,24
"17496","8936國統","110/08/06","凱基-長庚",0,46,-46
"17497","8936國統","110/08/06","元大-大里德芳",22,0,22
"17498","8936國統","110/08/06","台灣摩根士丹利",0,42,-42
"17499","8936國統","110/08/06","兆豐-新營",20,0,20
"17500","8936國統","110/08/06","永豐金-苓雅",15,48,-33
"17501","8936國統","110/08/06","新光-新竹",17,0,17
"17502","8936國統","110/08/06","元大-竹東",0,30,-30
"17503","8936國統","110/08/06","新光-台中",17,4,13
"17504","8936國統","110/08/06","新加坡商瑞銀",23,49,-26
"17505","8936國統","110/08/06","元富-新店",10,0,10
"17506","8936國統","110/08/06","國票-北高雄",0,25,-25
"17507","8936國統","110/08/06","中國信託-永康",10,0,10
"17508","8936國統","110/08/06","國泰-台南",0,20,-20
"17509","8936國統","110/08/06","台新-高雄",11,1,10
"17510","8936國統","110/08/06","國泰-敦南",7,24,-17
"17511","8936國統","110/08/06","國泰-板橋",10,0,10
"17512","8936國統","110/08/06","臺灣企銀-桃園",0,13,-13
"17513","8936國統","110/08/06","群益金鼎-東湖",10,0,10
"17514","8936國統","110/08/06","美商高盛",1,13,-12
"17515","8936國統","110/08/06","元大-北成功",10,0,10
"17516","8936國統","110/08/06","合庫-高雄",0,10,-10
"17517","8936國統","110/08/06","臺銀-高雄",9,0,9
"17518","8936國統","110/08/06","臺銀",0,10,-10
"17519","8936國統","110/08/06","日盛-和美",9,0,9
"17520","8936國統","110/08/06","元大-土城學府",0,10,-10
"17521","6226光鼎","110/08/06","國泰-敦南",183,87,96
"17522","6226光鼎","110/08/06","富邦-嘉義",286,537,-251
"17523","6226光鼎","110/08/06","台新-高雄",129,53,76
"17524","6226光鼎","110/08/06","統一-新竹",30,181,-151
"17525","6226光鼎","110/08/06","新光",81,25,56
"17526","6226光鼎","110/08/06","宏遠-台中",0,118,-118
"17527","6226光鼎","110/08/06","台新證券",112,57,55
"17528","6226光鼎","110/08/06","華南永昌-大安",2,82,-80
"17529","6226光鼎","110/08/06","台新-新營",56,4,52
"17530","6226光鼎","110/08/06","元富-西松",1,76,-75
"17531","6226光鼎","110/08/06","中國信託",48,7,41
"17532","6226光鼎","110/08/06","凱基-豐中",1,74,-73
"17533","6226光鼎","110/08/06","富邦-板橋",38,5,33
"17534","6226光鼎","110/08/06","凱基-長庚",3,64,-61
"17535","6226光鼎","110/08/06","台新-中壢",32,0,32
"17536","6226光鼎","110/08/06","元富-高雄",2,58,-56
"17537","6226光鼎","110/08/06","日盛-北高雄",32,1,31
"17538","6226光鼎","110/08/06","永豐金-萬盛",2,49,-47
"17539","6226光鼎","110/08/06","群益金鼎-桃園",31,0,31
"17540","6226光鼎","110/08/06","統一-仁愛",11,57,-46
"17541","6226光鼎","110/08/06","元大-屏東民生",31,0,31
"17542","6226光鼎","110/08/06","國票-台中",0,46,-46
"17543","6226光鼎","110/08/06","中國信託-永康",35,5,30
"17544","6226光鼎","110/08/06","群益金鼎-嘉義",11,55,-44
"17545","6226光鼎","110/08/06","國泰-台中",57,27,30
"17546","6226光鼎","110/08/06","元大-沙鹿",6,50,-44
"17547","6226光鼎","110/08/06","群益金鼎-板橋",30,0,30
"17548","6226光鼎","110/08/06","新光-高雄",17,58,-41
"17549","6226光鼎","110/08/06","寶盛",29,0,29
"17550","6226光鼎","110/08/06","元大-嘉義",3,36,-33
"17551","2363矽統","110/08/06","新加坡商瑞銀",1338,777,561
"17552","2363矽統","110/08/06","凱基-台北",4343,7347,-3004
"17553","2363矽統","110/08/06","日盛-三峽",475,86,389
"17554","2363矽統","110/08/06","摩根大通",1716,2908,-1192
"17555","2363矽統","110/08/06","中國信託-忠孝",433,44,389
"17556","2363矽統","110/08/06","美商高盛",315,1169,-854
"17557","2363矽統","110/08/06","陽信-石牌",448,73,375
"17558","2363矽統","110/08/06","永豐金證券",168,889,-721
"17559","2363矽統","110/08/06","國泰-台中",743,471,272
"17560","2363矽統","110/08/06","國票-敦北法人",29,513,-484
"17561","2363矽統","110/08/06","國泰-敦南",2177,1919,258
"17562","2363矽統","110/08/06","元富-嘉義",43,424,-381
"17563","2363矽統","110/08/06","台新-台中",565,347,218
"17564","2363矽統","110/08/06","元大-東泰",174,540,-366
"17565","2363矽統","110/08/06","元大-敦化",246,31,215
"17566","2363矽統","110/08/06","元大證券",187,522,-335
"17567","2363矽統","110/08/06","大昌-桃園",241,51,190
"17568","2363矽統","110/08/06","合庫證券",173,495,-322
"17569","2363矽統","110/08/06","華南永昌-淡水",230,48,182
"17570","2363矽統","110/08/06","元大-萬華",128,391,-263
"17571","2363矽統","110/08/06","港商野村",2381,2203,178
"17572","2363矽統","110/08/06","國票-博愛",93,350,-257
"17573","2363矽統","110/08/06","台新-高雄",529,361,168
"17574","2363矽統","110/08/06","台新-屏東",200,455,-255
"17575","2363矽統","110/08/06","元大-新竹",320,156,164
"17576","2363矽統","110/08/06","日盛-南京",74,327,-253
"17577","2363矽統","110/08/06","元大-中壢",454,292,162
"17578","2363矽統","110/08/06","兆豐-民生",16,227,-211
"17579","2363矽統","110/08/06","新光-台南",310,150,160
"17580","2363矽統","110/08/06","元大-旗山",168,364,-196
"17581","8112至上","110/08/06","新光-新竹",533,65,468
"17582","8112至上","110/08/06","摩根大通",12,2930,-2918
"17583","8112至上","110/08/06","國泰-新莊",192,0,192
"17584","8112至上","110/08/06","凱基-台北",388,1548,-1160
"17585","8112至上","110/08/06","合庫證券",195,11,184
"17586","8112至上","110/08/06","新加坡商瑞銀",17,1069,-1052
"17587","8112至上","110/08/06","元大-西門",178,2,176
"17588","8112至上","110/08/06","台灣摩根士丹利",48,955,-907
"17589","8112至上","110/08/06","(牛牛牛)亞-鑫豐",153,13,140
"17590","8112至上","110/08/06","元大-竹科",61,824,-763
"17591","8112至上","110/08/06","永豐金-中正",120,1,119
"17592","8112至上","110/08/06","美林",19,583,-564
"17593","8112至上","110/08/06","陽信",111,0,111
"17594","8112至上","110/08/06","瑞士信貸",0,547,-547
"17595","8112至上","110/08/06","康和-板橋",106,0,106
"17596","8112至上","110/08/06","康和",2,484,-482
"17597","8112至上","110/08/06","群益金鼎-延平",101,0,101
"17598","8112至上","110/08/06","永豐金-台中",17,430,-413
"17599","8112至上","110/08/06","元大-北成功",110,14,96
"17600","8112至上","110/08/06","元大-屏南",4,393,-389
"17601","8112至上","110/08/06","元富-古亭",141,46,95
"17602","8112至上","110/08/06","美商高盛",12,217,-205
"17603","8112至上","110/08/06","臺灣企銀-埔墘",92,1,91
"17604","8112至上","110/08/06","新光-桃園",42,204,-162
"17605","8112至上","110/08/06","第一金-桃園",89,0,89
"17606","8112至上","110/08/06","玉山證券",18,162,-144
"17607","8112至上","110/08/06","台新證券",105,16,89
"17608","8112至上","110/08/06","群益金鼎-基隆",7,151,-144
"17609","8112至上","110/08/06","玉山-板橋",96,10,86
"17610","8112至上","110/08/06","台新-新營",60,183,-123
"17611","1570力肯","110/08/06","國票-北高雄",246,40,206
"17612","1570力肯","110/08/06","富邦-高雄",0,47,-47
"17613","1570力肯","110/08/06","統一-松江",43,0,43
"17614","1570力肯","110/08/06","凱基-台北",55,101,-46
"17615","1570力肯","110/08/06","日茂-南投",42,2,40
"17616","1570力肯","110/08/06","台新證券",25,60,-35
"17617","1570力肯","110/08/06","群益金鼎-三重",34,2,32
"17618","1570力肯","110/08/06","元富-三重",0,32,-32
"17619","1570力肯","110/08/06","華南永昌-麻豆",32,4,28
"17620","1570力肯","110/08/06","台中銀-員林",0,32,-32
"17621","1570力肯","110/08/06","永豐金-中和",29,2,27
"17622","1570力肯","110/08/06","國泰-板橋",1,33,-32
"17623","1570力肯","110/08/06","永豐金-大園",21,0,21
"17624","1570力肯","110/08/06","摩根大通",83,112,-29
"17625","1570力肯","110/08/06","統一-三重",25,5,20
"17626","1570力肯","110/08/06","玉山-新莊",0,27,-27
"17627","1570力肯","110/08/06","元富-新店",20,0,20
"17628","1570力肯","110/08/06","永豐金-虎尾",0,27,-27
"17629","1570力肯","110/08/06","大昌-桃園",21,1,20
"17630","1570力肯","110/08/06","玉山-左營",0,25,-25
"17631","1570力肯","110/08/06","康和-高雄",18,1,17
"17632","1570力肯","110/08/06","富邦-仁愛",10,32,-22
"17633","1570力肯","110/08/06","元富-潮州",16,0,16
"17634","1570力肯","110/08/06","中國信託-忠孝",0,21,-21
"17635","1570力肯","110/08/06","元富-松德",15,0,15
"17636","1570力肯","110/08/06","臺銀-鳳山",4,24,-20
"17637","1570力肯","110/08/06","凱基-嘉義",15,0,15
"17638","1570力肯","110/08/06","台新-屏東",1,21,-20
"17639","1570力肯","110/08/06","凱基-埔墘",15,0,15
"17640","1570力肯","110/08/06","群益金鼎-西松",0,20,-20
"17641","2929淘帝","110/08/06","統一",155,0,155
"17642","2929淘帝","110/08/06","元富-敦南",0,100,-100
"17643","2929淘帝","110/08/06","港商野村",188,52,136
"17644","2929淘帝","110/08/06","兆豐-忠孝",0,60,-60
"17645","2929淘帝","110/08/06","摩根大通",72,3,69
"17646","2929淘帝","110/08/06","台新證券",9,68,-59
"17647","2929淘帝","110/08/06","新光-新竹",45,0,45
"17648","2929淘帝","110/08/06","凱基-台北",30,80,-50
"17649","2929淘帝","110/08/06","華南永昌",40,1,39
"17650","2929淘帝","110/08/06","台新-台中",0,45,-45
"17651","2929淘帝","110/08/06","美林",52,18,34
"17652","2929淘帝","110/08/06","國泰-台中",2,43,-41
"17653","2929淘帝","110/08/06","新加坡商瑞銀",48,14,34
"17654","2929淘帝","110/08/06","華南永昌-林口",0,37,-37
"17655","2929淘帝","110/08/06","日盛-頭份",32,0,32
"17656","2929淘帝","110/08/06","元大-屏南",0,30,-30
"17657","2929淘帝","110/08/06","日盛-板橋中山",30,0,30
"17658","2929淘帝","110/08/06","群益金鼎-潭子",0,26,-26
"17659","2929淘帝","110/08/06","元大-中壢",25,3,22
"17660","2929淘帝","110/08/06","元大-新莊",3,26,-23
"17661","2929淘帝","110/08/06","元大-莒光",21,0,21
"17662","2929淘帝","110/08/06","臺銀-臺南",0,22,-22
"17663","2929淘帝","110/08/06","福勝",20,0,20
"17664","2929淘帝","110/08/06","新光",2,24,-22
"17665","2929淘帝","110/08/06","元富-三重",17,0,17
"17666","2929淘帝","110/08/06","華南永昌-長虹",0,22,-22
"17667","2929淘帝","110/08/06","國票-南京",17,0,17
"17668","2929淘帝","110/08/06","富邦-高雄",0,20,-20
"17669","2929淘帝","110/08/06","合庫證券",16,0,16
"17670","2929淘帝","110/08/06","元大-竹科",0,20,-20
"17671","5410國眾","110/08/06","元大-中壢",15,1,14
"17672","5410國眾","110/08/06","凱基-台北",0,16,-16
"17673","5410國眾","110/08/06","玉山-嘉義",10,0,10
"17674","5410國眾","110/08/06","元大-松山",0,15,-15
"17675","5410國眾","110/08/06","元大-敦南",10,0,10
"17676","5410國眾","110/08/06","元大-斗信",0,10,-10
"17677","5410國眾","110/08/06","永豐金-板橋",10,0,10
"17678","5410國眾","110/08/06","臺銀-臺南",0,9,-9
"17679","5410國眾","110/08/06","華南永昌-新莊",9,0,9
"17680","5410國眾","110/08/06","新光-台中",0,9,-9
"17681","5410國眾","110/08/06","華南永昌-世貿",6,0,6
"17682","5410國眾","110/08/06","群益金鼎-中壢",0,7,-7
"17683","5410國眾","110/08/06","亞東",5,0,5
"17684","5410國眾","110/08/06","永豐金-中和",0,7,-7
"17685","5410國眾","110/08/06","大昌-新店",5,0,5
"17686","5410國眾","110/08/06","元大-北投",0,6,-6
"17687","5410國眾","110/08/06","凱基-民權",5,0,5
"17688","5410國眾","110/08/06","元大-豐原站前",0,6,-6
"17689","5410國眾","110/08/06","元大-士林",5,0,5
"17690","5410國眾","110/08/06","臺銀",0,5,-5
"17691","5410國眾","110/08/06","元大-北三重",5,0,5
"17692","5410國眾","110/08/06","台灣企銀-太平",0,5,-5
"17693","5410國眾","110/08/06","永豐金-桃園",5,0,5
"17694","5410國眾","110/08/06","元大-大益",0,5,-5
"17695","5410國眾","110/08/06","兆豐-員林",4,0,4
"17696","5410國眾","110/08/06","元大-和平",0,5,-5
"17697","5410國眾","110/08/06","台新-三民",4,0,4
"17698","5410國眾","110/08/06","元大-台南",0,5,-5
"17699","5410國眾","110/08/06","國泰-敦南",6,2,4
"17700","5410國眾","110/08/06","元大-古亭",0,5,-5
"17701","2841台開","110/08/06","宏遠-館前",520,0,520
"17702","2841台開","110/08/06","元富-台南",0,200,-200
"17703","2841台開","110/08/06","合庫證券",193,0,193
"17704","2841台開","110/08/06","元大-鹿港",0,182,-182
"17705","2841台開","110/08/06","永興-台中",100,0,100
"17706","2841台開","110/08/06","群益金鼎-桃園",0,132,-132
"17707","2841台開","110/08/06","永豐金-竹北",78,0,78
"17708","2841台開","110/08/06","中國信託-忠孝",0,130,-130
"17709","2841台開","110/08/06","元大證券",50,0,50
"17710","2841台開","110/08/06","元大-四維",3,116,-113
"17711","2841台開","110/08/06","元大-大天母",50,0,50
"17712","2841台開","110/08/06","元富-嘉義",0,50,-50
"17713","2841台開","110/08/06","永豐金-敦南",50,0,50
"17714","2841台開","110/08/06","元富-板橋",0,50,-50
"17715","2841台開","110/08/06","日盛-園區",49,0,49
"17716","2841台開","110/08/06","(牛牛牛)亞-鑫豐",0,50,-50
"17717","2841台開","110/08/06","元大-前金",38,0,38
"17718","2841台開","110/08/06","群益金鼎-新店",0,50,-50
"17719","2841台開","110/08/06","新光-台中",32,1,31
"17720","2841台開","110/08/06","統一-彰化",0,45,-45
"17721","2841台開","110/08/06","華南永昌-台中",30,0,30
"17722","2841台開","110/08/06","台中銀",12,50,-38
"17723","2841台開","110/08/06","第一金-忠孝",20,0,20
"17724","2841台開","110/08/06","國票-中和",0,30,-30
"17725","2841台開","110/08/06","富邦-台北",20,0,20
"17726","2841台開","110/08/06","富邦-竹北",0,29,-29
"17727","2841台開","110/08/06","元大-林園",20,0,20
"17728","2841台開","110/08/06","日盛-樹林",0,26,-26
"17729","2841台開","110/08/06","日盛-信義",18,0,18
"17730","2841台開","110/08/06","富邦-板橋",0,25,-25
"17731","6207雷科","110/08/06","凱基-台北",167,49,118
"17732","6207雷科","110/08/06","群益金鼎-古亭",0,80,-80
"17733","6207雷科","110/08/06","摩根大通",185,102,83
"17734","6207雷科","110/08/06","康和-台中",0,56,-56
"17735","6207雷科","110/08/06","新光-台中",65,1,64
"17736","6207雷科","110/08/06","統一-板橋",8,59,-51
"17737","6207雷科","110/08/06","元大-鳳山",77,40,37
"17738","6207雷科","110/08/06","臺銀",0,50,-50
"17739","6207雷科","110/08/06","德信",30,0,30
"17740","6207雷科","110/08/06","日盛-忠孝",0,50,-50
"17741","6207雷科","110/08/06","新加坡商瑞銀",47,19,28
"17742","6207雷科","110/08/06","永豐金-虎尾",0,29,-29
"17743","6207雷科","110/08/06","凱基-三重",30,2,28
"17744","6207雷科","110/08/06","凱基-敦北",0,23,-23
"17745","6207雷科","110/08/06","凱基-三峽",33,10,23
"17746","6207雷科","110/08/06","華南永昌-世貿",0,22,-22
"17747","6207雷科","110/08/06","玉山-台大",25,3,22
"17748","6207雷科","110/08/06","兆豐-來福",5,25,-20
"17749","6207雷科","110/08/06","元大-板橋",15,0,15
"17750","6207雷科","110/08/06","群益金鼎-中壢",1,21,-20
"17751","6207雷科","110/08/06","元大-南京",13,0,13
"17752","6207雷科","110/08/06","宏遠-台南",0,16,-16
"17753","6207雷科","110/08/06","元富-大昌",12,0,12
"17754","6207雷科","110/08/06","合庫-桃園",0,15,-15
"17755","6207雷科","110/08/06","德信-和平",11,0,11
"17756","6207雷科","110/08/06","玉山-新莊",1,16,-15
"17757","6207雷科","110/08/06","元大-承德",12,1,11
"17758","6207雷科","110/08/06","群益金鼎-敦南",0,15,-15
"17759","6207雷科","110/08/06","台新-高雄",18,8,10
"17760","6207雷科","110/08/06","台新-左楠",2,15,-13
"17761","3679新至陞","110/08/06","國票-安和",10,0,10
"17762","3679新至陞","110/08/06","摩根大通",1,32,-31
"17763","3679新至陞","110/08/06","元大-上新莊",10,0,10
"17764","3679新至陞","110/08/06","凱基-台北",2,17,-15
"17765","3679新至陞","110/08/06","富邦-台北",9,0,9
"17766","3679新至陞","110/08/06","台灣摩根士丹利",0,11,-11
"17767","3679新至陞","110/08/06","元大-板橋",9,3,6
"17768","3679新至陞","110/08/06","瑞士信貸",0,11,-11
"17769","3679新至陞","110/08/06","康和-板橋",5,0,5
"17770","3679新至陞","110/08/06","兆豐-員林",0,10,-10
"17771","3679新至陞","110/08/06","國泰-松江",5,0,5
"17772","3679新至陞","110/08/06","元大-蘆洲",0,10,-10
"17773","3679新至陞","110/08/06","凱基-三峽",5,0,5
"17774","3679新至陞","110/08/06","美林",1,8,-7
"17775","3679新至陞","110/08/06","華南永昌-大安",5,0,5
"17776","3679新至陞","110/08/06","群益金鼎-桃園",0,7,-7
"17777","3679新至陞","110/08/06","台新-屏東",4,0,4
"17778","3679新至陞","110/08/06","玉山-台大",0,5,-5
"17779","3679新至陞","110/08/06","群益金鼎-敦南",4,0,4
"17780","3679新至陞","110/08/06","日盛-新竹",0,4,-4
"17781","3679新至陞","110/08/06","元大-天母",4,0,4
"17782","3679新至陞","110/08/06","土銀-和平",2,5,-3
"17783","3679新至陞","110/08/06","臺銀-高雄",3,0,3
"17784","3679新至陞","110/08/06","元富-松德",0,3,-3
"17785","3679新至陞","110/08/06","台中銀-員林",3,0,3
"17786","3679新至陞","110/08/06","光和-田中",0,3,-3
"17787","3679新至陞","110/08/06","北城證券",3,0,3
"17788","3679新至陞","110/08/06","群益金鼎-台南",0,3,-3
"17789","3679新至陞","110/08/06","元大-景美",3,0,3
"17790","3679新至陞","110/08/06","元大證券",1,4,-3
"17791","2727王品","110/08/06","摩根大通",65,18,47
"17792","2727王品","110/08/06","美商高盛",12,258,-246
"17793","2727王品","110/08/06","華南永昌",18,0,18
"17794","2727王品","110/08/06","安泰",2,60,-58
"17795","2727王品","110/08/06","凱基-台北",41,25,16
"17796","2727王品","110/08/06","台灣摩根士丹利",10,59,-49
"17797","2727王品","110/08/06","元大-中壢",20,4,16
"17798","2727王品","110/08/06","台新證券",17,60,-43
"17799","2727王品","110/08/06","台新-高雄",27,13,14
"17800","2727王品","110/08/06","元大-桃園",0,32,-32
"17801","2727王品","110/08/06","永豐金-苓雅",14,1,13
"17802","2727王品","110/08/06","凱基-基隆",0,30,-30
"17803","2727王品","110/08/06","永豐金-中盛",14,1,13
"17804","2727王品","110/08/06","群益金鼎-台中",0,22,-22
"17805","2727王品","110/08/06","第一金-安和",12,0,12
"17806","2727王品","110/08/06","凱基-三重",1,20,-19
"17807","2727王品","110/08/06","台新-台南",12,0,12
"17808","2727王品","110/08/06","元大證券",23,42,-19
"17809","2727王品","110/08/06","元大-八德",12,0,12
"17810","2727王品","110/08/06","瑞士信貸",0,18,-18
"17811","2727王品","110/08/06","新加坡商瑞銀",14,3,11
"17812","2727王品","110/08/06","港商野村",32,50,-18
"17813","2727王品","110/08/06","美林",11,1,10
"17814","2727王品","110/08/06","元大-羅東",2,17,-15
"17815","2727王品","110/08/06","台新-中壢",10,0,10
"17816","2727王品","110/08/06","元大-彰化",3,15,-12
"17817","2727王品","110/08/06","大昌-新竹",9,0,9
"17818","2727王品","110/08/06","土銀-高雄",1,12,-11
"17819","2727王品","110/08/06","元大-文心興安",11,2,9
"17820","2727王品","110/08/06","台新-新莊",0,11,-11
"17821","1570力肯","110/08/06","國票-北高雄",246,40,206
"17822","1570力肯","110/08/06","富邦-高雄",0,47,-47
"17823","1570力肯","110/08/06","統一-松江",43,0,43
"17824","1570力肯","110/08/06","凱基-台北",55,101,-46
"17825","1570力肯","110/08/06","日茂-南投",42,2,40
"17826","1570力肯","110/08/06","台新證券",25,60,-35
"17827","1570力肯","110/08/06","群益金鼎-三重",34,2,32
"17828","1570力肯","110/08/06","元富-三重",0,32,-32
"17829","1570力肯","110/08/06","華南永昌-麻豆",32,4,28
"17830","1570力肯","110/08/06","台中銀-員林",0,32,-32
"17831","1570力肯","110/08/06","永豐金-中和",29,2,27
"17832","1570力肯","110/08/06","國泰-板橋",1,33,-32
"17833","1570力肯","110/08/06","永豐金-大園",21,0,21
"17834","1570力肯","110/08/06","摩根大通",83,112,-29
"17835","1570力肯","110/08/06","統一-三重",25,5,20
"17836","1570力肯","110/08/06","玉山-新莊",0,27,-27
"17837","1570力肯","110/08/06","元富-新店",20,0,20
"17838","1570力肯","110/08/06","永豐金-虎尾",0,27,-27
"17839","1570力肯","110/08/06","大昌-桃園",21,1,20
"17840","1570力肯","110/08/06","玉山-左營",0,25,-25
"17841","1570力肯","110/08/06","康和-高雄",18,1,17
"17842","1570力肯","110/08/06","富邦-仁愛",10,32,-22
"17843","1570力肯","110/08/06","元富-潮州",16,0,16
"17844","1570力肯","110/08/06","中國信託-忠孝",0,21,-21
"17845","1570力肯","110/08/06","元富-松德",15,0,15
"17846","1570力肯","110/08/06","臺銀-鳳山",4,24,-20
"17847","1570力肯","110/08/06","凱基-嘉義",15,0,15
"17848","1570力肯","110/08/06","台新-屏東",1,21,-20
"17849","1570力肯","110/08/06","凱基-埔墘",15,0,15
"17850","1570力肯","110/08/06","群益金鼎-西松",0,20,-20
"17851","6180橘子","110/08/06","凱基-中山",138,3,135
"17852","6180橘子","110/08/06","新光",6,37,-31
"17853","6180橘子","110/08/06","富邦-高雄",18,0,18
"17854","6180橘子","110/08/06","永豐金-板新",0,24,-24
"17855","6180橘子","110/08/06","美商高盛",14,0,14
"17856","6180橘子","110/08/06","國票-九鼎",0,20,-20
"17857","6180橘子","110/08/06","富邦-板橋",14,0,14
"17858","6180橘子","110/08/06","群益金鼎-古亭",0,20,-20
"17859","6180橘子","110/08/06","台灣摩根士丹利",18,6,12
"17860","6180橘子","110/08/06","凱基-台北",2,22,-20
"17861","6180橘子","110/08/06","聯邦-雙和",11,0,11
"17862","6180橘子","110/08/06","富邦-員林",1,20,-19
"17863","6180橘子","110/08/06","宏遠-光隆",10,0,10
"17864","6180橘子","110/08/06","富邦-基隆",0,14,-14
"17865","6180橘子","110/08/06","元富-四維",10,0,10
"17866","6180橘子","110/08/06","元富-永和",1,12,-11
"17867","6180橘子","110/08/06","摩根大通",11,1,10
"17868","6180橘子","110/08/06","玉山-台南",0,11,-11
"17869","6180橘子","110/08/06","日盛-中壢",9,0,9
"17870","6180橘子","110/08/06","元大-彰化民生",0,11,-11
"17871","6180橘子","110/08/06","中國信託",9,0,9
"17872","6180橘子","110/08/06","群益金鼎-忠孝",0,10,-10
"17873","6180橘子","110/08/06","凱基-板橋",10,1,9
"17874","6180橘子","110/08/06","元大-龍潭",0,10,-10
"17875","6180橘子","110/08/06","日盛-景美",9,2,7
"17876","6180橘子","110/08/06","元大-金華",1,11,-10
"17877","6180橘子","110/08/06","瑞士信貸",7,0,7
"17878","6180橘子","110/08/06","第一金-新興",0,8,-8
"17879","6180橘子","110/08/06","元大-高雄",5,0,5
"17880","6180橘子","110/08/06","美林",0,7,-7
"17881","2390云辰","110/08/06","元大證券",203,14,189
"17882","2390云辰","110/08/06","永豐金-豐原",0,174,-174
"17883","2390云辰","110/08/06","美商高盛",114,7,107
"17884","2390云辰","110/08/06","第一金-華江",0,83,-83
"17885","2390云辰","110/08/06","華南永昌-麻豆",103,0,103
"17886","2390云辰","110/08/06","凱基-台北",126,197,-71
"17887","2390云辰","110/08/06","國票-安和",76,11,65
"17888","2390云辰","110/08/06","摩根大通",129,187,-58
"17889","2390云辰","110/08/06","港商野村",188,138,50
"17890","2390云辰","110/08/06","臺銀-金山",0,50,-50
"17891","2390云辰","110/08/06","元大-土城學府",102,56,46
"17892","2390云辰","110/08/06","聯邦商銀",13,50,-37
"17893","2390云辰","110/08/06","元富-板橋",41,0,41
"17894","2390云辰","110/08/06","元大-上新莊",10,43,-33
"17895","2390云辰","110/08/06","新加坡商瑞銀",47,7,40
"17896","2390云辰","110/08/06","兆豐-三民",0,30,-30
"17897","2390云辰","110/08/06","元大-台南",35,0,35
"17898","2390云辰","110/08/06","富邦-桃園",0,30,-30
"17899","2390云辰","110/08/06","凱基-林口",31,0,31
"17900","2390云辰","110/08/06","國泰-敦南",33,60,-27
"17901","2390云辰","110/08/06","凱基-台中",23,0,23
"17902","2390云辰","110/08/06","元大-天母",1,28,-27
"17903","2390云辰","110/08/06","台新-左楠",22,0,22
"17904","2390云辰","110/08/06","統一-高雄",0,25,-25
"17905","2390云辰","110/08/06","元大-文心",24,2,22
"17906","2390云辰","110/08/06","元大-太平",0,22,-22
"17907","2390云辰","110/08/06","統一-三重",22,1,21
"17908","2390云辰","110/08/06","彰銀-台中",36,56,-20
"17909","2390云辰","110/08/06","台灣企銀-嘉義",20,0,20
"17910","2390云辰","110/08/06","統一-屏東",1,21,-20
"17911","2867三商壽","110/08/05","摩根大通",376,0,376
"17912","2867三商壽","110/08/05","日盛-新莊",0,253,-253
"17913","2867三商壽","110/08/05","玉山-大里",307,1,306
"17914","2867三商壽","110/08/05","宏遠-高雄",0,156,-156
"17915","2867三商壽","110/08/05","元大-土城永寧",250,0,250
"17916","2867三商壽","110/08/05","康和-台中",0,135,-135
"17917","2867三商壽","110/08/05","新加坡商瑞銀",137,0,137
"17918","2867三商壽","110/08/05","台灣摩根士丹利",17,133,-116
"17919","2867三商壽","110/08/05","大展",120,0,120
"17920","2867三商壽","110/08/05","台灣企銀-竹北",0,100,-100
"17921","2867三商壽","110/08/05","凱基-長庚",120,0,120
"17922","2867三商壽","110/08/05","群益金鼎-桃園",1,100,-99
"17923","2867三商壽","110/08/05","元大-大同",104,2,102
"17924","2867三商壽","110/08/05","永豐金-高雄",10,101,-91
"17925","2867三商壽","110/08/05","凱基-台北",98,30,68
"17926","2867三商壽","110/08/05","元富",0,70,-70
"17927","2867三商壽","110/08/05","華南永昌-朴子",60,0,60
"17928","2867三商壽","110/08/05","富邦-花蓮",0,53,-53
"17929","2867三商壽","110/08/05","永豐金-市政",50,0,50
"17930","2867三商壽","110/08/05","日盛-台南",0,43,-43
"17931","2867三商壽","110/08/05","富邦-台南",49,1,48
"17932","2867三商壽","110/08/05","宏遠-台中",6,45,-39
"17933","2867三商壽","110/08/05","永豐金-永康",30,0,30
"17934","2867三商壽","110/08/05","瑞士信貸",0,32,-32
"17935","2867三商壽","110/08/05","富邦-竹東",30,1,29
"17936","2867三商壽","110/08/05","致和-高雄",0,31,-31
"17937","2867三商壽","110/08/05","兆豐-高雄",30,10,20
"17938","2867三商壽","110/08/05","國泰-台南",1,32,-31
"17939","2867三商壽","110/08/05","群益金鼎-西松",20,0,20
"17940","2867三商壽","110/08/05","元大-松山",1,31,-30
"17941","5521工信","110/08/05","兆豐-桃園",72,0,72
"17942","5521工信","110/08/05","美林",5,100,-95
"17943","5521工信","110/08/05","(牛牛牛)亞-鑫豐",24,0,24
"17944","5521工信","110/08/05","華南永昌-桃園",0,76,-76
"17945","5521工信","110/08/05","富邦-建國",22,0,22
"17946","5521工信","110/08/05","第一金-桃園",0,43,-43
"17947","5521工信","110/08/05","日盛-雙和",16,0,16
"17948","5521工信","110/08/05","凱基-台北",0,26,-26
"17949","5521工信","110/08/05","元大-鳳山",16,0,16
"17950","5521工信","110/08/05","台灣摩根士丹利",0,22,-22
"17951","5521工信","110/08/05","元富-城東",12,0,12
"17952","5521工信","110/08/05","富邦-竹北",0,20,-20
"17953","5521工信","110/08/05","元大-東蘆",12,0,12
"17954","5521工信","110/08/05","富邦-員林",0,20,-20
"17955","5521工信","110/08/05","元大-路竹",11,0,11
"17956","5521工信","110/08/05","元大-豐原",0,20,-20
"17957","5521工信","110/08/05","元大-基隆孝二",11,0,11
"17958","5521工信","110/08/05","港商野村",0,17,-17
"17959","5521工信","110/08/05","日盛-園區",10,0,10
"17960","5521工信","110/08/05","元大-大同",0,14,-14
"17961","5521工信","110/08/05","玉山-台大",10,0,10
"17962","5521工信","110/08/05","永豐金證券",0,14,-14
"17963","5521工信","110/08/05","華南永昌-公誠",10,0,10
"17964","5521工信","110/08/05","兆豐-高雄",0,10,-10
"17965","5521工信","110/08/05","元大-斗六",10,0,10
"17966","5521工信","110/08/05","群益金鼎-永和",0,10,-10
"17967","5521工信","110/08/05","元大-屏東",10,0,10
"17968","5521工信","110/08/05","永豐金-中和",0,10,-10
"17969","5521工信","110/08/05","國泰-台中",9,0,9
"17970","5521工信","110/08/05","第一金-高雄",0,7,-7
"17971","1471首利","110/08/05","國票-北高雄",50,0,50
"17972","1471首利","110/08/05","永豐金-板盛",0,129,-129
"17973","1471首利","110/08/05","台灣摩根士丹利",49,0,49
"17974","1471首利","110/08/05","元大-三重",0,50,-50
"17975","1471首利","110/08/05","元大-太平",30,0,30
"17976","1471首利","110/08/05","瑞士信貸",0,42,-42
"17977","1471首利","110/08/05","國泰-敦南",24,0,24
"17978","1471首利","110/08/05","美林",0,37,-37
"17979","1471首利","110/08/05","玉山-桃園",21,0,21
"17980","1471首利","110/08/05","元富-草屯",0,30,-30
"17981","1471首利","110/08/05","宏遠-光隆",20,0,20
"17982","1471首利","110/08/05","元富-民權",0,25,-25
"17983","1471首利","110/08/05","富邦-嘉義",20,1,19
"17984","1471首利","110/08/05","台中銀",0,23,-23
"17985","1471首利","110/08/05","元大-博愛",30,13,17
"17986","1471首利","110/08/05","元富-新興",0,20,-20
"17987","1471首利","110/08/05","台新-高雄",16,0,16
"17988","1471首利","110/08/05","摩根大通",17,33,-16
"17989","1471首利","110/08/05","日盛-文化",15,0,15
"17990","1471首利","110/08/05","日盛-鳳山",0,15,-15
"17991","1471首利","110/08/05","群益金鼎-新莊",15,0,15
"17992","1471首利","110/08/05","高橋",0,14,-14
"17993","1471首利","110/08/05","凱基-科園",13,0,13
"17994","1471首利","110/08/05","富邦-羅東",0,13,-13
"17995","1471首利","110/08/05","元大-高雄",12,0,12
"17996","1471首利","110/08/05","德信-中正",0,12,-12
"17997","1471首利","110/08/05","第一金-桃園",11,0,11
"17998","1471首利","110/08/05","群益金鼎-中港",5,17,-12
"17999","1471首利","110/08/05","台灣企銀-太平",10,0,10
"18000","1471首利","110/08/05","第一金-台南",0,10,-10
"18001","2883開發金","110/08/05","元富",5268,0,5268
"18002","2883開發金","110/08/05","新光-高雄",309,4909,-4600
"18003","2883開發金","110/08/05","瑞士信貸",4963,0,4963
"18004","2883開發金","110/08/05","富邦-竹東",594,3509,-2915
"18005","2883開發金","110/08/05","富邦證券",3800,0,3800
"18006","2883開發金","110/08/05","永豐金-南京",2,1915,-1913
"18007","2883開發金","110/08/05","台灣摩根士丹利",3886,1250,2636
"18008","2883開發金","110/08/05","第一金-自由",2,1894,-1892
"18009","2883開發金","110/08/05","元富-城東",2119,68,2051
"18010","2883開發金","110/08/05","康和-仁愛",0,1820,-1820
"18011","2883開發金","110/08/05","港商野村",2397,395,2002
"18012","2883開發金","110/08/05","兆豐-台中港",22,1522,-1500
"18013","2883開發金","110/08/05","第一金-忠孝",2020,88,1932
"18014","2883開發金","110/08/05","元大-大同",43,1010,-967
"18015","2883開發金","110/08/05","國泰證券",1682,3,1679
"18016","2883開發金","110/08/05","國票",53,645,-592
"18017","2883開發金","110/08/05","大和國泰",1666,0,1666
"18018","2883開發金","110/08/05","富邦-新竹",86,674,-588
"18019","2883開發金","110/08/05","永豐金-板橋",1507,15,1492
"18020","2883開發金","110/08/05","富邦-建國",39,560,-521
"18021","2883開發金","110/08/05","台灣企銀-民雄",1002,0,1002
"18022","2883開發金","110/08/05","日盛-台南",7,525,-518
"18023","2883開發金","110/08/05","美林",1263,577,686
"18024","2883開發金","110/08/05","凱基-基隆",1,510,-509
"18025","2883開發金","110/08/05","康和",640,0,640
"18026","2883開發金","110/08/05","元富-民權",0,500,-500
"18027","2883開發金","110/08/05","凱基-台北",1262,679,583
"18028","2883開發金","110/08/05","永豐金-松山",9,509,-500
"18029","2883開發金","110/08/05","福邦證券",560,50,510
"18030","2883開發金","110/08/05","華南永昌-中正",25,511,-486
"18031","6205詮欣","110/08/05","富邦-高雄",27,0,27
"18032","6205詮欣","110/08/05","臺銀-鳳山",0,31,-31
"18033","6205詮欣","110/08/05","摩根大通",27,1,26
"18034","6205詮欣","110/08/05","合庫-三重",0,15,-15
"18035","6205詮欣","110/08/05","永豐金-敦南",14,0,14
"18036","6205詮欣","110/08/05","臺銀-民權",11,21,-10
"18037","6205詮欣","110/08/05","凱基-台北",14,1,13
"18038","6205詮欣","110/08/05","日盛-中壢",0,10,-10
"18039","6205詮欣","110/08/05","瑞士信貸",14,5,9
"18040","6205詮欣","110/08/05","統一-松江",0,10,-10
"18041","6205詮欣","110/08/05","凱基-湖口",9,0,9
"18042","6205詮欣","110/08/05","台新-三民",0,9,-9
"18043","6205詮欣","110/08/05","德信-新營",4,0,4
"18044","6205詮欣","110/08/05","臺銀-新竹",1,9,-8
"18045","6205詮欣","110/08/05","元大-東蘆",5,1,4
"18046","6205詮欣","110/08/05","康和",0,5,-5
"18047","6205詮欣","110/08/05","臺銀-高雄",3,0,3
"18048","6205詮欣","110/08/05","元大-館前",0,4,-4
"18049","6205詮欣","110/08/05","富邦-左營",3,0,3
"18050","6205詮欣","110/08/05","宏遠-新化",0,3,-3
"18051","6205詮欣","110/08/05","日盛-花蓮",2,0,2
"18052","6205詮欣","110/08/05","新加坡商瑞銀",4,7,-3
"18053","6205詮欣","110/08/05","元富-三重",2,0,2
"18054","6205詮欣","110/08/05","致和-高雄",0,3,-3
"18055","6205詮欣","110/08/05","北城證券",2,0,2
"18056","6205詮欣","110/08/05","國票",0,3,-3
"18057","6205詮欣","110/08/05","國票-南港",2,0,2
"18058","6205詮欣","110/08/05","富邦-嘉義",0,3,-3
"18059","6205詮欣","110/08/05","台新證券",2,0,2
"18060","6205詮欣","110/08/05","統一-士林",0,2,-2
"18061","1540喬福","110/08/05","元富-中原",24,0,24
"18062","1540喬福","110/08/05","統一-新台中",0,21,-21
"18063","1540喬福","110/08/05","台新-台南",10,0,10
"18064","1540喬福","110/08/05","國泰-敦南",0,15,-15
"18065","1540喬福","110/08/05","台新-台中",10,0,10
"18066","1540喬福","110/08/05","華南永昌-南京",0,10,-10
"18067","1540喬福","110/08/05","瑞士信貸",6,0,6
"18068","1540喬福","110/08/05","元大-台中中港",0,10,-10
"18069","1540喬福","110/08/05","台中銀-豐原",6,0,6
"18070","1540喬福","110/08/05","德信-新營",0,8,-8
"18071","1540喬福","110/08/05","凱基-台北",6,0,6
"18072","1540喬福","110/08/05","新光-台南",0,4,-4
"18073","1540喬福","110/08/05","凱基-台南",5,0,5
"18074","1540喬福","110/08/05","元大-大天母",6,10,-4
"18075","1540喬福","110/08/05","元大-士林",5,0,5
"18076","1540喬福","110/08/05","康和-新竹",0,3,-3
"18077","1540喬福","110/08/05","美林",2,0,2
"18078","1540喬福","110/08/05","元大-龍潭",0,3,-3
"18079","1540喬福","110/08/05","群益金鼎-崇德",2,0,2
"18080","1540喬福","110/08/05","第一金-員林",0,1,-1
"18081","1540喬福","110/08/05","凱基-苗栗",2,0,2
"18082","1540喬福","110/08/05","第一金-豐原",0,1,-1
"18083","1540喬福","110/08/05","凱基-中壢",2,0,2
"18084","1540喬福","110/08/05","台新-高雄",0,1,-1
"18085","1540喬福","110/08/05","土銀-士林",1,0,1
"18086","1540喬福","110/08/05","元大-崇德",0,1,-1
"18087","1540喬福","110/08/05","群益金鼎-丹鳳",1,0,1
"18088","1540喬福","110/08/05","元大-中壢",0,1,-1
"18089","1540喬福","110/08/05","元大-文心",1,0,1
"18090","1540喬福","110/08/05","元大-斗信",0,1,-1
"18091","2888新光金","110/08/05","華南永昌-南京",3753,8,3745
"18092","2888新光金","110/08/05","第一金-高雄",0,5007,-5007
"18093","2888新光金","110/08/05","玉山-城中",2004,28,1976
"18094","2888新光金","110/08/05","美商高盛",12,1719,-1707
"18095","2888新光金","110/08/05","元大-西門",906,18,888
"18096","2888新光金","110/08/05","香港上海匯豐",0,1437,-1437
"18097","2888新光金","110/08/05","日盛-和美",557,3,554
"18098","2888新光金","110/08/05","凱基-台南",46,802,-756
"18099","2888新光金","110/08/05","康和-台中",460,49,411
"18100","2888新光金","110/08/05","美林",538,1140,-602
"18101","2888新光金","110/08/05","元富-緯城",302,1,301
"18102","2888新光金","110/08/05","凱基-台北",686,1280,-594
"18103","2888新光金","110/08/05","彰銀",301,3,298
"18104","2888新光金","110/08/05","法銀巴黎",0,562,-562
"18105","2888新光金","110/08/05","花旗環球",356,84,272
"18106","2888新光金","110/08/05","瑞士信貸",1350,1798,-448
"18107","2888新光金","110/08/05","永全-南崁",240,0,240
"18108","2888新光金","110/08/05","群益金鼎-丹鳳",4,303,-299
"18109","2888新光金","110/08/05","永豐金-彰化",232,20,212
"18110","2888新光金","110/08/05","安泰-大發",10,300,-290
"18111","2888新光金","110/08/05","統一-新台中",214,7,207
"18112","2888新光金","110/08/05","摩根大通",1159,1428,-269
"18113","2888新光金","110/08/05","中國信託-永康",203,0,203
"18114","2888新光金","110/08/05","兆豐-員林",4,260,-256
"18115","2888新光金","110/08/05","日盛-景美",200,0,200
"18116","2888新光金","110/08/05","日盛-大墩",0,250,-250
"18117","2888新光金","110/08/05","元大-東泰",207,22,185
"18118","2888新光金","110/08/05","元大-大里",31,243,-212
"18119","2888新光金","110/08/05","合庫證券",181,2,179
"18120","2888新光金","110/08/05","北城證券",25,230,-205
"18121","1340勝悅","110/08/05","富邦-仁愛",20,0,20
"18122","1340勝悅","110/08/05","中國信託",0,36,-36
"18123","1340勝悅","110/08/05","華南永昌-忠孝",12,0,12
"18124","1340勝悅","110/08/05","新光-新竹",0,18,-18
"18125","1340勝悅","110/08/05","華南永昌-楠梓",10,0,10
"18126","1340勝悅","110/08/05","永豐金-嘉義",0,15,-15
"18127","1340勝悅","110/08/05","統一-城中",17,11,6
"18128","1340勝悅","110/08/05","日茂",0,10,-10
"18129","1340勝悅","110/08/05","臺灣企銀-埔墘",5,0,5
"18130","1340勝悅","110/08/05","富邦-宜蘭",0,10,-10
"18131","1340勝悅","110/08/05","國票-台東",5,0,5
"18132","1340勝悅","110/08/05","元富-花蓮",0,9,-9
"18133","1340勝悅","110/08/05","新光-高雄",5,0,5
"18134","1340勝悅","110/08/05","永豐金-南京",0,7,-7
"18135","1340勝悅","110/08/05","國泰-台中",6,1,5
"18136","1340勝悅","110/08/05","統一",0,6,-6
"18137","1340勝悅","110/08/05","富邦-陽明",5,0,5
"18138","1340勝悅","110/08/05","合庫-西台中",0,3,-3
"18139","1340勝悅","110/08/05","日盛-板橋",4,0,4
"18140","1340勝悅","110/08/05","港商野村",0,3,-3
"18141","1340勝悅","110/08/05","港商法國興業",4,0,4
"18142","1340勝悅","110/08/05","兆豐-新竹",0,3,-3
"18143","1340勝悅","110/08/05","臺銀-高雄",3,0,3
"18144","1340勝悅","110/08/05","亞東-台中",0,2,-2
"18145","1340勝悅","110/08/05","元富-新店",3,0,3
"18146","1340勝悅","110/08/05","元大-歸仁",0,2,-2
"18147","1340勝悅","110/08/05","康和-屏東",3,0,3
"18148","1340勝悅","110/08/05","日盛-斗六",0,1,-1
"18149","1340勝悅","110/08/05","群益金鼎-民權",3,0,3
"18150","1340勝悅","110/08/05","日盛-中和",0,1,-1
"18151","6246臺龍","110/08/05","元大-林森",200,0,200
"18152","6246臺龍","110/08/05","統一",0,180,-180
"18153","6246臺龍","110/08/05","元大證券",92,1,91
"18154","6246臺龍","110/08/05","大慶-富順",0,114,-114
"18155","6246臺龍","110/08/05","凱基-大直",99,19,80
"18156","6246臺龍","110/08/05","台新-三民",0,77,-77
"18157","6246臺龍","110/08/05","元大-北港",51,0,51
"18158","6246臺龍","110/08/05","永興",0,48,-48
"18159","6246臺龍","110/08/05","統一-南京",50,0,50
"18160","6246臺龍","110/08/05","華南永昌-嘉義",1,26,-25
"18161","6246臺龍","110/08/05","台灣企銀",40,0,40
"18162","6246臺龍","110/08/05","宏遠-民生",0,20,-20
"18163","6246臺龍","110/08/05","永豐金-虎尾",23,0,23
"18164","6246臺龍","110/08/05","兆豐-大同",0,20,-20
"18165","6246臺龍","110/08/05","凱基-台北",27,5,22
"18166","6246臺龍","110/08/05","華南永昌-林口",0,20,-20
"18167","6246臺龍","110/08/05","元富-新竹",20,0,20
"18168","6246臺龍","110/08/05","元大-永春",0,20,-20
"18169","6246臺龍","110/08/05","康和-石牌",20,0,20
"18170","6246臺龍","110/08/05","元大-東泰",0,19,-19
"18171","6246臺龍","110/08/05","聯邦-大業",20,0,20
"18172","6246臺龍","110/08/05","德信-新營",0,18,-18
"18173","6246臺龍","110/08/05","凱基-彰化",18,0,18
"18174","6246臺龍","110/08/05","永豐金-松山",10,28,-18
"18175","6246臺龍","110/08/05","永豐金-復興",17,1,16
"18176","6246臺龍","110/08/05","台新-台中",4,20,-16
"18177","6246臺龍","110/08/05","新光-台中",17,2,15
"18178","6246臺龍","110/08/05","兆豐-竹北",5,20,-15
"18179","6246臺龍","110/08/05","元大-路竹",15,1,14
"18180","6246臺龍","110/08/05","兆豐-南京",1,14,-13
"18181","00715L期街口布蘭特正2","110/08/05","(牛牛牛)亞-鑫豐",1195,20,1175
"18182","00715L期街口布蘭特正2","110/08/05","元大證券",1735,21716,-19981
"18183","00715L期街口布蘭特正2","110/08/05","元大-萬華",930,0,930
"18184","00715L期街口布蘭特正2","110/08/05","凱基-台北",182,11686,-11504
"18185","00715L期街口布蘭特正2","110/08/05","元大-永康",810,9,801
"18186","00715L期街口布蘭特正2","110/08/05","元富",8,6852,-6844
"18187","00715L期街口布蘭特正2","110/08/05","富邦-彰化",760,0,760
"18188","00715L期街口布蘭特正2","110/08/05","台新證券",598,4522,-3924
"18189","00715L期街口布蘭特正2","110/08/05","國泰-敦南",830,155,675
"18190","00715L期街口布蘭特正2","110/08/05","凱基",0,3168,-3168
"18191","00715L期街口布蘭特正2","110/08/05","新光-台中",698,33,665
"18192","00715L期街口布蘭特正2","110/08/05","群益金鼎",0,1742,-1742
"18193","00715L期街口布蘭特正2","110/08/05","富邦-南屯",621,5,616
"18194","00715L期街口布蘭特正2","110/08/05","國票",22,1607,-1585
"18195","00715L期街口布蘭特正2","110/08/05","群益金鼎-士林",620,40,580
"18196","00715L期街口布蘭特正2","110/08/05","永豐金證券",91,1254,-1163
"18197","00715L期街口布蘭特正2","110/08/05","兆豐-嘉義",510,0,510
"18198","00715L期街口布蘭特正2","110/08/05","富邦證券",140,1095,-955
"18199","00715L期街口布蘭特正2","110/08/05","統一-新竹",508,9,499
"18200","00715L期街口布蘭特正2","110/08/05","元大-雙和",22,850,-828
"18201","00715L期街口布蘭特正2","110/08/05","國泰-板橋",521,24,497
"18202","00715L期街口布蘭特正2","110/08/05","國票-台中",25,805,-780
"18203","00715L期街口布蘭特正2","110/08/05","元大-中和",481,3,478
"18204","00715L期街口布蘭特正2","110/08/05","華南永昌-長虹",145,820,-675
"18205","00715L期街口布蘭特正2","110/08/05","元大-羅東",470,0,470
"18206","00715L期街口布蘭特正2","110/08/05","日盛-大墩",121,455,-334
"18207","00715L期街口布蘭特正2","110/08/05","群益金鼎-嘉義",483,20,463
"18208","00715L期街口布蘭特正2","110/08/05","華南永昌-斗六",52,380,-328
"18209","00715L期街口布蘭特正2","110/08/05","群益金鼎-中壢",476,30,446
"18210","00715L期街口布蘭特正2","110/08/05","康和",0,250,-250
"18211","8941關中","110/08/05","第一金-台南",1,0,1
"18212","8941關中","110/08/05","元富-宜蘭",0,2,-2
"18213","8941關中","110/08/05","康和-嘉義",1,0,1
"18214","8941關中","110/08/05","統一-南京",0,1,-1
"18215","8941關中","110/08/05","群益金鼎-延平",1,0,1
"18216","8941關中","110/08/05","合庫證券",0,0,0
"18217","8941關中","110/08/05","合庫證券",0,0,0
"18218","8941關中","110/08/05","(牛牛牛)亞-鑫豐",0,0,0
"18219","8941關中","110/08/05","(牛牛牛)亞-鑫豐",0,0,0
"18220","8941關中","110/08/05","富邦-北港",0,0,0
"18221","8941關中","110/08/05","富邦-北港",0,0,0
"18222","8941關中","110/08/05","",NA,NA,NA
"18223","8941關中","110/08/05","",NA,NA,NA
"18224","8941關中","110/08/05","",NA,NA,NA
"18225","8941關中","110/08/05","",NA,NA,NA
"18226","8941關中","110/08/05","",NA,NA,NA
"18227","8941關中","110/08/05","",NA,NA,NA
"18228","8941關中","110/08/05","",NA,NA,NA
"18229","8941關中","110/08/05","",NA,NA,NA
"18230","8941關中","110/08/05","",NA,NA,NA
"18231","8941關中","110/08/05","",NA,NA,NA
"18232","8941關中","110/08/05","",NA,NA,NA
"18233","8941關中","110/08/05","",NA,NA,NA
"18234","8941關中","110/08/05","",NA,NA,NA
"18235","8941關中","110/08/05","",NA,NA,NA
"18236","8941關中","110/08/05","",NA,NA,NA
"18237","8941關中","110/08/05","",NA,NA,NA
"18238","8941關中","110/08/05","",NA,NA,NA
"18239","8941關中","110/08/05","",NA,NA,NA
"18240","8941關中","110/08/05","",NA,NA,NA
"18241","8936國統","110/08/05","國票-敦北法人",100,0,100
"18242","8936國統","110/08/05","摩根大通",16,240,-224
"18243","8936國統","110/08/05","第一金-光復",50,0,50
"18244","8936國統","110/08/05","台新-松江",0,205,-205
"18245","8936國統","110/08/05","元大-蘆洲",45,0,45
"18246","8936國統","110/08/05","凱基-台北",1,177,-176
"18247","8936國統","110/08/05","富邦-建國",34,0,34
"18248","8936國統","110/08/05","新加坡商瑞銀",14,119,-105
"18249","8936國統","110/08/05","富邦-高雄",33,1,32
"18250","8936國統","110/08/05","凱基-市政",0,35,-35
"18251","8936國統","110/08/05","元大-敦南",30,0,30
"18252","8936國統","110/08/05","瑞士信貸",0,31,-31
"18253","8936國統","110/08/05","元大-博愛",23,0,23
"18254","8936國統","110/08/05","合庫-高雄",22,49,-27
"18255","8936國統","110/08/05","國票-長城",20,0,20
"18256","8936國統","110/08/05","港商野村",15,41,-26
"18257","8936國統","110/08/05","凱基-岡山",20,0,20
"18258","8936國統","110/08/05","富邦-陽明",1,24,-23
"18259","8936國統","110/08/05","凱基-台南",20,0,20
"18260","8936國統","110/08/05","合庫-新竹",0,22,-22
"18261","8936國統","110/08/05","富邦-中壢",21,2,19
"18262","8936國統","110/08/05","美商高盛",0,20,-20
"18263","8936國統","110/08/05","永豐金-忠孝",17,0,17
"18264","8936國統","110/08/05","元大-雙和",0,20,-20
"18265","8936國統","110/08/05","玉山-台中",16,0,16
"18266","8936國統","110/08/05","彰銀-七賢",0,18,-18
"18267","8936國統","110/08/05","兆豐-景美",15,0,15
"18268","8936國統","110/08/05","台灣企銀-台中",0,15,-15
"18269","8936國統","110/08/05","富邦-南屯",15,0,15
"18270","8936國統","110/08/05","兆豐-大同",0,15,-15
"18271","6226光鼎","110/08/05","國泰-敦南",190,90,100
"18272","6226光鼎","110/08/05","富邦-嘉義",590,964,-374
"18273","6226光鼎","110/08/05","凱基-台中",98,2,96
"18274","6226光鼎","110/08/05","日盛-員林",9,200,-191
"18275","6226光鼎","110/08/05","華南永昌-大安",95,13,82
"18276","6226光鼎","110/08/05","華南永昌",5,157,-152
"18277","6226光鼎","110/08/05","凱基-豐中",68,2,66
"18278","6226光鼎","110/08/05","國票-敦北法人",0,106,-106
"18279","6226光鼎","110/08/05","元富-西松",76,15,61
"18280","6226光鼎","110/08/05","元大-雙和",27,118,-91
"18281","6226光鼎","110/08/05","群益金鼎-土城",61,0,61
"18282","6226光鼎","110/08/05","華南永昌-南京",48,137,-89
"18283","6226光鼎","110/08/05","新光-高雄",64,4,60
"18284","6226光鼎","110/08/05","統一-新竹",37,124,-87
"18285","6226光鼎","110/08/05","宏遠-台中",67,9,58
"18286","6226光鼎","110/08/05","大昌",3,78,-75
"18287","6226光鼎","110/08/05","元大-東港",53,0,53
"18288","6226光鼎","110/08/05","凱基-台北",1,74,-73
"18289","6226光鼎","110/08/05","群益金鼎-敦南",60,10,50
"18290","6226光鼎","110/08/05","中國信託-文心",10,65,-55
"18291","6226光鼎","110/08/05","日盛-高雄",53,7,46
"18292","6226光鼎","110/08/05","台新-新莊",1,54,-53
"18293","6226光鼎","110/08/05","台新-新營",49,4,45
"18294","6226光鼎","110/08/05","台新-台中",84,135,-51
"18295","6226光鼎","110/08/05","玉山-雙和",42,2,40
"18296","6226光鼎","110/08/05","元大-嘉義",77,128,-51
"18297","6226光鼎","110/08/05","永豐金-高雄",44,8,36
"18298","6226光鼎","110/08/05","日盛-大墩",1,43,-42
"18299","6226光鼎","110/08/05","元富-花蓮",42,7,35
"18300","6226光鼎","110/08/05","日茂-埔里",0,41,-41
"18301","2363矽統","110/08/05","瑞士信貸",3345,0,3345
"18302","2363矽統","110/08/05","新加坡商瑞銀",1909,2622,-713
"18303","2363矽統","110/08/05","台灣摩根士丹利",2917,53,2864
"18304","2363矽統","110/08/05","統一-板橋",37,650,-613
"18305","2363矽統","110/08/05","摩根大通",5124,3944,1180
"18306","2363矽統","110/08/05","美商高盛",702,1245,-543
"18307","2363矽統","110/08/05","康和-台中",911,292,619
"18308","2363矽統","110/08/05","元富-西松",367,902,-535
"18309","2363矽統","110/08/05","永豐金證券",951,339,612
"18310","2363矽統","110/08/05","華南永昌-斗六",55,584,-529
"18311","2363矽統","110/08/05","群益金鼎-三民",571,106,465
"18312","2363矽統","110/08/05","美林",2987,3501,-514
"18313","2363矽統","110/08/05","國票-敦北法人",484,51,433
"18314","2363矽統","110/08/05","群益金鼎-館前",331,802,-471
"18315","2363矽統","110/08/05","陽信-石牌",624,204,420
"18316","2363矽統","110/08/05","永豐金-三重",138,571,-433
"18317","2363矽統","110/08/05","合庫證券",520,118,402
"18318","2363矽統","110/08/05","富邦-中壢",348,774,-426
"18319","2363矽統","110/08/05","元大-承德",385,70,315
"18320","2363矽統","110/08/05","北城證券",53,459,-406
"18321","2363矽統","110/08/05","新光",2366,2079,287
"18322","2363矽統","110/08/05","凱基-興隆",370,717,-347
"18323","2363矽統","110/08/05","元大證券",601,329,272
"18324","2363矽統","110/08/05","元大-屏南",132,464,-332
"18325","2363矽統","110/08/05","國泰-敦南",4481,4216,265
"18326","2363矽統","110/08/05","日盛-中和",208,531,-323
"18327","2363矽統","110/08/05","元大-台中",562,349,213
"18328","2363矽統","110/08/05","土銀",28,340,-312
"18329","2363矽統","110/08/05","富邦-台北",584,380,204
"18330","2363矽統","110/08/05","永豐金-嘉義",97,401,-304
"18331","8112至上","110/08/05","元大-竹科",858,64,794
"18332","8112至上","110/08/05","摩根大通",461,775,-314
"18333","8112至上","110/08/05","港商野村",937,361,576
"18334","8112至上","110/08/05","台灣摩根士丹利",16,272,-256
"18335","8112至上","110/08/05","康和",484,0,484
"18336","8112至上","110/08/05","高橋",3,183,-180
"18337","8112至上","110/08/05","新加坡商瑞銀",514,58,456
"18338","8112至上","110/08/05","合庫證券",19,162,-143
"18339","8112至上","110/08/05","元大-屏南",391,4,387
"18340","8112至上","110/08/05","元大-北屯",3,145,-142
"18341","8112至上","110/08/05","國票-長城",427,142,285
"18342","8112至上","110/08/05","元大-府城",14,154,-140
"18343","8112至上","110/08/05","元大-萬華",246,12,234
"18344","8112至上","110/08/05","群益金鼎-三重",0,138,-138
"18345","8112至上","110/08/05","台灣匯立證券",210,0,210
"18346","8112至上","110/08/05","富邦-台北",25,129,-104
"18347","8112至上","110/08/05","凱基-敦北",200,4,196
"18348","8112至上","110/08/05","元富-佳里",7,100,-93
"18349","8112至上","110/08/05","元大-北成功",205,17,188
"18350","8112至上","110/08/05","元富-台南",0,86,-86
"18351","8112至上","110/08/05","元大-高雄",146,14,132
"18352","8112至上","110/08/05","臺灣企銀-桃園",0,82,-82
"18353","8112至上","110/08/05","美商高盛",161,47,114
"18354","8112至上","110/08/05","玉山-嘉義",10,88,-78
"18355","8112至上","110/08/05","花旗環球",102,0,102
"18356","8112至上","110/08/05","凱基-復興",1,67,-66
"18357","8112至上","110/08/05","統一-士林",108,8,100
"18358","8112至上","110/08/05","富邦-中壢",23,89,-66
"18359","8112至上","110/08/05","新光",244,159,85
"18360","8112至上","110/08/05","元大-上新莊",1,67,-66
"18361","1570力肯","110/08/05","國票",352,0,352
"18362","1570力肯","110/08/05","國票-和平",7,402,-395
"18363","1570力肯","110/08/05","台新證券",211,87,124
"18364","1570力肯","110/08/05","摩根大通",46,335,-289
"18365","1570力肯","110/08/05","國泰-敦南",206,125,81
"18366","1570力肯","110/08/05","國票-北高雄",79,306,-227
"18367","1570力肯","110/08/05","聯邦商銀",75,0,75
"18368","1570力肯","110/08/05","統一",3,226,-223
"18369","1570力肯","110/08/05","元大-東泰",61,4,57
"18370","1570力肯","110/08/05","凱基-台北",184,366,-182
"18371","1570力肯","110/08/05","元大-桃興",113,66,47
"18372","1570力肯","110/08/05","統一-土城",89,161,-72
"18373","1570力肯","110/08/05","國泰-板橋",96,50,46
"18374","1570力肯","110/08/05","統一-屏東",0,64,-64
"18375","1570力肯","110/08/05","合庫-桃園",92,48,44
"18376","1570力肯","110/08/05","大昌-新店",9,61,-52
"18377","1570力肯","110/08/05","華南永昌-高雄",53,12,41
"18378","1570力肯","110/08/05","群益金鼎-忠孝",11,60,-49
"18379","1570力肯","110/08/05","國泰-高雄",50,14,36
"18380","1570力肯","110/08/05","臺銀-臺南",12,52,-40
"18381","1570力肯","110/08/05","國泰-台中",60,25,35
"18382","1570力肯","110/08/05","凱基-岡山",28,68,-40
"18383","1570力肯","110/08/05","富邦-仁愛",52,17,35
"18384","1570力肯","110/08/05","元大-蘆洲",8,44,-36
"18385","1570力肯","110/08/05","中國信託-忠孝",37,3,34
"18386","1570力肯","110/08/05","統一-仁愛",25,60,-35
"18387","1570力肯","110/08/05","元大-中壢",44,10,34
"18388","1570力肯","110/08/05","富邦-高雄",8,43,-35
"18389","1570力肯","110/08/05","日盛-新竹",30,0,30
"18390","1570力肯","110/08/05","大慶-蘆洲",110,142,-32
"18391","2929淘帝","110/08/05","國泰-松江",60,0,60
"18392","2929淘帝","110/08/05","摩根大通",4,87,-83
"18393","2929淘帝","110/08/05","美林",79,30,49
"18394","2929淘帝","110/08/05","日盛-南京",0,80,-80
"18395","2929淘帝","110/08/05","港商野村",87,45,42
"18396","2929淘帝","110/08/05","華南永昌-頭份",0,80,-80
"18397","2929淘帝","110/08/05","兆豐-忠孝",40,0,40
"18398","2929淘帝","110/08/05","日盛-雙和",2,57,-55
"18399","2929淘帝","110/08/05","新光-新竹",41,2,39
"18400","2929淘帝","110/08/05","台新-台中",2,33,-31
"18401","2929淘帝","110/08/05","元大-民生",31,0,31
"18402","2929淘帝","110/08/05","群益金鼎-新竹",0,30,-30
"18403","2929淘帝","110/08/05","元富-中港",28,0,28
"18404","2929淘帝","110/08/05","元大-北成功",0,30,-30
"18405","2929淘帝","110/08/05","凱基-台北",66,41,25
"18406","2929淘帝","110/08/05","元大-天母",5,30,-25
"18407","2929淘帝","110/08/05","富邦-新店",20,0,20
"18408","2929淘帝","110/08/05","元大-北港",0,25,-25
"18409","2929淘帝","110/08/05","康和-台中",15,0,15
"18410","2929淘帝","110/08/05","兆豐-彰化",0,24,-24
"18411","2929淘帝","110/08/05","華南永昌-古亭",15,0,15
"18412","2929淘帝","110/08/05","國泰-台中",1,25,-24
"18413","2929淘帝","110/08/05","日盛-景美",11,0,11
"18414","2929淘帝","110/08/05","華南永昌-大安",0,22,-22
"18415","2929淘帝","110/08/05","台新證券",11,0,11
"18416","2929淘帝","110/08/05","國泰-館前",10,31,-21
"18417","2929淘帝","110/08/05","凱基-三重",11,0,11
"18418","2929淘帝","110/08/05","元富-安南",0,20,-20
"18419","2929淘帝","110/08/05","華南永昌-竹北",11,0,11
"18420","2929淘帝","110/08/05","元大-屏南",10,30,-20
"18421","5410國眾","110/08/05","凱基-市政",40,0,40
"18422","5410國眾","110/08/05","元富-台南",0,27,-27
"18423","5410國眾","110/08/05","安泰",16,0,16
"18424","5410國眾","110/08/05","群益金鼎-內湖",0,16,-16
"18425","5410國眾","110/08/05","元大-善化",12,0,12
"18426","5410國眾","110/08/05","中農",0,15,-15
"18427","5410國眾","110/08/05","元富-同大",10,0,10
"18428","5410國眾","110/08/05","新光-台南",0,15,-15
"18429","5410國眾","110/08/05","中國信託-新竹",10,0,10
"18430","5410國眾","110/08/05","統一-平鎮",0,13,-13
"18431","5410國眾","110/08/05","元大-敦南",10,0,10
"18432","5410國眾","110/08/05","臺銀",0,11,-11
"18433","5410國眾","110/08/05","台灣企銀-太平",8,0,8
"18434","5410國眾","110/08/05","凱基-城中",0,10,-10
"18435","5410國眾","110/08/05","瑞士信貸",7,0,7
"18436","5410國眾","110/08/05","元大-崇德",0,10,-10
"18437","5410國眾","110/08/05","元富-烏日",6,0,6
"18438","5410國眾","110/08/05","元大-和平",0,10,-10
"18439","5410國眾","110/08/05","摩根大通",7,1,6
"18440","5410國眾","110/08/05","新光-台中",1,9,-8
"18441","5410國眾","110/08/05","元富-三重",11,6,5
"18442","5410國眾","110/08/05","富邦-板橋",0,6,-6
"18443","5410國眾","110/08/05","中國信託-忠孝",5,0,5
"18444","5410國眾","110/08/05","新百王",0,5,-5
"18445","5410國眾","110/08/05","凱基-復興",5,0,5
"18446","5410國眾","110/08/05","元大-大益",0,5,-5
"18447","5410國眾","110/08/05","永豐金-台中",4,0,4
"18448","5410國眾","110/08/05","永豐金-板橋",0,5,-5
"18449","5410國眾","110/08/05","元富-板橋",3,0,3
"18450","5410國眾","110/08/05","台新-中壢",0,4,-4
"18451","2841台開","110/08/05","日盛證券",201,0,201
"18452","2841台開","110/08/05","第一金-自由",0,272,-272
"18453","2841台開","110/08/05","永豐金-敦南",202,1,201
"18454","2841台開","110/08/05","瑞士信貸",0,149,-149
"18455","2841台開","110/08/05","元大-大天母",200,0,200
"18456","2841台開","110/08/05","玉山-新竹",0,131,-131
"18457","2841台開","110/08/05","永豐金-鳳山",100,0,100
"18458","2841台開","110/08/05","元富-板橋",0,125,-125
"18459","2841台開","110/08/05","台新-三民",100,1,99
"18460","2841台開","110/08/05","元大-台中中港",0,109,-109
"18461","2841台開","110/08/05","凱基-竹科",67,0,67
"18462","2841台開","110/08/05","兆豐-東門",0,100,-100
"18463","2841台開","110/08/05","國泰-敦南",44,5,39
"18464","2841台開","110/08/05","(牛牛牛)亞-鑫豐",0,97,-97
"18465","2841台開","110/08/05","元大-中壢",35,0,35
"18466","2841台開","110/08/05","元富-嘉義",0,50,-50
"18467","2841台開","110/08/05","國泰-忠孝",33,0,33
"18468","2841台開","110/08/05","新光",20,67,-47
"18469","2841台開","110/08/05","元大-新竹經國",30,0,30
"18470","2841台開","110/08/05","永豐金-豐原",3,50,-47
"18471","2841台開","110/08/05","日盛-內湖",24,0,24
"18472","2841台開","110/08/05","統一-士林",0,31,-31
"18473","2841台開","110/08/05","新光-高雄",21,0,21
"18474","2841台開","110/08/05","元大-龍潭",0,30,-30
"18475","2841台開","110/08/05","元大-林園",20,0,20
"18476","2841台開","110/08/05","新光-台南",0,27,-27
"18477","2841台開","110/08/05","元大-仁愛",20,0,20
"18478","2841台開","110/08/05","台新-台中",0,22,-22
"18479","2841台開","110/08/05","群益金鼎-崇德",18,0,18
"18480","2841台開","110/08/05","大昌-安康",0,20,-20
"18481","6207雷科","110/08/05","摩根大通",313,64,249
"18482","6207雷科","110/08/05","日盛-忠孝",2,93,-91
"18483","6207雷科","110/08/05","新加坡商瑞銀",141,6,135
"18484","6207雷科","110/08/05","凱基-復興",0,90,-90
"18485","6207雷科","110/08/05","凱基-台北",142,20,122
"18486","6207雷科","110/08/05","群益金鼎-敦南",0,67,-67
"18487","6207雷科","110/08/05","台新-高雄",111,0,111
"18488","6207雷科","110/08/05","元大-鳳山",11,73,-62
"18489","6207雷科","110/08/05","瑞士信貸",58,0,58
"18490","6207雷科","110/08/05","群益金鼎-東門",0,56,-56
"18491","6207雷科","110/08/05","美林",45,0,45
"18492","6207雷科","110/08/05","元富-同大",1,41,-40
"18493","6207雷科","110/08/05","凱基-板橋",46,1,45
"18494","6207雷科","110/08/05","群益金鼎-屏東",1,41,-40
"18495","6207雷科","110/08/05","美商高盛",37,0,37
"18496","6207雷科","110/08/05","群益金鼎-延平",0,40,-40
"18497","6207雷科","110/08/05","凱基-三多",30,0,30
"18498","6207雷科","110/08/05","群益金鼎-瑞豐",1,33,-32
"18499","6207雷科","110/08/05","永豐金-虎尾",29,0,29
"18500","6207雷科","110/08/05","日盛證券",0,30,-30
"18501","6207雷科","110/08/05","第一金-中山",21,1,20
"18502","6207雷科","110/08/05","臺銀",1,30,-29
"18503","6207雷科","110/08/05","華南永昌-林口",20,0,20
"18504","6207雷科","110/08/05","群益金鼎-古亭",0,26,-26
"18505","6207雷科","110/08/05","兆豐-公益",18,0,18
"18506","6207雷科","110/08/05","凱基-高雄",4,30,-26
"18507","6207雷科","110/08/05","港商野村",62,46,16
"18508","6207雷科","110/08/05","富邦-竹東",0,25,-25
"18509","6207雷科","110/08/05","華南永昌-南京",16,0,16
"18510","6207雷科","110/08/05","元大-台中中港",2,25,-23
"18511","3679新至陞","110/08/05","新光",13,0,13
"18512","3679新至陞","110/08/05","凱基-台北",1,13,-12
"18513","3679新至陞","110/08/05","華南永昌-麻豆",3,0,3
"18514","3679新至陞","110/08/05","台灣摩根士丹利",0,5,-5
"18515","3679新至陞","110/08/05","臺灣企銀-埔墘",2,0,2
"18516","3679新至陞","110/08/05","元大-成功",0,5,-5
"18517","3679新至陞","110/08/05","彰銀",2,0,2
"18518","3679新至陞","110/08/05","元大證券",0,3,-3
"18519","3679新至陞","110/08/05","永全-南崁",2,0,2
"18520","3679新至陞","110/08/05","新加坡商瑞銀",0,2,-2
"18521","3679新至陞","110/08/05","群益金鼎",2,0,2
"18522","3679新至陞","110/08/05","摩根大通",0,2,-2
"18523","3679新至陞","110/08/05","富邦-三重",2,0,2
"18524","3679新至陞","110/08/05","國泰-館前",0,2,-2
"18525","3679新至陞","110/08/05","永豐金-敦北",2,0,2
"18526","3679新至陞","110/08/05","凱基-東港",0,2,-2
"18527","3679新至陞","110/08/05","臺銀-新竹",1,0,1
"18528","3679新至陞","110/08/05","元大-竹北",0,2,-2
"18529","3679新至陞","110/08/05","第一金-新興",1,0,1
"18530","3679新至陞","110/08/05","日盛-嘉義",0,1,-1
"18531","3679新至陞","110/08/05","統一-宜蘭",1,0,1
"18532","3679新至陞","110/08/05","美商高盛",1,2,-1
"18533","3679新至陞","110/08/05","元富-同大",1,0,1
"18534","3679新至陞","110/08/05","港商野村",0,1,-1
"18535","3679新至陞","110/08/05","中國信託-新竹",1,0,1
"18536","3679新至陞","110/08/05","第一金-員林",0,1,-1
"18537","3679新至陞","110/08/05","兆豐-民生",1,0,1
"18538","3679新至陞","110/08/05","統一-中壢",0,1,-1
"18539","3679新至陞","110/08/05","國泰-新莊",1,0,1
"18540","3679新至陞","110/08/05","統一-新竹",0,1,-1
"18541","2727王品","110/08/05","港商野村",68,43,25
"18542","2727王品","110/08/05","元富-宜蘭",6,96,-90
"18543","2727王品","110/08/05","花旗環球",24,0,24
"18544","2727王品","110/08/05","凱基-市政",1,89,-88
"18545","2727王品","110/08/05","新光",42,19,23
"18546","2727王品","110/08/05","群益金鼎-宜蘭",4,89,-85
"18547","2727王品","110/08/05","永豐金-忠孝",21,0,21
"18548","2727王品","110/08/05","永豐金-大園",4,66,-62
"18549","2727王品","110/08/05","凱基-埔墘",15,0,15
"18550","2727王品","110/08/05","康和-澎湖",1,60,-59
"18551","2727王品","110/08/05","新光-桃園",17,3,14
"18552","2727王品","110/08/05","日盛-八德",1,33,-32
"18553","2727王品","110/08/05","日盛-忠孝",16,3,13
"18554","2727王品","110/08/05","元大-桃園",0,29,-29
"18555","2727王品","110/08/05","統一",28,15,13
"18556","2727王品","110/08/05","凱基-竹科",4,31,-27
"18557","2727王品","110/08/05","富邦-員林",15,2,13
"18558","2727王品","110/08/05","富邦-新店",2,29,-27
"18559","2727王品","110/08/05","永豐金-桃盛",16,3,13
"18560","2727王品","110/08/05","兆豐-小港",2,26,-24
"18561","2727王品","110/08/05","元富-屏東",12,0,12
"18562","2727王品","110/08/05","華南永昌",6,25,-19
"18563","2727王品","110/08/05","凱基-台北",52,40,12
"18564","2727王品","110/08/05","台灣摩根士丹利",15,32,-17
"18565","2727王品","110/08/05","永豐金-彰化",12,0,12
"18566","2727王品","110/08/05","凱基-天母",0,15,-15
"18567","2727王品","110/08/05","美林",11,0,11
"18568","2727王品","110/08/05","富邦證券",0,15,-15
"18569","2727王品","110/08/05","群益金鼎-崇德",10,0,10
"18570","2727王品","110/08/05","永豐金證券",1,13,-12
"18571","1570力肯","110/08/05","國票",352,0,352
"18572","1570力肯","110/08/05","國票-和平",7,402,-395
"18573","1570力肯","110/08/05","台新證券",211,87,124
"18574","1570力肯","110/08/05","摩根大通",46,335,-289
"18575","1570力肯","110/08/05","國泰-敦南",206,125,81
"18576","1570力肯","110/08/05","國票-北高雄",79,306,-227
"18577","1570力肯","110/08/05","聯邦商銀",75,0,75
"18578","1570力肯","110/08/05","統一",3,226,-223
"18579","1570力肯","110/08/05","元大-東泰",61,4,57
"18580","1570力肯","110/08/05","凱基-台北",184,366,-182
"18581","1570力肯","110/08/05","元大-桃興",113,66,47
"18582","1570力肯","110/08/05","統一-土城",89,161,-72
"18583","1570力肯","110/08/05","國泰-板橋",96,50,46
"18584","1570力肯","110/08/05","統一-屏東",0,64,-64
"18585","1570力肯","110/08/05","合庫-桃園",92,48,44
"18586","1570力肯","110/08/05","大昌-新店",9,61,-52
"18587","1570力肯","110/08/05","華南永昌-高雄",53,12,41
"18588","1570力肯","110/08/05","群益金鼎-忠孝",11,60,-49
"18589","1570力肯","110/08/05","國泰-高雄",50,14,36
"18590","1570力肯","110/08/05","臺銀-臺南",12,52,-40
"18591","1570力肯","110/08/05","國泰-台中",60,25,35
"18592","1570力肯","110/08/05","凱基-岡山",28,68,-40
"18593","1570力肯","110/08/05","富邦-仁愛",52,17,35
"18594","1570力肯","110/08/05","元大-蘆洲",8,44,-36
"18595","1570力肯","110/08/05","中國信託-忠孝",37,3,34
"18596","1570力肯","110/08/05","統一-仁愛",25,60,-35
"18597","1570力肯","110/08/05","元大-中壢",44,10,34
"18598","1570力肯","110/08/05","富邦-高雄",8,43,-35
"18599","1570力肯","110/08/05","日盛-新竹",30,0,30
"18600","1570力肯","110/08/05","大慶-蘆洲",110,142,-32
"18601","6180橘子","110/08/05","永豐金-松山",51,0,51
"18602","6180橘子","110/08/05","凱基-板橋",0,80,-80
"18603","6180橘子","110/08/05","新光",40,2,38
"18604","6180橘子","110/08/05","康和-高雄",0,40,-40
"18605","6180橘子","110/08/05","兆豐證券",33,0,33
"18606","6180橘子","110/08/05","合庫-鳳山",0,32,-32
"18607","6180橘子","110/08/05","中國信託-文心",15,0,15
"18608","6180橘子","110/08/05","日盛-頭份",1,24,-23
"18609","6180橘子","110/08/05","富邦-陽明",15,0,15
"18610","6180橘子","110/08/05","兆豐-新營",0,22,-22
"18611","6180橘子","110/08/05","元大-龍潭",11,0,11
"18612","6180橘子","110/08/05","元大-福營",0,20,-20
"18613","6180橘子","110/08/05","日盛-新竹",10,0,10
"18614","6180橘子","110/08/05","新加坡商瑞銀",0,19,-19
"18615","6180橘子","110/08/05","凱基-汐止",10,0,10
"18616","6180橘子","110/08/05","永豐金-新竹",0,17,-17
"18617","6180橘子","110/08/05","元大-中壢",10,1,9
"18618","6180橘子","110/08/05","第一金-新興",1,16,-15
"18619","6180橘子","110/08/05","元富-潮州",8,0,8
"18620","6180橘子","110/08/05","凱基-中壢",0,12,-12
"18621","6180橘子","110/08/05","大慶",7,0,7
"18622","6180橘子","110/08/05","光和",0,10,-10
"18623","6180橘子","110/08/05","台新證券",7,0,7
"18624","6180橘子","110/08/05","統一-中壢",0,9,-9
"18625","6180橘子","110/08/05","聯邦-雙和",7,0,7
"18626","6180橘子","110/08/05","富邦-基隆",0,9,-9
"18627","6180橘子","110/08/05","元大證券",7,0,7
"18628","6180橘子","110/08/05","台灣摩根士丹利",0,8,-8
"18629","6180橘子","110/08/05","國泰-新莊",6,0,6
"18630","6180橘子","110/08/05","康和-仁愛",0,8,-8
"18631","2390云辰","110/08/05","日盛證券",100,0,100
"18632","2390云辰","110/08/05","摩根大通",45,525,-480
"18633","2390云辰","110/08/05","兆豐-岡山",63,0,63
"18634","2390云辰","110/08/05","統一-新台中",62,177,-115
"18635","2390云辰","110/08/05","凱基-基隆",65,10,55
"18636","2390云辰","110/08/05","富邦-中壢",0,81,-81
"18637","2390云辰","110/08/05","凱基-中壢",52,3,49
"18638","2390云辰","110/08/05","元大-大甲",3,73,-70
"18639","2390云辰","110/08/05","台新-左楠",30,0,30
"18640","2390云辰","110/08/05","元大-樹林",16,53,-37
"18641","2390云辰","110/08/05","富邦-台北",33,6,27
"18642","2390云辰","110/08/05","元富-大裕",17,46,-29
"18643","2390云辰","110/08/05","統一-中壢",27,1,26
"18644","2390云辰","110/08/05","凱基-台中",1,30,-29
"18645","2390云辰","110/08/05","元大-和平",47,22,25
"18646","2390云辰","110/08/05","大慶-蘆洲",2,30,-28
"18647","2390云辰","110/08/05","統一-士林",26,2,24
"18648","2390云辰","110/08/05","元大-大統",3,31,-28
"18649","2390云辰","110/08/05","富邦-新營",23,0,23
"18650","2390云辰","110/08/05","臺銀-金山",1,27,-26
"18651","2390云辰","110/08/05","元大-景美",22,1,21
"18652","2390云辰","110/08/05","國泰-台中",0,23,-23
"18653","2390云辰","110/08/05","合庫-嘉義",20,0,20
"18654","2390云辰","110/08/05","富邦-岡山",0,23,-23
"18655","2390云辰","110/08/05","台灣企銀-嘉義",20,0,20
"18656","2390云辰","110/08/05","元大-土城學府",24,47,-23
"18657","2390云辰","110/08/05","日盛-板橋",21,1,20
"18658","2390云辰","110/08/05","台新-台中",28,50,-22
"18659","2390云辰","110/08/05","凱基-竹科",28,8,20
"18660","2390云辰","110/08/05","群益金鼎-鳳山",0,21,-21
"18661","1471首利","110/08/04","玉山-桃園",51,0,51
"18662","1471首利","110/08/04","國票-九鼎",0,60,-60
"18663","1471首利","110/08/04","華南永昌-潮州",50,1,49
"18664","1471首利","110/08/04","日盛-士林",0,20,-20
"18665","1471首利","110/08/04","瑞士信貸",33,3,30
"18666","1471首利","110/08/04","元大-博愛",4,24,-20
"18667","1471首利","110/08/04","兆豐-板橋",20,0,20
"18668","1471首利","110/08/04","群益金鼎-台中",1,20,-19
"18669","1471首利","110/08/04","兆豐-台中港",30,13,17
"18670","1471首利","110/08/04","國泰-高雄",0,16,-16
"18671","1471首利","110/08/04","富邦-基隆",16,0,16
"18672","1471首利","110/08/04","元大-台南",1,17,-16
"18673","1471首利","110/08/04","美林",15,0,15
"18674","1471首利","110/08/04","國泰-敦南",18,32,-14
"18675","1471首利","110/08/04","永豐金-員林",12,0,12
"18676","1471首利","110/08/04","新光",21,33,-12
"18677","1471首利","110/08/04","第一金-台南",11,0,11
"18678","1471首利","110/08/04","凱基-土城",0,12,-12
"18679","1471首利","110/08/04","德信-中正",12,1,11
"18680","1471首利","110/08/04","合庫-高雄",0,10,-10
"18681","1471首利","110/08/04","合庫-台中",10,0,10
"18682","1471首利","110/08/04","元富-宜蘭",0,10,-10
"18683","1471首利","110/08/04","國泰-新莊",10,0,10
"18684","1471首利","110/08/04","國泰-板橋",0,10,-10
"18685","1471首利","110/08/04","富邦-桃園",10,0,10
"18686","1471首利","110/08/04","群益金鼎-鳳山",0,10,-10
"18687","1471首利","110/08/04","元大-苗栗",10,0,10
"18688","1471首利","110/08/04","元大-東泰",0,10,-10
"18689","1471首利","110/08/04","玉山-左營",10,1,9
"18690","1471首利","110/08/04","元大-林園",0,10,-10
"18691","2883開發金","110/08/04","國泰證券",3650,0,3650
"18692","2883開發金","110/08/04","康和-仁愛",3,1737,-1734
"18693","2883開發金","110/08/04","統一",2763,29,2734
"18694","2883開發金","110/08/04","新加坡商瑞銀",356,1472,-1116
"18695","2883開發金","110/08/04","凱基-台北",2041,429,1612
"18696","2883開發金","110/08/04","豐農",5,1025,-1020
"18697","2883開發金","110/08/04","元富-城東",1602,26,1576
"18698","2883開發金","110/08/04","富邦-建國",271,1004,-733
"18699","2883開發金","110/08/04","元富",1190,0,1190
"18700","2883開發金","110/08/04","元大-北成功",6,608,-602
"18701","2883開發金","110/08/04","美商高盛",1033,355,678
"18702","2883開發金","110/08/04","台灣摩根士丹利",573,1019,-446
"18703","2883開發金","110/08/04","康和",661,6,655
"18704","2883開發金","110/08/04","台新-中壢",2,431,-429
"18705","2883開發金","110/08/04","國票-長城",504,8,496
"18706","2883開發金","110/08/04","凱基-和平",1,400,-399
"18707","2883開發金","110/08/04","元大-大灣",734,304,430
"18708","2883開發金","110/08/04","元大-蘆洲",7,370,-363
"18709","2883開發金","110/08/04","永豐金-板橋",500,100,400
"18710","2883開發金","110/08/04","元大-民生",10,370,-360
"18711","2883開發金","110/08/04","永豐金-台南",389,11,378
"18712","2883開發金","110/08/04","中國信託-中壢",1,321,-320
"18713","2883開發金","110/08/04","日盛證券",608,255,353
"18714","2883開發金","110/08/04","港商法國興業",0,291,-291
"18715","2883開發金","110/08/04","花旗環球",343,0,343
"18716","2883開發金","110/08/04","日盛-北高雄",20,309,-289
"18717","2883開發金","110/08/04","瑞士信貸",462,121,341
"18718","2883開發金","110/08/04","日盛-花蓮",11,250,-239
"18719","2883開發金","110/08/04","凱基",320,0,320
"18720","2883開發金","110/08/04","群益金鼎-東湖",10,243,-233
"18721","6205詮欣","110/08/04","摩根大通",18,0,18
"18722","6205詮欣","110/08/04","永豐金-敦南",16,36,-20
"18723","6205詮欣","110/08/04","臺銀-民權",5,0,5
"18724","6205詮欣","110/08/04","瑞士信貸",6,10,-4
"18725","6205詮欣","110/08/04","凱基-台北",4,0,4
"18726","6205詮欣","110/08/04","致和-高雄",0,4,-4
"18727","6205詮欣","110/08/04","元富-潮州",3,0,3
"18728","6205詮欣","110/08/04","群益金鼎-台南",0,3,-3
"18729","6205詮欣","110/08/04","台中銀",3,0,3
"18730","6205詮欣","110/08/04","元大-路竹",0,3,-3
"18731","6205詮欣","110/08/04","華南永昌",3,0,3
"18732","6205詮欣","110/08/04","元大-北成功",0,3,-3
"18733","6205詮欣","110/08/04","美林",2,0,2
"18734","6205詮欣","110/08/04","凱基-東門",0,2,-2
"18735","6205詮欣","110/08/04","元富-新店",2,0,2
"18736","6205詮欣","110/08/04","凱基-基隆",0,2,-2
"18737","6205詮欣","110/08/04","元大-羅東",2,0,2
"18738","6205詮欣","110/08/04","凱基-大安",0,2,-2
"18739","6205詮欣","110/08/04","元大-館前",2,0,2
"18740","6205詮欣","110/08/04","元大-土城學府",0,2,-2
"18741","6205詮欣","110/08/04","元大-楊梅",2,0,2
"18742","6205詮欣","110/08/04","元大-民生",0,2,-2
"18743","6205詮欣","110/08/04","元大-信義",2,0,2
"18744","6205詮欣","110/08/04","日盛-八德",0,1,-1
"18745","6205詮欣","110/08/04","永豐金-埔里",2,0,2
"18746","6205詮欣","110/08/04","宏遠-高雄",0,1,-1
"18747","6205詮欣","110/08/04","日盛-板橋",1,0,1
"18748","6205詮欣","110/08/04","新加坡商瑞銀",0,1,-1
"18749","6205詮欣","110/08/04","日盛-木柵",1,0,1
"18750","6205詮欣","110/08/04","第一金-華江",0,1,-1
"18751","1540喬福","110/08/04","元富-中原",58,0,58
"18752","1540喬福","110/08/04","元大-大天母",0,60,-60
"18753","1540喬福","110/08/04","(牛牛牛)亞-鑫豐",26,0,26
"18754","1540喬福","110/08/04","統一-新台中",0,18,-18
"18755","1540喬福","110/08/04","國泰-敦南",10,0,10
"18756","1540喬福","110/08/04","群益金鼎-士林",0,7,-7
"18757","1540喬福","110/08/04","富邦-南屯",10,0,10
"18758","1540喬福","110/08/04","兆豐-北高雄",0,6,-6
"18759","1540喬福","110/08/04","兆豐-鹿港",3,0,3
"18760","1540喬福","110/08/04","凱基-市政",0,5,-5
"18761","1540喬福","110/08/04","元大-土城永寧",2,0,2
"18762","1540喬福","110/08/04","亞東-高雄",0,4,-4
"18763","1540喬福","110/08/04","第一金-桃園",1,0,1
"18764","1540喬福","110/08/04","永豐金-大園",0,4,-4
"18765","1540喬福","110/08/04","兆豐-高雄",1,0,1
"18766","1540喬福","110/08/04","永豐金-豐原",0,2,-2
"18767","1540喬福","110/08/04","元大-苑裡",1,0,1
"18768","1540喬福","110/08/04","兆豐-三重",0,1,-1
"18769","1540喬福","110/08/04","臺銀-鳳山",0,0,0
"18770","1540喬福","110/08/04","致和-南京",0,1,-1
"18771","1540喬福","110/08/04","大慶",0,0,0
"18772","1540喬福","110/08/04","國票-嘉義",0,1,-1
"18773","1540喬福","110/08/04","元富-信義",0,0,0
"18774","1540喬福","110/08/04","兆豐-嘉義",0,1,-1
"18775","1540喬福","110/08/04","德信-新營",1,1,0
"18776","1540喬福","110/08/04","華南永昌-林口",0,1,-1
"18777","1540喬福","110/08/04","國票-台中",1,1,0
"18778","1540喬福","110/08/04","華南永昌-潮州",0,1,-1
"18779","1540喬福","110/08/04","康和-板橋",0,0,0
"18780","1540喬福","110/08/04","國票-台中",1,1,0
"18781","2888新光金","110/08/04","港商麥格理",2490,0,2490
"18782","2888新光金","110/08/04","永豐金-苓雅",2,1543,-1541
"18783","2888新光金","110/08/04","凱基-八德",1000,1,999
"18784","2888新光金","110/08/04","美商高盛",196,1441,-1245
"18785","2888新光金","110/08/04","新光",1122,247,875
"18786","2888新光金","110/08/04","台灣摩根士丹利",724,1776,-1052
"18787","2888新光金","110/08/04","國票-桃園",1200,402,798
"18788","2888新光金","110/08/04","摩根大通",616,1665,-1049
"18789","2888新光金","110/08/04","華南永昌-南京",759,36,723
"18790","2888新光金","110/08/04","康和-台中",0,680,-680
"18791","2888新光金","110/08/04","港商法國興業",568,0,568
"18792","2888新光金","110/08/04","群益金鼎-高雄",0,533,-533
"18793","2888新光金","110/08/04","花旗環球",559,0,559
"18794","2888新光金","110/08/04","亞東",34,531,-497
"18795","2888新光金","110/08/04","法銀巴黎",801,242,559
"18796","2888新光金","110/08/04","群益金鼎-土城",25,464,-439
"18797","2888新光金","110/08/04","凱基-台北",889,355,534
"18798","2888新光金","110/08/04","國票-北高雄",2,425,-423
"18799","2888新光金","110/08/04","統一-松江",500,0,500
"18800","2888新光金","110/08/04","凱基-台南",0,400,-400
"18801","2888新光金","110/08/04","華南永昌-長虹",345,0,345
"18802","2888新光金","110/08/04","新加坡商瑞銀",128,486,-358
"18803","2888新光金","110/08/04","美林",884,551,333
"18804","2888新光金","110/08/04","統一-屏東",0,344,-344
"18805","2888新光金","110/08/04","群益金鼎-中壢",301,3,298
"18806","2888新光金","110/08/04","統一-宜蘭",8,326,-318
"18807","2888新光金","110/08/04","群益金鼎",278,0,278
"18808","2888新光金","110/08/04","群益金鼎-萬華",0,284,-284
"18809","2888新光金","110/08/04","元大-北投",249,5,244
"18810","2888新光金","110/08/04","富邦-仁愛",10,276,-266
"18811","1340勝悅","110/08/04","第一金-新竹",10,0,10
"18812","1340勝悅","110/08/04","中國信託",0,23,-23
"18813","1340勝悅","110/08/04","凱基-虎尾",8,0,8
"18814","1340勝悅","110/08/04","永豐金-潮州",0,19,-19
"18815","1340勝悅","110/08/04","凱基-台中",6,0,6
"18816","1340勝悅","110/08/04","元富-花蓮",0,10,-10
"18817","1340勝悅","110/08/04","臺灣企銀-埔墘",5,0,5
"18818","1340勝悅","110/08/04","中國信託-永康",0,10,-10
"18819","1340勝悅","110/08/04","第一金",5,0,5
"18820","1340勝悅","110/08/04","第一金-中壢",0,7,-7
"18821","1340勝悅","110/08/04","凱基-八德",5,0,5
"18822","1340勝悅","110/08/04","高橋-中壢",0,5,-5
"18823","1340勝悅","110/08/04","永豐金-博愛",5,0,5
"18824","1340勝悅","110/08/04","富邦-新店",0,5,-5
"18825","1340勝悅","110/08/04","摩根大通",6,2,4
"18826","1340勝悅","110/08/04","台新-高雄",0,4,-4
"18827","1340勝悅","110/08/04","凱基-三重",4,0,4
"18828","1340勝悅","110/08/04","新光",0,4,-4
"18829","1340勝悅","110/08/04","統一-城中",7,4,3
"18830","1340勝悅","110/08/04","兆豐-松德",0,2,-2
"18831","1340勝悅","110/08/04","群益金鼎-館前",3,0,3
"18832","1340勝悅","110/08/04","凱基-嘉義",0,2,-2
"18833","1340勝悅","110/08/04","元大-南京",3,0,3
"18834","1340勝悅","110/08/04","富邦-宜蘭",0,2,-2
"18835","1340勝悅","110/08/04","瑞士信貸",2,0,2
"18836","1340勝悅","110/08/04","永豐金-永康",0,2,-2
"18837","1340勝悅","110/08/04","大慶-富順",2,0,2
"18838","1340勝悅","110/08/04","永豐金-嘉義",0,2,-2
"18839","1340勝悅","110/08/04","國泰-高雄",2,0,2
"18840","1340勝悅","110/08/04","玉山證券",0,1,-1
"18841","6246臺龍","110/08/04","統一",347,0,347
"18842","6246臺龍","110/08/04","大慶-富順",0,168,-168
"18843","6246臺龍","110/08/04","元大-西螺",30,0,30
"18844","6246臺龍","110/08/04","元大-善化",1,91,-90
"18845","6246臺龍","110/08/04","華南永昌-嘉義",26,0,26
"18846","6246臺龍","110/08/04","新光-高雄",2,75,-73
"18847","6246臺龍","110/08/04","中國信託-永康",31,9,22
"18848","6246臺龍","110/08/04","元大-永春",1,40,-39
"18849","6246臺龍","110/08/04","元大-西屯",25,4,21
"18850","6246臺龍","110/08/04","元大-基隆孝二",1,35,-34
"18851","6246臺龍","110/08/04","凱基-竹科",23,3,20
"18852","6246臺龍","110/08/04","凱基-復興",10,43,-33
"18853","6246臺龍","110/08/04","凱基-大直",19,0,19
"18854","6246臺龍","110/08/04","國泰-台中",3,34,-31
"18855","6246臺龍","110/08/04","第一金-台南",18,0,18
"18856","6246臺龍","110/08/04","統一-屏東",0,26,-26
"18857","6246臺龍","110/08/04","萬泰",15,0,15
"18858","6246臺龍","110/08/04","台灣企銀-台南",1,25,-24
"18859","6246臺龍","110/08/04","華南永昌-台中",15,0,15
"18860","6246臺龍","110/08/04","宏遠-民生",0,22,-22
"18861","6246臺龍","110/08/04","凱基-板橋",13,0,13
"18862","6246臺龍","110/08/04","兆豐-來福",0,20,-20
"18863","6246臺龍","110/08/04","宏遠-高雄",12,0,12
"18864","6246臺龍","110/08/04","永豐金-市政",0,17,-17
"18865","6246臺龍","110/08/04","新光-台中",11,0,11
"18866","6246臺龍","110/08/04","台新-台中",5,21,-16
"18867","6246臺龍","110/08/04","玉山證券",13,2,11
"18868","6246臺龍","110/08/04","華南永昌-彰化",1,16,-15
"18869","6246臺龍","110/08/04","永豐金-高雄",12,1,11
"18870","6246臺龍","110/08/04","元大-博愛",13,28,-15
"18871","00715L期街口布蘭特正2","110/08/04","宏遠-高雄",1056,0,1056
"18872","00715L期街口布蘭特正2","110/08/04","元大證券",1348,7345,-5997
"18873","00715L期街口布蘭特正2","110/08/04","凱基-豐中",576,0,576
"18874","00715L期街口布蘭特正2","110/08/04","凱基-台北",37,5749,-5712
"18875","00715L期街口布蘭特正2","110/08/04","富邦-基隆",467,0,467
"18876","00715L期街口布蘭特正2","110/08/04","富邦證券",253,2075,-1822
"18877","00715L期街口布蘭特正2","110/08/04","國泰-板橋",470,30,440
"18878","00715L期街口布蘭特正2","110/08/04","第一金-頭份",11,400,-389
"18879","00715L期街口布蘭特正2","110/08/04","統一-高雄",358,3,355
"18880","00715L期街口布蘭特正2","110/08/04","富邦-永和",4,376,-372
"18881","00715L期街口布蘭特正2","110/08/04","中國信託-永康",219,1,218
"18882","00715L期街口布蘭特正2","110/08/04","永豐金-新店",0,370,-370
"18883","00715L期街口布蘭特正2","110/08/04","元大-中和",217,0,217
"18884","00715L期街口布蘭特正2","110/08/04","元富",53,412,-359
"18885","00715L期街口布蘭特正2","110/08/04","日盛-花蓮",201,1,200
"18886","00715L期街口布蘭特正2","110/08/04","臺銀-民權",15,366,-351
"18887","00715L期街口布蘭特正2","110/08/04","元大-中壢",201,12,189
"18888","00715L期街口布蘭特正2","110/08/04","兆豐-新莊",0,300,-300
"18889","00715L期街口布蘭特正2","110/08/04","宏遠-桃園",190,2,188
"18890","00715L期街口布蘭特正2","110/08/04","大昌-新店",17,300,-283
"18891","00715L期街口布蘭特正2","110/08/04","玉山-大里",182,0,182
"18892","00715L期街口布蘭特正2","110/08/04","元大-西螺",87,303,-216
"18893","00715L期街口布蘭特正2","110/08/04","新光",258,80,178
"18894","00715L期街口布蘭特正2","110/08/04","華南永昌-高雄",7,206,-199
"18895","00715L期街口布蘭特正2","110/08/04","元大-花蓮",178,0,178
"18896","00715L期街口布蘭特正2","110/08/04","國票-台中",8,200,-192
"18897","00715L期街口布蘭特正2","110/08/04","新光-台中",242,68,174
"18898","00715L期街口布蘭特正2","110/08/04","群益金鼎-鳳山",12,174,-162
"18899","00715L期街口布蘭特正2","110/08/04","(牛牛牛)亞-網路",166,0,166
"18900","00715L期街口布蘭特正2","110/08/04","國泰-台南",8,150,-142
"18901","8941關中","110/08/04","宏遠-館前",3,0,3
"18902","8941關中","110/08/04","元大-基隆",0,3,-3
"18903","8941關中","110/08/04","日盛-和美",1,0,1
"18904","8941關中","110/08/04","富邦-員林",0,2,-2
"18905","8941關中","110/08/04","元大-華山",1,0,1
"18906","8941關中","110/08/04","新光-高雄",0,0,0
"18907","8941關中","110/08/04","新光-高雄",0,0,0
"18908","8941關中","110/08/04","國泰-高雄",0,0,0
"18909","8941關中","110/08/04","國泰-高雄",0,0,0
"18910","8941關中","110/08/04","富邦-建國",0,0,0
"18911","8941關中","110/08/04","富邦-建國",0,0,0
"18912","8941關中","110/08/04","元大-西屯",0,0,0
"18913","8941關中","110/08/04","元大-西屯",0,0,0
"18914","8941關中","110/08/04","元大-花蓮",0,0,0
"18915","8941關中","110/08/04","元大-花蓮",0,0,0
"18916","8941關中","110/08/04","永豐金-萬盛",0,0,0
"18917","8941關中","110/08/04","永豐金-萬盛",0,0,0
"18918","8941關中","110/08/04","",NA,NA,NA
"18919","8941關中","110/08/04","",NA,NA,NA
"18920","8941關中","110/08/04","",NA,NA,NA
"18921","8941關中","110/08/04","",NA,NA,NA
"18922","8941關中","110/08/04","",NA,NA,NA
"18923","8941關中","110/08/04","",NA,NA,NA
"18924","8941關中","110/08/04","",NA,NA,NA
"18925","8941關中","110/08/04","",NA,NA,NA
"18926","8941關中","110/08/04","",NA,NA,NA
"18927","8941關中","110/08/04","",NA,NA,NA
"18928","8941關中","110/08/04","",NA,NA,NA
"18929","8941關中","110/08/04","",NA,NA,NA
"18930","8941關中","110/08/04","",NA,NA,NA
"18931","8936國統","110/08/04","第一金-光復",120,0,120
"18932","8936國統","110/08/04","兆豐-彰化",0,61,-61
"18933","8936國統","110/08/04","美林",99,3,96
"18934","8936國統","110/08/04","凱基-台北",4,56,-52
"18935","8936國統","110/08/04","華南永昌-楠梓",70,5,65
"18936","8936國統","110/08/04","凱基-內埔",0,50,-50
"18937","8936國統","110/08/04","永豐金-高雄",62,0,62
"18938","8936國統","110/08/04","台灣摩根士丹利",0,42,-42
"18939","8936國統","110/08/04","國票-台南",60,0,60
"18940","8936國統","110/08/04","永豐金-苓雅",1,40,-39
"18941","8936國統","110/08/04","永豐金-台中",30,0,30
"18942","8936國統","110/08/04","群益金鼎-內湖",0,30,-30
"18943","8936國統","110/08/04","第一金-豐原",20,0,20
"18944","8936國統","110/08/04","國票-北高雄",0,20,-20
"18945","8936國統","110/08/04","玉山-高雄",13,0,13
"18946","8936國統","110/08/04","宏遠-館前",0,19,-19
"18947","8936國統","110/08/04","元大-莒光",11,0,11
"18948","8936國統","110/08/04","美商高盛",3,22,-19
"18949","8936國統","110/08/04","亞東-高雄",10,0,10
"18950","8936國統","110/08/04","元大-大里德芳",4,21,-17
"18951","8936國統","110/08/04","第一金-路竹",10,0,10
"18952","8936國統","110/08/04","第一金-高雄",0,14,-14
"18953","8936國統","110/08/04","新光-台中",8,1,7
"18954","8936國統","110/08/04","日盛-竹北",0,12,-12
"18955","8936國統","110/08/04","統一-三多",5,0,5
"18956","8936國統","110/08/04","亞東",0,12,-12
"18957","8936國統","110/08/04","國票-內壢",5,0,5
"18958","8936國統","110/08/04","摩根大通",32,44,-12
"18959","8936國統","110/08/04","新光",10,5,5
"18960","8936國統","110/08/04","第一金-嘉義",0,10,-10
"18961","6226光鼎","110/08/04","富邦-嘉義",1247,573,674
"18962","6226光鼎","110/08/04","國泰-敦南",89,234,-145
"18963","6226光鼎","110/08/04","永豐金-桃盛",205,0,205
"18964","6226光鼎","110/08/04","日盛-嘉義",0,131,-131
"18965","6226光鼎","110/08/04","台新-左楠",120,1,119
"18966","6226光鼎","110/08/04","群益金鼎-東大",35,150,-115
"18967","6226光鼎","110/08/04","群益金鼎-敦南",127,8,119
"18968","6226光鼎","110/08/04","台中銀-員林",0,101,-101
"18969","6226光鼎","110/08/04","台灣摩根士丹利",135,55,80
"18970","6226光鼎","110/08/04","玉山-雙和",2,97,-95
"18971","6226光鼎","110/08/04","華南永昌-南京",89,14,75
"18972","6226光鼎","110/08/04","台新證券",76,167,-91
"18973","6226光鼎","110/08/04","台新-台中",101,32,69
"18974","6226光鼎","110/08/04","華南永昌-頭份",7,86,-79
"18975","6226光鼎","110/08/04","宏遠-台中",60,3,57
"18976","6226光鼎","110/08/04","高橋",0,70,-70
"18977","6226光鼎","110/08/04","大昌",79,26,53
"18978","6226光鼎","110/08/04","國泰-館前",18,62,-44
"18979","6226光鼎","110/08/04","台新-新莊",54,2,52
"18980","6226光鼎","110/08/04","凱基-永和",0,43,-43
"18981","6226光鼎","110/08/04","群益金鼎-三民",51,3,48
"18982","6226光鼎","110/08/04","日盛-景美",0,38,-38
"18983","6226光鼎","110/08/04","中國信託-永康",62,18,44
"18984","6226光鼎","110/08/04","華南永昌-高雄",9,47,-38
"18985","6226光鼎","110/08/04","國票-台中",45,2,43
"18986","6226光鼎","110/08/04","元大-太平",6,44,-38
"18987","6226光鼎","110/08/04","統一-士林",44,4,40
"18988","6226光鼎","110/08/04","元大-北投",0,37,-37
"18989","6226光鼎","110/08/04","統一-仁愛",51,14,37
"18990","6226光鼎","110/08/04","元大-板橋",0,37,-37
"18991","2363矽統","110/08/04","富邦-中壢",628,138,490
"18992","2363矽統","110/08/04","新加坡商瑞銀",986,2541,-1555
"18993","2363矽統","110/08/04","凱基-台北",7207,6730,477
"18994","2363矽統","110/08/04","台灣摩根士丹利",158,1373,-1215
"18995","2363矽統","110/08/04","元大-承德",449,81,368
"18996","2363矽統","110/08/04","摩根大通",2506,3701,-1195
"18997","2363矽統","110/08/04","群益金鼎-高雄",438,99,339
"18998","2363矽統","110/08/04","日盛-文化",121,1226,-1105
"18999","2363矽統","110/08/04","元富-嘉義",383,57,326
"19000","2363矽統","110/08/04","美林",2013,2637,-624
"19001","2363矽統","110/08/04","元大-旗山",446,147,299
"19002","2363矽統","110/08/04","凱基-新莊",44,445,-401
"19003","2363矽統","110/08/04","大慶-台中",304,14,290
"19004","2363矽統","110/08/04","台新-松江",60,449,-389
"19005","2363矽統","110/08/04","國票-博愛",425,150,275
"19006","2363矽統","110/08/04","統一-士林",649,1031,-382
"19007","2363矽統","110/08/04","台新-台南",494,230,264
"19008","2363矽統","110/08/04","新光",1494,1876,-382
"19009","2363矽統","110/08/04","群益金鼎-內湖",393,135,258
"19010","2363矽統","110/08/04","華南永昌",691,1068,-377
"19011","2363矽統","110/08/04","群益金鼎-桃園",295,68,227
"19012","2363矽統","110/08/04","富邦-彰化",122,486,-364
"19013","2363矽統","110/08/04","永豐金-羅東",397,182,215
"19014","2363矽統","110/08/04","凱基-永和",198,478,-280
"19015","2363矽統","110/08/04","元大-永春",347,142,205
"19016","2363矽統","110/08/04","富邦-嘉義",1358,1619,-261
"19017","2363矽統","110/08/04","台新-屏東",466,275,191
"19018","2363矽統","110/08/04","元大-前金",175,419,-244
"19019","2363矽統","110/08/04","元大-萬華",286,96,190
"19020","2363矽統","110/08/04","凱基-大直",681,912,-231
"19021","8112至上","110/08/04","台灣匯立證券",138,0,138
"19022","8112至上","110/08/04","日盛-高雄",1,355,-354
"19023","8112至上","110/08/04","元富-新興",94,8,86
"19024","8112至上","110/08/04","玉山-士林",0,150,-150
"19025","8112至上","110/08/04","合庫-西台中",55,7,48
"19026","8112至上","110/08/04","台灣摩根士丹利",20,143,-123
"19027","8112至上","110/08/04","摩根大通",145,97,48
"19028","8112至上","110/08/04","元富-大昌",0,120,-120
"19029","8112至上","110/08/04","台新證券",48,1,47
"19030","8112至上","110/08/04","華南永昌-林口",1,90,-89
"19031","8112至上","110/08/04","第一金-高雄",40,0,40
"19032","8112至上","110/08/04","元大-北屯",1,70,-69
"19033","8112至上","110/08/04","群益金鼎-大安",40,0,40
"19034","8112至上","110/08/04","凱基-台北",140,206,-66
"19035","8112至上","110/08/04","日盛-新竹",60,26,34
"19036","8112至上","110/08/04","新加坡商瑞銀",16,68,-52
"19037","8112至上","110/08/04","美林",69,38,31
"19038","8112至上","110/08/04","第一金-自由",0,50,-50
"19039","8112至上","110/08/04","凱基-虎尾",30,0,30
"19040","8112至上","110/08/04","康和-內湖",0,34,-34
"19041","8112至上","110/08/04","永豐金-台南",32,2,30
"19042","8112至上","110/08/04","聯邦商銀",0,34,-34
"19043","8112至上","110/08/04","港商野村",30,1,29
"19044","8112至上","110/08/04","臺銀-鳳山",0,28,-28
"19045","8112至上","110/08/04","國泰-館前",29,5,24
"19046","8112至上","110/08/04","兆豐-公益",0,28,-28
"19047","8112至上","110/08/04","元富-佳里",21,0,21
"19048","8112至上","110/08/04","元大-崇德",0,21,-21
"19049","8112至上","110/08/04","日進",20,0,20
"19050","8112至上","110/08/04","元大-土城永寧",0,20,-20
"19051","1570力肯","110/08/04","摩根大通",330,27,303
"19052","1570力肯","110/08/04","元大-板橋",0,86,-86
"19053","1570力肯","110/08/04","統一",224,0,224
"19054","1570力肯","110/08/04","群益金鼎-忠孝",0,80,-80
"19055","1570力肯","110/08/04","富邦-台中",84,1,83
"19056","1570力肯","110/08/04","元富-緯城",0,51,-51
"19057","1570力肯","110/08/04","統一-土城",287,222,65
"19058","1570力肯","110/08/04","國票-和平",0,51,-51
"19059","1570力肯","110/08/04","群益金鼎-中壢",60,0,60
"19060","1570力肯","110/08/04","日盛-二林",0,43,-43
"19061","1570力肯","110/08/04","富邦-高雄",69,10,59
"19062","1570力肯","110/08/04","國泰-板橋",0,43,-43
"19063","1570力肯","110/08/04","統一-屏東",61,4,57
"19064","1570力肯","110/08/04","元大-新莊",1,44,-43
"19065","1570力肯","110/08/04","凱基-岡山",53,1,52
"19066","1570力肯","110/08/04","凱基-嘉義",0,42,-42
"19067","1570力肯","110/08/04","新光-台中",43,12,31
"19068","1570力肯","110/08/04","華南永昌-鳳山",2,42,-40
"19069","1570力肯","110/08/04","台中銀-員林",30,1,29
"19070","1570力肯","110/08/04","凱基-三峽",0,37,-37
"19071","1570力肯","110/08/04","元富-三重",37,12,25
"19072","1570力肯","110/08/04","國票-中正",0,36,-36
"19073","1570力肯","110/08/04","統一-新台中",30,6,24
"19074","1570力肯","110/08/04","高橋",0,30,-30
"19075","1570力肯","110/08/04","致和-府前",25,1,24
"19076","1570力肯","110/08/04","日盛-高雄",0,29,-29
"19077","1570力肯","110/08/04","凱基-中港",22,0,22
"19078","1570力肯","110/08/04","(牛牛牛)亞-鑫豐",6,29,-23
"19079","1570力肯","110/08/04","宏遠證券",20,0,20
"19080","1570力肯","110/08/04","元富-松德",1,22,-21
"19081","2929淘帝","110/08/04","兆豐-忠孝",23,0,23
"19082","2929淘帝","110/08/04","美林",12,107,-95
"19083","2929淘帝","110/08/04","華南永昌-長虹",21,0,21
"19084","2929淘帝","110/08/04","兆豐-新莊",0,94,-94
"19085","2929淘帝","110/08/04","兆豐-桃園",20,0,20
"19086","2929淘帝","110/08/04","富邦-北港",0,30,-30
"19087","2929淘帝","110/08/04","新加坡商瑞銀",34,18,16
"19088","2929淘帝","110/08/04","永興-水湳",0,20,-20
"19089","2929淘帝","110/08/04","凱基-林口",15,0,15
"19090","2929淘帝","110/08/04","兆豐-復興",0,20,-20
"19091","2929淘帝","110/08/04","富邦-竹東",17,5,12
"19092","2929淘帝","110/08/04","國泰-高雄",1,15,-14
"19093","2929淘帝","110/08/04","台新-建北",11,0,11
"19094","2929淘帝","110/08/04","元大-上新莊",0,14,-14
"19095","2929淘帝","110/08/04","凱基-豐中",11,0,11
"19096","2929淘帝","110/08/04","凱基-敦北",0,11,-11
"19097","2929淘帝","110/08/04","統一-汐止",10,0,10
"19098","2929淘帝","110/08/04","臺銀-金山",0,10,-10
"19099","2929淘帝","110/08/04","新百王",10,0,10
"19100","2929淘帝","110/08/04","日盛-斗六",0,10,-10
"19101","2929淘帝","110/08/04","凱基-台北",16,6,10
"19102","2929淘帝","110/08/04","港商野村",16,26,-10
"19103","2929淘帝","110/08/04","華南永昌-苗栗",10,0,10
"19104","2929淘帝","110/08/04","第一金-自由",0,10,-10
"19105","2929淘帝","110/08/04","富邦-板橋",10,0,10
"19106","2929淘帝","110/08/04","玉山-台南",0,10,-10
"19107","2929淘帝","110/08/04","元大-路竹",10,0,10
"19108","2929淘帝","110/08/04","凱基-五股",0,10,-10
"19109","2929淘帝","110/08/04","元大-東蘆",10,0,10
"19110","2929淘帝","110/08/04","華南永昌-楠梓",0,10,-10
"19111","5410國眾","110/08/04","永豐金-內湖",100,1,99
"19112","5410國眾","110/08/04","群益金鼎-內湖",0,46,-46
"19113","5410國眾","110/08/04","永豐金-板新",36,0,36
"19114","5410國眾","110/08/04","新光",2,36,-34
"19115","5410國眾","110/08/04","兆豐-城中",27,0,27
"19116","5410國眾","110/08/04","元富-嘉義",0,20,-20
"19117","5410國眾","110/08/04","凱基-竹北",10,0,10
"19118","5410國眾","110/08/04","元大-博愛",0,20,-20
"19119","5410國眾","110/08/04","新光-高雄",9,0,9
"19120","5410國眾","110/08/04","永豐金-彰化",0,20,-20
"19121","5410國眾","110/08/04","兆豐-北高雄",8,0,8
"19122","5410國眾","110/08/04","元大-斗信",0,11,-11
"19123","5410國眾","110/08/04","元富-三重",9,3,6
"19124","5410國眾","110/08/04","統一-平鎮",0,10,-10
"19125","5410國眾","110/08/04","台新證券",7,1,6
"19126","5410國眾","110/08/04","元大-台北",0,10,-10
"19127","5410國眾","110/08/04","元大-中壢",10,4,6
"19128","5410國眾","110/08/04","元大-大灣",0,10,-10
"19129","5410國眾","110/08/04","北城證券",5,0,5
"19130","5410國眾","110/08/04","元大-前金",0,9,-9
"19131","5410國眾","110/08/04","國票-和平",5,0,5
"19132","5410國眾","110/08/04","致和證券",0,8,-8
"19133","5410國眾","110/08/04","元大-新盛",5,0,5
"19134","5410國眾","110/08/04","元大-崇德",0,7,-7
"19135","5410國眾","110/08/04","永豐金-中盛",5,0,5
"19136","5410國眾","110/08/04","臺銀-鳳山",0,6,-6
"19137","5410國眾","110/08/04","永豐金-桃園",5,0,5
"19138","5410國眾","110/08/04","玉山-左營",0,6,-6
"19139","5410國眾","110/08/04","凱基-台北",7,3,4
"19140","5410國眾","110/08/04","富邦-台中",0,6,-6
"19141","2841台開","110/08/04","永豐金-敦南",1166,0,1166
"19142","2841台開","110/08/04","統一-三重",0,943,-943
"19143","2841台開","110/08/04","永豐金-鳳山",206,50,156
"19144","2841台開","110/08/04","群益金鼎-東大",0,250,-250
"19145","2841台開","110/08/04","凱基-文心",136,0,136
"19146","2841台開","110/08/04","元富-城東",5,250,-245
"19147","2841台開","110/08/04","國泰-敦南",135,7,128
"19148","2841台開","110/08/04","元大-大灣",16,200,-184
"19149","2841台開","110/08/04","新光",109,4,105
"19150","2841台開","110/08/04","元大-新店中正",0,128,-128
"19151","2841台開","110/08/04","日盛-信義",102,0,102
"19152","2841台開","110/08/04","兆豐-麻豆",0,120,-120
"19153","2841台開","110/08/04","兆豐-東門",100,0,100
"19154","2841台開","110/08/04","土銀",0,100,-100
"19155","2841台開","110/08/04","台新-三民",100,0,100
"19156","2841台開","110/08/04","臺銀",0,100,-100
"19157","2841台開","110/08/04","群益金鼎-海山",100,0,100
"19158","2841台開","110/08/04","富邦-新店",4,90,-86
"19159","2841台開","110/08/04","國泰-板橋",106,13,93
"19160","2841台開","110/08/04","合庫-台中",23,104,-81
"19161","2841台開","110/08/04","永豐金-彰化",100,10,90
"19162","2841台開","110/08/04","統一-高雄",0,77,-77
"19163","2841台開","110/08/04","永豐金-萬盛",101,16,85
"19164","2841台開","110/08/04","群益金鼎-屏東",0,75,-75
"19165","2841台開","110/08/04","國票-天祥",80,0,80
"19166","2841台開","110/08/04","中國信託-高雄",2,70,-68
"19167","2841台開","110/08/04","群益金鼎-崇德",84,5,79
"19168","2841台開","110/08/04","凱基-三峽",0,61,-61
"19169","2841台開","110/08/04","群益金鼎-館前",82,3,79
"19170","2841台開","110/08/04","統一-彰化",0,60,-60
"19171","6207雷科","110/08/04","凱基-羅東",80,1,79
"19172","6207雷科","110/08/04","凱基-板橋",1,213,-212
"19173","6207雷科","110/08/04","元大-鳳山",76,2,74
"19174","6207雷科","110/08/04","摩根大通",105,209,-104
"19175","6207雷科","110/08/04","凱基-台南",37,1,36
"19176","6207雷科","110/08/04","凱基-台北",22,122,-100
"19177","6207雷科","110/08/04","富邦-竹東",35,0,35
"19178","6207雷科","110/08/04","華南永昌",12,100,-88
"19179","6207雷科","110/08/04","群益金鼎-東門",31,4,27
"19180","6207雷科","110/08/04","統一-高雄",3,74,-71
"19181","6207雷科","110/08/04","新光-高雄",30,4,26
"19182","6207雷科","110/08/04","群益金鼎-大興",0,70,-70
"19183","6207雷科","110/08/04","大慶-蘆洲",21,0,21
"19184","6207雷科","110/08/04","日盛-忠孝",0,62,-62
"19185","6207雷科","110/08/04","瑞士信貸",20,0,20
"19186","6207雷科","110/08/04","富邦-台中",0,50,-50
"19187","6207雷科","110/08/04","元大-羅東",20,0,20
"19188","6207雷科","110/08/04","永豐金-內湖",0,50,-50
"19189","6207雷科","110/08/04","群益金鼎-南京",20,2,18
"19190","6207雷科","110/08/04","美林",3,47,-44
"19191","6207雷科","110/08/04","元大-汐止",16,0,16
"19192","6207雷科","110/08/04","元富-大昌",0,40,-40
"19193","6207雷科","110/08/04","兆豐-來福",15,0,15
"19194","6207雷科","110/08/04","兆豐-景美",2,40,-38
"19195","6207雷科","110/08/04","國泰-敦南",21,6,15
"19196","6207雷科","110/08/04","新加坡商瑞銀",12,49,-37
"19197","6207雷科","110/08/04","永豐金-台中",15,0,15
"19198","6207雷科","110/08/04","群益金鼎-古亭",2,24,-22
"19199","6207雷科","110/08/04","元大-沙鹿",14,0,14
"19200","6207雷科","110/08/04","華南永昌-虎尾",0,21,-21
"19201","3679新至陞","110/08/04","凱基-台北",27,0,27
"19202","3679新至陞","110/08/04","香港上海匯豐",0,12,-12
"19203","3679新至陞","110/08/04","港商法國興業",20,0,20
"19204","3679新至陞","110/08/04","台灣摩根士丹利",0,10,-10
"19205","3679新至陞","110/08/04","新加坡商瑞銀",13,0,13
"19206","3679新至陞","110/08/04","港商野村",0,8,-8
"19207","3679新至陞","110/08/04","(牛牛牛)亞-網路",11,0,11
"19208","3679新至陞","110/08/04","玉山證券",2,9,-7
"19209","3679新至陞","110/08/04","摩根大通",9,4,5
"19210","3679新至陞","110/08/04","富邦-陽明",0,6,-6
"19211","3679新至陞","110/08/04","國泰-敦南",6,2,4
"19212","3679新至陞","110/08/04","統一",0,5,-5
"19213","3679新至陞","110/08/04","土銀-和平",3,0,3
"19214","3679新至陞","110/08/04","華南永昌-淡水",0,5,-5
"19215","3679新至陞","110/08/04","台中銀-員林",3,0,3
"19216","3679新至陞","110/08/04","元大-成功",0,5,-5
"19217","3679新至陞","110/08/04","元大-永春",3,0,3
"19218","3679新至陞","110/08/04","群益金鼎-內湖",0,4,-4
"19219","3679新至陞","110/08/04","國票-台東",2,0,2
"19220","3679新至陞","110/08/04","國泰-館前",0,3,-3
"19221","3679新至陞","110/08/04","富邦-新店",2,0,2
"19222","3679新至陞","110/08/04","凱基-板橋",0,3,-3
"19223","3679新至陞","110/08/04","富邦-三重",2,0,2
"19224","3679新至陞","110/08/04","凱基-三峽",0,3,-3
"19225","3679新至陞","110/08/04","元大-板橋三民",2,0,2
"19226","3679新至陞","110/08/04","凱基-中山",0,3,-3
"19227","3679新至陞","110/08/04","永豐金-敦南",2,0,2
"19228","3679新至陞","110/08/04","元大-承德",1,4,-3
"19229","3679新至陞","110/08/04","大昌-新店",1,0,1
"19230","3679新至陞","110/08/04","元大-大同",0,3,-3
"19231","2727王品","110/08/04","元富",46,0,46
"19232","2727王品","110/08/04","台灣摩根士丹利",20,277,-257
"19233","2727王品","110/08/04","台新證券",36,7,29
"19234","2727王品","110/08/04","群益金鼎-三民",2,104,-102
"19235","2727王品","110/08/04","國泰-敦南",42,13,29
"19236","2727王品","110/08/04","第一金",1,102,-101
"19237","2727王品","110/08/04","國泰-台中",19,2,17
"19238","2727王品","110/08/04","元大-東蘆",1,45,-44
"19239","2727王品","110/08/04","華南永昌-虎尾",13,0,13
"19240","2727王品","110/08/04","新光-台中",10,43,-33
"19241","2727王品","110/08/04","凱基-五股",11,0,11
"19242","2727王品","110/08/04","新光-桃園",9,42,-33
"19243","2727王品","110/08/04","國泰-館前",16,6,10
"19244","2727王品","110/08/04","凱基-興隆",1,21,-20
"19245","2727王品","110/08/04","凱基-基隆",10,0,10
"19246","2727王品","110/08/04","元大-龍潭",6,23,-17
"19247","2727王品","110/08/04","凱基-南崁",10,0,10
"19248","2727王品","110/08/04","日盛-士林",0,15,-15
"19249","2727王品","110/08/04","富邦-台北",12,2,10
"19250","2727王品","110/08/04","凱基-天母",0,15,-15
"19251","2727王品","110/08/04","新光",34,25,9
"19252","2727王品","110/08/04","日盛-台中",4,15,-11
"19253","2727王品","110/08/04","玉山證券",12,3,9
"19254","2727王品","110/08/04","永豐金-信義",1,12,-11
"19255","2727王品","110/08/04","國泰-高雄",10,2,8
"19256","2727王品","110/08/04","新加坡商瑞銀",2,12,-10
"19257","2727王品","110/08/04","群益金鼎-宜蘭",8,0,8
"19258","2727王品","110/08/04","元大-豐原",0,10,-10
"19259","2727王品","110/08/04","國泰-台南",7,0,7
"19260","2727王品","110/08/04","元大-樹林",1,11,-10
"19261","1570力肯","110/08/04","摩根大通",330,27,303
"19262","1570力肯","110/08/04","元大-板橋",0,86,-86
"19263","1570力肯","110/08/04","統一",224,0,224
"19264","1570力肯","110/08/04","群益金鼎-忠孝",0,80,-80
"19265","1570力肯","110/08/04","富邦-台中",84,1,83
"19266","1570力肯","110/08/04","元富-緯城",0,51,-51
"19267","1570力肯","110/08/04","統一-土城",287,222,65
"19268","1570力肯","110/08/04","國票-和平",0,51,-51
"19269","1570力肯","110/08/04","群益金鼎-中壢",60,0,60
"19270","1570力肯","110/08/04","日盛-二林",0,43,-43
"19271","1570力肯","110/08/04","富邦-高雄",69,10,59
"19272","1570力肯","110/08/04","國泰-板橋",0,43,-43
"19273","1570力肯","110/08/04","統一-屏東",61,4,57
"19274","1570力肯","110/08/04","元大-新莊",1,44,-43
"19275","1570力肯","110/08/04","凱基-岡山",53,1,52
"19276","1570力肯","110/08/04","凱基-嘉義",0,42,-42
"19277","1570力肯","110/08/04","新光-台中",43,12,31
"19278","1570力肯","110/08/04","華南永昌-鳳山",2,42,-40
"19279","1570力肯","110/08/04","台中銀-員林",30,1,29
"19280","1570力肯","110/08/04","凱基-三峽",0,37,-37
"19281","1570力肯","110/08/04","元富-三重",37,12,25
"19282","1570力肯","110/08/04","國票-中正",0,36,-36
"19283","1570力肯","110/08/04","統一-新台中",30,6,24
"19284","1570力肯","110/08/04","高橋",0,30,-30
"19285","1570力肯","110/08/04","致和-府前",25,1,24
"19286","1570力肯","110/08/04","日盛-高雄",0,29,-29
"19287","1570力肯","110/08/04","凱基-中港",22,0,22
"19288","1570力肯","110/08/04","(牛牛牛)亞-鑫豐",6,29,-23
"19289","1570力肯","110/08/04","宏遠證券",20,0,20
"19290","1570力肯","110/08/04","元富-松德",1,22,-21
"19291","6180橘子","110/08/04","新光",67,10,57
"19292","6180橘子","110/08/04","群益金鼎-桃園",0,30,-30
"19293","6180橘子","110/08/04","美林",15,0,15
"19294","6180橘子","110/08/04","華南永昌-苑裡",0,30,-30
"19295","6180橘子","110/08/04","第一金-中山",15,1,14
"19296","6180橘子","110/08/04","台灣摩根士丹利",0,19,-19
"19297","6180橘子","110/08/04","日盛-台中",10,0,10
"19298","6180橘子","110/08/04","台新-三民",0,16,-16
"19299","6180橘子","110/08/04","新光-桃園",10,0,10
"19300","6180橘子","110/08/04","群益金鼎-士林",0,13,-13
"19301","6180橘子","110/08/04","康和",9,0,9
"19302","6180橘子","110/08/04","群益金鼎-中港",0,11,-11
"19303","6180橘子","110/08/04","富邦-羅東",8,0,8
"19304","6180橘子","110/08/04","新加坡商瑞銀",0,10,-10
"19305","6180橘子","110/08/04","國票-九鼎",7,0,7
"19306","6180橘子","110/08/04","統一-彰化",0,10,-10
"19307","6180橘子","110/08/04","玉山-桃園",7,0,7
"19308","6180橘子","110/08/04","兆豐-埔墘",0,10,-10
"19309","6180橘子","110/08/04","元大-員林中山",7,0,7
"19310","6180橘子","110/08/04","摩根大通",3,13,-10
"19311","6180橘子","110/08/04","瑞士信貸",6,0,6
"19312","6180橘子","110/08/04","康和-延平",0,10,-10
"19313","6180橘子","110/08/04","富邦-新竹",7,1,6
"19314","6180橘子","110/08/04","大昌-安康",0,9,-9
"19315","6180橘子","110/08/04","富邦-宜蘭",6,0,6
"19316","6180橘子","110/08/04","富邦-仁愛",1,10,-9
"19317","6180橘子","110/08/04","統一-嘉義",5,0,5
"19318","6180橘子","110/08/04","花旗環球",0,8,-8
"19319","6180橘子","110/08/04","富邦-陽明",5,0,5
"19320","6180橘子","110/08/04","福勝",0,8,-8
"19321","2390云辰","110/08/04","元富-吉利",71,6,65
"19322","2390云辰","110/08/04","港商野村",180,422,-242
"19323","2390云辰","110/08/04","兆豐-新營",53,4,49
"19324","2390云辰","110/08/04","凱基-台北",75,264,-189
"19325","2390云辰","110/08/04","台新證券",83,37,46
"19326","2390云辰","110/08/04","美林",32,132,-100
"19327","2390云辰","110/08/04","日盛-新莊",53,12,41
"19328","2390云辰","110/08/04","華南永昌-鳳山",82,181,-99
"19329","2390云辰","110/08/04","兆豐-岡山",40,0,40
"19330","2390云辰","110/08/04","日盛-園區",1,91,-90
"19331","2390云辰","110/08/04","元大-新莊",42,6,36
"19332","2390云辰","110/08/04","統一-城中",3,82,-79
"19333","2390云辰","110/08/04","永豐金-鳳山",37,3,34
"19334","2390云辰","110/08/04","第一金-中壢",0,73,-73
"19335","2390云辰","110/08/04","德信-新營",37,4,33
"19336","2390云辰","110/08/04","元大-忠孝",8,74,-66
"19337","2390云辰","110/08/04","群益金鼎-三民",35,2,33
"19338","2390云辰","110/08/04","凱基-竹科",6,67,-61
"19339","2390云辰","110/08/04","玉山-雙和",39,7,32
"19340","2390云辰","110/08/04","統一-屏東",0,51,-51
"19341","2390云辰","110/08/04","凱基-三重",33,3,30
"19342","2390云辰","110/08/04","富邦-新店",2,50,-48
"19343","2390云辰","110/08/04","華南永昌-朴子",35,6,29
"19344","2390云辰","110/08/04","元富-大裕",21,56,-35
"19345","2390云辰","110/08/04","國票-和平",29,1,28
"19346","2390云辰","110/08/04","永豐金-三重",6,41,-35
"19347","2390云辰","110/08/04","元大-東蘆",31,3,28
"19348","2390云辰","110/08/04","臺銀",15,47,-32
"19349","2390云辰","110/08/04","日茂",59,33,26
"19350","2390云辰","110/08/04","凱基-台中",1,33,-32
"19351","1471首利","110/08/02","日盛-和美",31,0,31
"19352","1471首利","110/08/02","日盛-八德",0,63,-63
"19353","1471首利","110/08/02","宏遠-光隆",30,0,30
"19354","1471首利","110/08/02","凱基-幸福",0,49,-49
"19355","1471首利","110/08/02","元富-花蓮",25,0,25
"19356","1471首利","110/08/02","富邦-台北",0,30,-30
"19357","1471首利","110/08/02","凱基-台北",25,0,25
"19358","1471首利","110/08/02","元大-東蘆",0,30,-30
"19359","1471首利","110/08/02","日盛-木柵",20,0,20
"19360","1471首利","110/08/02","合庫-桃園",0,20,-20
"19361","1471首利","110/08/02","凱基-高美館",20,0,20
"19362","1471首利","110/08/02","康和-澎湖",0,15,-15
"19363","1471首利","110/08/02","新光-台中",24,5,19
"19364","1471首利","110/08/02","元大-斗信",0,15,-15
"19365","1471首利","110/08/02","富邦-羅東",15,0,15
"19366","1471首利","110/08/02","元富-民權",0,12,-12
"19367","1471首利","110/08/02","兆豐-鹿港",14,0,14
"19368","1471首利","110/08/02","玉山-新莊",0,12,-12
"19369","1471首利","110/08/02","美林",16,4,12
"19370","1471首利","110/08/02","宏遠-桃園",0,10,-10
"19371","1471首利","110/08/02","統一-桃園",12,0,12
"19372","1471首利","110/08/02","瑞士信貸",0,10,-10
"19373","1471首利","110/08/02","合庫-高雄",10,0,10
"19374","1471首利","110/08/02","大慶-苗栗",0,10,-10
"19375","1471首利","110/08/02","日盛-士林",10,0,10
"19376","1471首利","110/08/02","統一-新營",0,10,-10
"19377","1471首利","110/08/02","港商法國興業",10,0,10
"19378","1471首利","110/08/02","群益金鼎-三重",0,10,-10
"19379","1471首利","110/08/02","第一金-台南",10,0,10
"19380","1471首利","110/08/02","元大-基隆",0,10,-10
"19381","2883開發金","110/08/02","統一",3076,29,3047
"19382","2883開發金","110/08/02","中農",2,3126,-3124
"19383","2883開發金","110/08/02","凱基-台北",2789,192,2597
"19384","2883開發金","110/08/02","群益金鼎",11,2008,-1997
"19385","2883開發金","110/08/02","元富-城東",2139,5,2134
"19386","2883開發金","110/08/02","摩根大通",2081,3944,-1863
"19387","2883開發金","110/08/02","瑞士信貸",2184,316,1868
"19388","2883開發金","110/08/02","港商野村",949,2553,-1604
"19389","2883開發金","110/08/02","美林",1160,271,889
"19390","2883開發金","110/08/02","台灣匯立證券",198,1533,-1335
"19391","2883開發金","110/08/02","港商麥格理",855,0,855
"19392","2883開發金","110/08/02","中國信託",69,1041,-972
"19393","2883開發金","110/08/02","元大-金華",533,33,500
"19394","2883開發金","110/08/02","兆豐證券",1,863,-862
"19395","2883開發金","110/08/02","新加坡商瑞銀",1089,624,465
"19396","2883開發金","110/08/02","美商高盛",6,644,-638
"19397","2883開發金","110/08/02","法銀巴黎",441,0,441
"19398","2883開發金","110/08/02","華南永昌-中正",4,632,-628
"19399","2883開發金","110/08/02","富邦-嘉義",425,24,401
"19400","2883開發金","110/08/02","第一金-安和",156,757,-601
"19401","2883開發金","110/08/02","元富-烏日",367,3,364
"19402","2883開發金","110/08/02","國票",0,524,-524
"19403","2883開發金","110/08/02","台灣摩根士丹利",634,280,354
"19404","2883開發金","110/08/02","元富",266,770,-504
"19405","2883開發金","110/08/02","國泰-館前",516,180,336
"19406","2883開發金","110/08/02","新光",1651,1984,-333
"19407","2883開發金","110/08/02","聯邦-敦化",321,5,316
"19408","2883開發金","110/08/02","元富-安南",20,324,-304
"19409","2883開發金","110/08/02","玉山-士林",307,13,294
"19410","2883開發金","110/08/02","群益金鼎-東門",6,280,-274
"19411","6205詮欣","110/08/02","元大-館前",16,0,16
"19412","6205詮欣","110/08/02","永豐金-敦南",0,21,-21
"19413","6205詮欣","110/08/02","臺銀",11,0,11
"19414","6205詮欣","110/08/02","日盛-三重",0,17,-17
"19415","6205詮欣","110/08/02","臺銀-民權",10,0,10
"19416","6205詮欣","110/08/02","永豐金-博愛",0,10,-10
"19417","6205詮欣","110/08/02","摩根大通",11,1,10
"19418","6205詮欣","110/08/02","國票-台南",0,5,-5
"19419","6205詮欣","110/08/02","合庫-三重",5,0,5
"19420","6205詮欣","110/08/02","群益金鼎-三重",0,4,-4
"19421","6205詮欣","110/08/02","元大-東蘆",5,0,5
"19422","6205詮欣","110/08/02","元大-土城",0,4,-4
"19423","6205詮欣","110/08/02","凱基",3,0,3
"19424","6205詮欣","110/08/02","元大-草屯",0,4,-4
"19425","6205詮欣","110/08/02","日盛-雙和",2,0,2
"19426","6205詮欣","110/08/02","臺銀-新竹",1,4,-3
"19427","6205詮欣","110/08/02","兆豐-南京",2,0,2
"19428","6205詮欣","110/08/02","光和-嘉義",0,3,-3
"19429","6205詮欣","110/08/02","凱基-台北",3,1,2
"19430","6205詮欣","110/08/02","永豐金-內湖",0,3,-3
"19431","6205詮欣","110/08/02","元大-西螺",2,0,2
"19432","6205詮欣","110/08/02","第一金-華江",0,2,-2
"19433","6205詮欣","110/08/02","元大-新竹經國",2,0,2
"19434","6205詮欣","110/08/02","中國信託-高雄",0,2,-2
"19435","6205詮欣","110/08/02","元大-北成功",2,0,2
"19436","6205詮欣","110/08/02","兆豐-鹿港",0,2,-2
"19437","6205詮欣","110/08/02","臺銀-臺中",1,0,1
"19438","6205詮欣","110/08/02","統一-平鎮",0,1,-1
"19439","6205詮欣","110/08/02","德信-新營",1,0,1
"19440","6205詮欣","110/08/02","台新-台中",0,1,-1
"19441","1540喬福","110/08/02","富邦-南屯",10,0,10
"19442","1540喬福","110/08/02","永豐金-埔里",0,22,-22
"19443","1540喬福","110/08/02","元富-中原",10,2,8
"19444","1540喬福","110/08/02","統一-新台中",0,17,-17
"19445","1540喬福","110/08/02","德信-新營",6,0,6
"19446","1540喬福","110/08/02","統一-三多",0,3,-3
"19447","1540喬福","110/08/02","元大-龍潭",3,0,3
"19448","1540喬福","110/08/02","光和-高雄",0,2,-2
"19449","1540喬福","110/08/02","凱基-台北",3,0,3
"19450","1540喬福","110/08/02","兆豐-嘉義",0,2,-2
"19451","1540喬福","110/08/02","新光-桃園",3,0,3
"19452","1540喬福","110/08/02","台新-高雄",0,1,-1
"19453","1540喬福","110/08/02","永豐金-內湖",2,0,2
"19454","1540喬福","110/08/02","新光",0,1,-1
"19455","1540喬福","110/08/02","港商法國興業",2,0,2
"19456","1540喬福","110/08/02","國泰-館前",0,1,-1
"19457","1540喬福","110/08/02","統一-台南",2,0,2
"19458","1540喬福","110/08/02","群益金鼎-民權",0,1,-1
"19459","1540喬福","110/08/02","元富-桃園",2,0,2
"19460","1540喬福","110/08/02","富邦-嘉義",0,1,-1
"19461","1540喬福","110/08/02","台中銀-豐原",2,0,2
"19462","1540喬福","110/08/02","元大-新竹",0,1,-1
"19463","1540喬福","110/08/02","(牛牛牛)亞-網路",1,0,1
"19464","1540喬福","110/08/02","元大-豐原站前",0,1,-1
"19465","1540喬福","110/08/02","元富",1,0,1
"19466","1540喬福","110/08/02","臺銀-鳳山",0,0,0
"19467","1540喬福","110/08/02","第一金-桃園",1,0,1
"19468","1540喬福","110/08/02","第一金",0,0,0
"19469","1540喬福","110/08/02","瑞士信貸",1,0,1
"19470","1540喬福","110/08/02","華南永昌-南京",0,0,0
"19471","2888新光金","110/08/02","花旗環球",2291,0,2291
"19472","2888新光金","110/08/02","瑞士信貸",1405,3997,-2592
"19473","2888新光金","110/08/02","美林",2235,208,2027
"19474","2888新光金","110/08/02","新加坡商瑞銀",780,2173,-1393
"19475","2888新光金","110/08/02","群益金鼎-彰化",1014,2,1012
"19476","2888新光金","110/08/02","美商高盛",369,1356,-987
"19477","2888新光金","110/08/02","富邦-建國",823,9,814
"19478","2888新光金","110/08/02","元大-仁愛",69,795,-726
"19479","2888新光金","110/08/02","元大-華山",532,1,531
"19480","2888新光金","110/08/02","永興-台中",0,500,-500
"19481","2888新光金","110/08/02","法銀巴黎",666,166,500
"19482","2888新光金","110/08/02","凱基-站前",17,506,-489
"19483","2888新光金","110/08/02","台灣匯立證券",421,0,421
"19484","2888新光金","110/08/02","元富-城東",38,496,-458
"19485","2888新光金","110/08/02","凱基-台南",376,17,359
"19486","2888新光金","110/08/02","群益金鼎-中港",2,450,-448
"19487","2888新光金","110/08/02","永豐金-嘉義",352,0,352
"19488","2888新光金","110/08/02","華南永昌",25,461,-436
"19489","2888新光金","110/08/02","合庫-台中",339,1,338
"19490","2888新光金","110/08/02","港商野村",135,550,-415
"19491","2888新光金","110/08/02","港商麥格理",316,0,316
"19492","2888新光金","110/08/02","大慶-苗栗",1,406,-405
"19493","2888新光金","110/08/02","群益金鼎-建成",298,5,293
"19494","2888新光金","110/08/02","華南永昌-中正",34,419,-385
"19495","2888新光金","110/08/02","永豐金-板盛",221,0,221
"19496","2888新光金","110/08/02","玉山-台大",0,350,-350
"19497","2888新光金","110/08/02","台灣摩根士丹利",1700,1488,212
"19498","2888新光金","110/08/02","元大-汐止",66,363,-297
"19499","2888新光金","110/08/02","凱基-竹北",200,0,200
"19500","2888新光金","110/08/02","台新-新莊",14,265,-251
"19501","1340勝悅","110/08/02","國泰-台中",22,0,22
"19502","1340勝悅","110/08/02","中國信託",0,83,-83
"19503","1340勝悅","110/08/02","港商法國興業",14,0,14
"19504","1340勝悅","110/08/02","元大-開元",0,11,-11
"19505","1340勝悅","110/08/02","新光",18,5,13
"19506","1340勝悅","110/08/02","凱基-永康",0,10,-10
"19507","1340勝悅","110/08/02","元大-基隆孝二",11,0,11
"19508","1340勝悅","110/08/02","富邦-宜蘭",0,10,-10
"19509","1340勝悅","110/08/02","玉山-士林",10,0,10
"19510","1340勝悅","110/08/02","元大-大統",0,10,-10
"19511","1340勝悅","110/08/02","凱基",6,0,6
"19512","1340勝悅","110/08/02","富邦-板橋",0,5,-5
"19513","1340勝悅","110/08/02","摩根大通",4,0,4
"19514","1340勝悅","110/08/02","瑞士信貸",1,5,-4
"19515","1340勝悅","110/08/02","國泰-敦南",8,4,4
"19516","1340勝悅","110/08/02","華南永昌-忠孝",0,2,-2
"19517","1340勝悅","110/08/02","國泰-新莊",3,0,3
"19518","1340勝悅","110/08/02","元大-虎尾",0,2,-2
"19519","1340勝悅","110/08/02","凱基-嘉義",3,0,3
"19520","1340勝悅","110/08/02","元大-路竹",0,2,-2
"19521","1340勝悅","110/08/02","群益金鼎-館前",3,0,3
"19522","1340勝悅","110/08/02","元大-信義",0,2,-2
"19523","1340勝悅","110/08/02","國泰-館前",3,0,3
"19524","1340勝悅","110/08/02","華南永昌-高雄",0,1,-1
"19525","1340勝悅","110/08/02","臺銀-鳳山",3,0,3
"19526","1340勝悅","110/08/02","玉山-大里",0,0,0
"19527","1340勝悅","110/08/02","國泰-高雄",4,1,3
"19528","1340勝悅","110/08/02","群益金鼎-丹鳳",0,0,0
"19529","1340勝悅","110/08/02","美商高盛",3,0,3
"19530","1340勝悅","110/08/02","富邦-虎尾",0,0,0
"19531","6246臺龍","110/08/02","台新證券",19,1,18
"19532","6246臺龍","110/08/02","元大-新竹經國",0,6,-6
"19533","6246臺龍","110/08/02","凱基-台北",7,2,5
"19534","6246臺龍","110/08/02","台新-台南",0,5,-5
"19535","6246臺龍","110/08/02","國票-九鼎",3,0,3
"19536","6246臺龍","110/08/02","宏遠-新化",1,4,-3
"19537","6246臺龍","110/08/02","國票-南京",3,0,3
"19538","6246臺龍","110/08/02","元富-板橋",0,3,-3
"19539","6246臺龍","110/08/02","新光-台中",3,0,3
"19540","6246臺龍","110/08/02","國泰-敦南",0,3,-3
"19541","6246臺龍","110/08/02","元大-員林",3,0,3
"19542","6246臺龍","110/08/02","富邦-台中",0,3,-3
"19543","6246臺龍","110/08/02","元大-永和",3,0,3
"19544","6246臺龍","110/08/02","元大-大益",2,5,-3
"19545","6246臺龍","110/08/02","港商野村",2,0,2
"19546","6246臺龍","110/08/02","日盛-永康",0,2,-2
"19547","6246臺龍","110/08/02","台新-高雄",2,0,2
"19548","6246臺龍","110/08/02","日盛-宜蘭",0,2,-2
"19549","6246臺龍","110/08/02","新光-台南",2,0,2
"19550","6246臺龍","110/08/02","宏遠-台南",0,2,-2
"19551","6246臺龍","110/08/02","日盛-文化",1,0,1
"19552","6246臺龍","110/08/02","高橋-龍潭",0,2,-2
"19553","6246臺龍","110/08/02","國泰-忠孝",1,0,1
"19554","6246臺龍","110/08/02","群益金鼎-中壢",0,2,-2
"19555","6246臺龍","110/08/02","群益金鼎-崇德",3,2,1
"19556","6246臺龍","110/08/02","凱基-三多",0,2,-2
"19557","6246臺龍","110/08/02","富邦-員林",1,0,1
"19558","6246臺龍","110/08/02","統一-中壢",0,1,-1
"19559","6246臺龍","110/08/02","富邦-三重",1,0,1
"19560","6246臺龍","110/08/02","中國信託-嘉義",0,1,-1
"19561","00715L期街口布蘭特正2","110/08/02","元大證券",7296,1000,6296
"19562","00715L期街口布蘭特正2","110/08/02","富邦-基隆",0,850,-850
"19563","00715L期街口布蘭特正2","110/08/02","永豐金證券",2221,338,1883
"19564","00715L期街口布蘭特正2","110/08/02","(牛牛牛)亞-鑫豐",10,850,-840
"19565","00715L期街口布蘭特正2","110/08/02","統一",1460,100,1360
"19566","00715L期街口布蘭特正2","110/08/02","華南永昌-長虹",57,820,-763
"19567","00715L期街口布蘭特正2","110/08/02","國票-中港",1000,0,1000
"19568","00715L期街口布蘭特正2","110/08/02","富邦-彰化",0,700,-700
"19569","00715L期街口布蘭特正2","110/08/02","第一金-台中",900,13,887
"19570","00715L期街口布蘭特正2","110/08/02","第一金-路竹",0,682,-682
"19571","00715L期街口布蘭特正2","110/08/02","群益金鼎",728,0,728
"19572","00715L期街口布蘭特正2","110/08/02","台新證券",112,791,-679
"19573","00715L期街口布蘭特正2","110/08/02","群益金鼎-古亭",433,1,432
"19574","00715L期街口布蘭特正2","110/08/02","第一金-忠孝",45,483,-438
"19575","00715L期街口布蘭特正2","110/08/02","凱基-市政",525,125,400
"19576","00715L期街口布蘭特正2","110/08/02","玉山-台南",0,373,-373
"19577","00715L期街口布蘭特正2","110/08/02","元大-敦化",400,0,400
"19578","00715L期街口布蘭特正2","110/08/02","國泰-板橋",3,313,-310
"19579","00715L期街口布蘭特正2","110/08/02","元大-草屯",353,21,332
"19580","00715L期街口布蘭特正2","110/08/02","凱基",0,300,-300
"19581","00715L期街口布蘭特正2","110/08/02","元大-萬華",250,0,250
"19582","00715L期街口布蘭特正2","110/08/02","元大-嘉義",1,300,-299
"19583","00715L期街口布蘭特正2","110/08/02","統一-員林",180,0,180
"19584","00715L期街口布蘭特正2","110/08/02","元大-大灣",14,303,-289
"19585","00715L期街口布蘭特正2","110/08/02","富邦證券",282,152,130
"19586","00715L期街口布蘭特正2","110/08/02","新光-桃園",45,295,-250
"19587","00715L期街口布蘭特正2","110/08/02","元富-潮州",125,0,125
"19588","00715L期街口布蘭特正2","110/08/02","元大-新莊",76,306,-230
"19589","00715L期街口布蘭特正2","110/08/02","兆豐-台中港",106,0,106
"19590","00715L期街口布蘭特正2","110/08/02","富邦-台北",0,211,-211
"19591","8941關中","110/08/02","宏遠-館前",3,0,3
"19592","8941關中","110/08/02","富邦-台中",0,5,-5
"19593","8941關中","110/08/02","群益金鼎-彰化",2,0,2
"19594","8941關中","110/08/02","富邦-員林",0,4,-4
"19595","8941關中","110/08/02","第一金-台中",1,0,1
"19596","8941關中","110/08/02","元大-新竹經國",0,0,0
"19597","8941關中","110/08/02","台新-台中",1,0,1
"19598","8941關中","110/08/02","永豐金-萬盛",0,0,0
"19599","8941關中","110/08/02","華南永昌-南京",1,0,1
"19600","8941關中","110/08/02","",NA,NA,NA
"19601","8941關中","110/08/02","元大-桃興",2,1,1
"19602","8941關中","110/08/02","",NA,NA,NA
"19603","8941關中","110/08/02","元大-新竹經國",0,0,0
"19604","8941關中","110/08/02","",NA,NA,NA
"19605","8941關中","110/08/02","永豐金-萬盛",0,0,0
"19606","8941關中","110/08/02","",NA,NA,NA
"19607","8941關中","110/08/02","",NA,NA,NA
"19608","8941關中","110/08/02","",NA,NA,NA
"19609","8941關中","110/08/02","",NA,NA,NA
"19610","8941關中","110/08/02","",NA,NA,NA
"19611","8941關中","110/08/02","",NA,NA,NA
"19612","8941關中","110/08/02","",NA,NA,NA
"19613","8941關中","110/08/02","",NA,NA,NA
"19614","8941關中","110/08/02","",NA,NA,NA
"19615","8941關中","110/08/02","",NA,NA,NA
"19616","8941關中","110/08/02","",NA,NA,NA
"19617","8941關中","110/08/02","",NA,NA,NA
"19618","8941關中","110/08/02","",NA,NA,NA
"19619","8941關中","110/08/02","",NA,NA,NA
"19620","8941關中","110/08/02","",NA,NA,NA
"19621","8936國統","110/08/02","合庫-高雄",68,0,68
"19622","8936國統","110/08/02","凱基-台北",0,125,-125
"19623","8936國統","110/08/02","元大-蘆洲",33,0,33
"19624","8936國統","110/08/02","摩根大通",9,125,-116
"19625","8936國統","110/08/02","富邦-高雄",30,4,26
"19626","8936國統","110/08/02","永全-南崁",0,50,-50
"19627","8936國統","110/08/02","大慶-蘆洲",20,0,20
"19628","8936國統","110/08/02","新光-台中",16,55,-39
"19629","8936國統","110/08/02","兆豐-桃鶯",20,0,20
"19630","8936國統","110/08/02","凱基-市政",0,31,-31
"19631","8936國統","110/08/02","元大-東泰",20,0,20
"19632","8936國統","110/08/02","美商高盛",1,20,-19
"19633","8936國統","110/08/02","永豐金-忠孝",20,0,20
"19634","8936國統","110/08/02","元大-東港",3,20,-17
"19635","8936國統","110/08/02","元大-旗山",15,0,15
"19636","8936國統","110/08/02","台灣企銀-台中",0,15,-15
"19637","8936國統","110/08/02","中國信託-文心",12,0,12
"19638","8936國統","110/08/02","日盛-竹北",0,15,-15
"19639","8936國統","110/08/02","國泰-敦南",14,2,12
"19640","8936國統","110/08/02","瑞士信貸",0,11,-11
"19641","8936國統","110/08/02","元大-敦南",12,0,12
"19642","8936國統","110/08/02","港商野村",26,36,-10
"19643","8936國統","110/08/02","日盛-三峽",11,0,11
"19644","8936國統","110/08/02","統一-竹南",0,10,-10
"19645","8936國統","110/08/02","永豐金-苓雅",11,0,11
"19646","8936國統","110/08/02","國泰-高雄",1,11,-10
"19647","8936國統","110/08/02","宏遠-高雄",11,1,10
"19648","8936國統","110/08/02","元大-天母",0,9,-9
"19649","8936國統","110/08/02","第一金-嘉義",10,0,10
"19650","8936國統","110/08/02","元大-台中中港",0,9,-9
"19651","6226光鼎","110/08/02","新百王",283,0,283
"19652","6226光鼎","110/08/02","元富-安南",3,113,-110
"19653","6226光鼎","110/08/02","日盛-文化",219,3,216
"19654","6226光鼎","110/08/02","群益金鼎-東大",24,124,-100
"19655","6226光鼎","110/08/02","元大-嘉義",127,37,90
"19656","6226光鼎","110/08/02","富邦-南屯",3,100,-97
"19657","6226光鼎","110/08/02","統一-新竹",113,31,82
"19658","6226光鼎","110/08/02","元大-鳳中",2,99,-97
"19659","6226光鼎","110/08/02","台中銀-員林",111,47,64
"19660","6226光鼎","110/08/02","元大-忠孝鼎富",10,100,-90
"19661","6226光鼎","110/08/02","永豐金證券",66,5,61
"19662","6226光鼎","110/08/02","華南永昌-小港",0,84,-84
"19663","6226光鼎","110/08/02","日盛-員林",107,50,57
"19664","6226光鼎","110/08/02","國泰-敦南",247,324,-77
"19665","6226光鼎","110/08/02","國票-九鼎",72,24,48
"19666","6226光鼎","110/08/02","亞東",5,76,-71
"19667","6226光鼎","110/08/02","元大-士林",53,6,47
"19668","6226光鼎","110/08/02","中國信託-新竹",2,62,-60
"19669","6226光鼎","110/08/02","元大-鹿港",48,7,41
"19670","6226光鼎","110/08/02","元大-南屯",12,64,-52
"19671","6226光鼎","110/08/02","中國信託-文心",48,8,40
"19672","6226光鼎","110/08/02","元大-高雄",9,61,-52
"19673","6226光鼎","110/08/02","國泰-新莊",56,17,39
"19674","6226光鼎","110/08/02","元大-台北",2,53,-51
"19675","6226光鼎","110/08/02","元大-大同",39,0,39
"19676","6226光鼎","110/08/02","第一金-華江",8,52,-44
"19677","6226光鼎","110/08/02","富邦-建國",39,1,38
"19678","6226光鼎","110/08/02","元富-新莊",3,44,-41
"19679","6226光鼎","110/08/02","統一-三重",54,18,36
"19680","6226光鼎","110/08/02","玉山-桃園",3,40,-37
"19681","2363矽統","110/08/02","中國信託-忠孝",405,25,380
"19682","2363矽統","110/08/02","富邦證券",16,4082,-4066
"19683","2363矽統","110/08/02","群益金鼎-屏東",349,123,226
"19684","2363矽統","110/08/02","凱基-台北",2669,4466,-1797
"19685","2363矽統","110/08/02","群益金鼎-永和",233,20,213
"19686","2363矽統","110/08/02","台灣摩根士丹利",69,1749,-1680
"19687","2363矽統","110/08/02","富邦-中壢",299,91,208
"19688","2363矽統","110/08/02","新加坡商瑞銀",361,1486,-1125
"19689","2363矽統","110/08/02","永豐金-彰化",188,4,184
"19690","2363矽統","110/08/02","港商野村",619,1622,-1003
"19691","2363矽統","110/08/02","元大-承德",253,73,180
"19692","2363矽統","110/08/02","美商高盛",214,1077,-863
"19693","2363矽統","110/08/02","康和-台中",192,23,169
"19694","2363矽統","110/08/02","兆豐-復興",124,973,-849
"19695","2363矽統","110/08/02","新光",550,382,168
"19696","2363矽統","110/08/02","統一-仁愛",132,666,-534
"19697","2363矽統","110/08/02","元大-萬華",224,61,163
"19698","2363矽統","110/08/02","美林",520,1028,-508
"19699","2363矽統","110/08/02","元大-博愛",204,44,160
"19700","2363矽統","110/08/02","統一-土城",32,536,-504
"19701","2363矽統","110/08/02","兆豐-三民",171,17,154
"19702","2363矽統","110/08/02","華南永昌-斗六",33,526,-493
"19703","2363矽統","110/08/02","元大-新竹",196,44,152
"19704","2363矽統","110/08/02","統一-敦南",35,527,-492
"19705","2363矽統","110/08/02","凱基-三重",178,29,149
"19706","2363矽統","110/08/02","永豐金-員林",12,495,-483
"19707","2363矽統","110/08/02","元大-忠孝",181,38,143
"19708","2363矽統","110/08/02","統一-城中",117,589,-472
"19709","2363矽統","110/08/02","元富-世貿",142,4,138
"19710","2363矽統","110/08/02","摩根大通",1070,1471,-401
"19711","8112至上","110/08/02","合庫證券",213,0,213
"19712","8112至上","110/08/02","台灣摩根士丹利",9,287,-278
"19713","8112至上","110/08/02","凱基-台北",298,152,146
"19714","8112至上","110/08/02","凱基-三重",3,236,-233
"19715","8112至上","110/08/02","大慶",87,0,87
"19716","8112至上","110/08/02","臺銀-鳳山",11,124,-113
"19717","8112至上","110/08/02","凱基-新店",84,0,84
"19718","8112至上","110/08/02","合庫-台中",1,112,-111
"19719","8112至上","110/08/02","香港上海匯豐",76,0,76
"19720","8112至上","110/08/02","土銀-嘉義",0,105,-105
"19721","8112至上","110/08/02","群益金鼎-建成",65,1,64
"19722","8112至上","110/08/02","元大-新莊",2,106,-104
"19723","8112至上","110/08/02","玉山-板橋",63,0,63
"19724","8112至上","110/08/02","台新-建北",0,95,-95
"19725","8112至上","110/08/02","元大-前金",61,2,59
"19726","8112至上","110/08/02","華南永昌-彰化",2,64,-62
"19727","8112至上","110/08/02","台新-台中",58,5,53
"19728","8112至上","110/08/02","群益金鼎-北高雄",3,50,-47
"19729","8112至上","110/08/02","亞東",51,0,51
"19730","8112至上","110/08/02","元大-福營",1,45,-44
"19731","8112至上","110/08/02","美林",49,1,48
"19732","8112至上","110/08/02","永豐金-南京",2,38,-36
"19733","8112至上","110/08/02","摩根大通",114,67,47
"19734","8112至上","110/08/02","亞東-板橋",2,34,-32
"19735","8112至上","110/08/02","美商高盛",46,0,46
"19736","8112至上","110/08/02","元大-台南",2,33,-31
"19737","8112至上","110/08/02","凱基-松山",43,1,42
"19738","8112至上","110/08/02","統一-城中",0,30,-30
"19739","8112至上","110/08/02","群益金鼎-大安",40,0,40
"19740","8112至上","110/08/02","元富-板橋",5,35,-30
"19741","1570力肯","110/08/02","群益金鼎-高雄",11,0,11
"19742","1570力肯","110/08/02","大慶",0,5,-5
"19743","1570力肯","110/08/02","臺銀-臺南",4,0,4
"19744","1570力肯","110/08/02","元大-板橋",0,4,-4
"19745","1570力肯","110/08/02","新光-台中",4,0,4
"19746","1570力肯","110/08/02","玉山證券",0,4,-4
"19747","1570力肯","110/08/02","(牛牛牛)亞-鑫豐",3,0,3
"19748","1570力肯","110/08/02","國泰-台南",0,3,-3
"19749","1570力肯","110/08/02","土銀-白河",2,0,2
"19750","1570力肯","110/08/02","元富-新店",0,3,-3
"19751","1570力肯","110/08/02","統一-松江",2,0,2
"19752","1570力肯","110/08/02","元富-永和",0,2,-2
"19753","1570力肯","110/08/02","中國信託-永康",1,0,1
"19754","1570力肯","110/08/02","凱基-台北",0,2,-2
"19755","1570力肯","110/08/02","凱基-信義",1,0,1
"19756","1570力肯","110/08/02","統一-城中",0,2,-2
"19757","1570力肯","110/08/02","凱基-幸福",1,0,1
"19758","1570力肯","110/08/02","新光",0,1,-1
"19759","1570力肯","110/08/02","元大-歸仁",1,0,1
"19760","1570力肯","110/08/02","凱基-岡山",0,1,-1
"19761","1570力肯","110/08/02","合庫-台中",0,0,0
"19762","1570力肯","110/08/02","富邦-台南",0,1,-1
"19763","1570力肯","110/08/02","康和-板橋",0,0,0
"19764","1570力肯","110/08/02","元大-新盛",0,1,-1
"19765","1570力肯","110/08/02","群益金鼎-鳳山",0,0,0
"19766","1570力肯","110/08/02","永豐金-嘉義",0,1,-1
"19767","1570力肯","110/08/02","元大-樹林",0,0,0
"19768","1570力肯","110/08/02","康和-板橋",0,0,0
"19769","1570力肯","110/08/02","",NA,NA,NA
"19770","1570力肯","110/08/02","合庫-台中",0,0,0
"19771","2929淘帝","110/08/02","元大-民生",29,0,29
"19772","2929淘帝","110/08/02","新加坡商瑞銀",4,70,-66
"19773","2929淘帝","110/08/02","兆豐-桃園",20,0,20
"19774","2929淘帝","110/08/02","富邦-建國",0,26,-26
"19775","2929淘帝","110/08/02","新光",14,0,14
"19776","2929淘帝","110/08/02","美林",0,24,-24
"19777","2929淘帝","110/08/02","兆豐-忠孝",13,0,13
"19778","2929淘帝","110/08/02","元大-和平",0,13,-13
"19779","2929淘帝","110/08/02","兆豐-彰化",12,0,12
"19780","2929淘帝","110/08/02","元大-永和",0,10,-10
"19781","2929淘帝","110/08/02","合庫-高雄",10,0,10
"19782","2929淘帝","110/08/02","日盛-頭份",0,9,-9
"19783","2929淘帝","110/08/02","富邦-台北",10,0,10
"19784","2929淘帝","110/08/02","群益金鼎-中山",0,9,-9
"19785","2929淘帝","110/08/02","國泰-敦南",9,0,9
"19786","2929淘帝","110/08/02","華南永昌-頭份",0,7,-7
"19787","2929淘帝","110/08/02","元富-文心",10,2,8
"19788","2929淘帝","110/08/02","永豐金-敦南",0,7,-7
"19789","2929淘帝","110/08/02","台新-台中",7,0,7
"19790","2929淘帝","110/08/02","凱基-台北",5,11,-6
"19791","2929淘帝","110/08/02","元大-文心",6,0,6
"19792","2929淘帝","110/08/02","臺銀-鳳山",0,5,-5
"19793","2929淘帝","110/08/02","日盛-忠孝",5,0,5
"19794","2929淘帝","110/08/02","凱基-城中",0,5,-5
"19795","2929淘帝","110/08/02","第一金-高雄",5,0,5
"19796","2929淘帝","110/08/02","華南永昌-台中",0,5,-5
"19797","2929淘帝","110/08/02","富邦-基隆",6,1,5
"19798","2929淘帝","110/08/02","元大-博愛",0,5,-5
"19799","2929淘帝","110/08/02","富邦-新店",5,0,5
"19800","2929淘帝","110/08/02","元富-緯城",0,4,-4
"19801","5410國眾","110/08/02","新加坡商瑞銀",19,0,19
"19802","5410國眾","110/08/02","日盛-斗六",0,15,-15
"19803","5410國眾","110/08/02","兆豐-城中",18,0,18
"19804","5410國眾","110/08/02","元大-大同",0,15,-15
"19805","5410國眾","110/08/02","日盛-新莊",10,0,10
"19806","5410國眾","110/08/02","元大-博愛",0,10,-10
"19807","5410國眾","110/08/02","元富-佳里",10,0,10
"19808","5410國眾","110/08/02","凱基-台北",0,7,-7
"19809","5410國眾","110/08/02","摩根大通",9,0,9
"19810","5410國眾","110/08/02","臺銀-臺南",0,6,-6
"19811","5410國眾","110/08/02","國泰-桃園",6,0,6
"19812","5410國眾","110/08/02","元富-嘉義",0,6,-6
"19813","5410國眾","110/08/02","元富-新竹",5,0,5
"19814","5410國眾","110/08/02","第一金-中壢",0,5,-5
"19815","5410國眾","110/08/02","元大-復北",5,0,5
"19816","5410國眾","110/08/02","致和證券",0,5,-5
"19817","5410國眾","110/08/02","永豐金-桃園",5,0,5
"19818","5410國眾","110/08/02","群益金鼎-土城",0,5,-5
"19819","5410國眾","110/08/02","安泰-楠梓",4,0,4
"19820","5410國眾","110/08/02","華南永昌-中正",0,5,-5
"19821","5410國眾","110/08/02","台灣企銀-太平",3,0,3
"19822","5410國眾","110/08/02","元大-新莊",0,5,-5
"19823","5410國眾","110/08/02","新光",3,0,3
"19824","5410國眾","110/08/02","土銀-新竹",0,4,-4
"19825","5410國眾","110/08/02","富邦-內湖",3,0,3
"19826","5410國眾","110/08/02","日盛-員林",0,3,-3
"19827","5410國眾","110/08/02","中國信託-新竹",2,0,2
"19828","5410國眾","110/08/02","元大-新竹經國",0,3,-3
"19829","5410國眾","110/08/02","華南永昌-楠梓",2,0,2
"19830","5410國眾","110/08/02","元富-緯城",0,2,-2
"19831","2841台開","110/08/02","富邦-敦南",71,0,71
"19832","2841台開","110/08/02","永豐金-松山",0,91,-91
"19833","2841台開","110/08/02","國泰-館前",38,0,38
"19834","2841台開","110/08/02","元大-蘆洲",0,40,-40
"19835","2841台開","110/08/02","台中銀",19,0,19
"19836","2841台開","110/08/02","凱基-台北",2,33,-31
"19837","2841台開","110/08/02","元富-烏日",18,0,18
"19838","2841台開","110/08/02","兆豐-寶成",0,20,-20
"19839","2841台開","110/08/02","國泰-板橋",15,0,15
"19840","2841台開","110/08/02","華南永昌-民權",0,20,-20
"19841","2841台開","110/08/02","元大-台中",15,0,15
"19842","2841台開","110/08/02","國票-敦北法人",0,18,-18
"19843","2841台開","110/08/02","元大-福營",15,0,15
"19844","2841台開","110/08/02","第一金-路竹",0,17,-17
"19845","2841台開","110/08/02","日盛-花蓮",14,0,14
"19846","2841台開","110/08/02","中國信託-高雄",0,15,-15
"19847","2841台開","110/08/02","新光",12,0,12
"19848","2841台開","110/08/02","日進",0,10,-10
"19849","2841台開","110/08/02","永豐金-敦南",62,51,11
"19850","2841台開","110/08/02","統一-三多",0,10,-10
"19851","2841台開","110/08/02","日盛-台中",10,0,10
"19852","2841台開","110/08/02","元大-路竹",0,10,-10
"19853","2841台開","110/08/02","群益金鼎-崇德",10,0,10
"19854","2841台開","110/08/02","元大-中和",0,10,-10
"19855","2841台開","110/08/02","元大-南海",10,0,10
"19856","2841台開","110/08/02","宏遠-桃園",0,9,-9
"19857","2841台開","110/08/02","國泰-桃園",8,0,8
"19858","2841台開","110/08/02","大昌-新店",0,6,-6
"19859","2841台開","110/08/02","台新-台中",6,0,6
"19860","2841台開","110/08/02","國票-天祥",0,6,-6
"19861","6207雷科","110/08/02","摩根大通",173,19,154
"19862","6207雷科","110/08/02","凱基-高雄",0,50,-50
"19863","6207雷科","110/08/02","凱基-台北",150,10,140
"19864","6207雷科","110/08/02","群益金鼎-東門",0,26,-26
"19865","6207雷科","110/08/02","華南永昌-朴子",55,0,55
"19866","6207雷科","110/08/02","富邦-竹東",0,25,-25
"19867","6207雷科","110/08/02","新加坡商瑞銀",51,5,46
"19868","6207雷科","110/08/02","華南永昌-東勢",3,27,-24
"19869","6207雷科","110/08/02","元大-西門",54,12,42
"19870","6207雷科","110/08/02","富邦-岡山",1,25,-24
"19871","6207雷科","110/08/02","兆豐-景美",42,2,40
"19872","6207雷科","110/08/02","台灣摩根士丹利",0,22,-22
"19873","6207雷科","110/08/02","日盛-忠孝",35,0,35
"19874","6207雷科","110/08/02","國泰-高雄",1,23,-22
"19875","6207雷科","110/08/02","美林",25,0,25
"19876","6207雷科","110/08/02","富邦-建國",0,17,-17
"19877","6207雷科","110/08/02","日盛-北高雄",16,0,16
"19878","6207雷科","110/08/02","元大-上新莊",0,16,-16
"19879","6207雷科","110/08/02","統一-板橋",15,0,15
"19880","6207雷科","110/08/02","中國信託-高雄",0,15,-15
"19881","6207雷科","110/08/02","凱基-市政",15,0,15
"19882","6207雷科","110/08/02","宏遠證券",0,13,-13
"19883","6207雷科","110/08/02","新光-新竹",16,2,14
"19884","6207雷科","110/08/02","凱基-彰化",0,13,-13
"19885","6207雷科","110/08/02","港商野村",23,12,11
"19886","6207雷科","110/08/02","永豐金-內湖",0,13,-13
"19887","6207雷科","110/08/02","統一-南京",11,0,11
"19888","6207雷科","110/08/02","新百王",0,12,-12
"19889","6207雷科","110/08/02","元大-嘉義",11,0,11
"19890","6207雷科","110/08/02","玉山-大里",0,12,-12
"19891","3679新至陞","110/08/02","元大-成功",26,0,26
"19892","3679新至陞","110/08/02","富邦-陽明",1,34,-33
"19893","3679新至陞","110/08/02","元大-樹林",20,0,20
"19894","3679新至陞","110/08/02","富邦-中壢",0,20,-20
"19895","3679新至陞","110/08/02","(牛牛牛)亞-網路",18,0,18
"19896","3679新至陞","110/08/02","凱基-台北",34,48,-14
"19897","3679新至陞","110/08/02","凱基-中山",12,0,12
"19898","3679新至陞","110/08/02","永豐金證券",0,14,-14
"19899","3679新至陞","110/08/02","統一",21,11,10
"19900","3679新至陞","110/08/02","臺銀-臺南",2,14,-12
"19901","3679新至陞","110/08/02","玉山-台大",10,0,10
"19902","3679新至陞","110/08/02","摩根大通",20,32,-12
"19903","3679新至陞","110/08/02","台中銀",8,0,8
"19904","3679新至陞","110/08/02","富邦-嘉義",0,10,-10
"19905","3679新至陞","110/08/02","港商野村",8,2,6
"19906","3679新至陞","110/08/02","國票-北高雄",1,10,-9
"19907","3679新至陞","110/08/02","群益金鼎-丹鳳",6,0,6
"19908","3679新至陞","110/08/02","台新-台中",0,9,-9
"19909","3679新至陞","110/08/02","元大-高雄",6,0,6
"19910","3679新至陞","110/08/02","凱基-宜蘭",0,7,-7
"19911","3679新至陞","110/08/02","新加坡商瑞銀",5,0,5
"19912","3679新至陞","110/08/02","凱基-埔墘",0,7,-7
"19913","3679新至陞","110/08/02","台灣摩根士丹利",13,9,4
"19914","3679新至陞","110/08/02","永豐金-台中",0,7,-7
"19915","3679新至陞","110/08/02","第一金-華江",4,0,4
"19916","3679新至陞","110/08/02","永豐金-潮州",0,7,-7
"19917","3679新至陞","110/08/02","新光",11,7,4
"19918","3679新至陞","110/08/02","凱基-五股",0,6,-6
"19919","3679新至陞","110/08/02","國泰-館前",4,0,4
"19920","3679新至陞","110/08/02","富邦-建國",0,6,-6
"19921","2727王品","110/08/02","摩根大通",38,5,33
"19922","2727王品","110/08/02","台灣摩根士丹利",13,170,-157
"19923","2727王品","110/08/02","日盛-忠孝",33,3,30
"19924","2727王品","110/08/02","華南永昌",7,156,-149
"19925","2727王品","110/08/02","凱基-天母",30,0,30
"19926","2727王品","110/08/02","凱基-台北",37,57,-20
"19927","2727王品","110/08/02","花旗環球",17,0,17
"19928","2727王品","110/08/02","國票-北高雄",1,19,-18
"19929","2727王品","110/08/02","永豐金-竹科",20,5,15
"19930","2727王品","110/08/02","港商野村",39,54,-15
"19931","2727王品","110/08/02","彰銀-台中",16,2,14
"19932","2727王品","110/08/02","元大-四維",1,15,-14
"19933","2727王品","110/08/02","國票-內壢",14,0,14
"19934","2727王品","110/08/02","美林",12,25,-13
"19935","2727王品","110/08/02","新光-台中",17,3,14
"19936","2727王品","110/08/02","瑞士信貸",0,12,-12
"19937","2727王品","110/08/02","永豐金-南京",16,3,13
"19938","2727王品","110/08/02","元大-北成功",0,10,-10
"19939","2727王品","110/08/02","元大-樹林",13,1,12
"19940","2727王品","110/08/02","元大-崇德",0,8,-8
"19941","2727王品","110/08/02","國泰-板橋",17,7,10
"19942","2727王品","110/08/02","永豐金-內湖",3,10,-7
"19943","2727王品","110/08/02","凱基-埔墘",10,0,10
"19944","2727王品","110/08/02","大昌",5,11,-6
"19945","2727王品","110/08/02","元大-豐原",10,0,10
"19946","2727王品","110/08/02","華南永昌-斗六",2,8,-6
"19947","2727王品","110/08/02","元大-桃園",10,0,10
"19948","2727王品","110/08/02","國泰-台中",4,9,-5
"19949","2727王品","110/08/02","凱基-科園",9,0,9
"19950","2727王品","110/08/02","群益金鼎-土城",0,5,-5
"19951","1570力肯","110/08/02","群益金鼎-高雄",11,0,11
"19952","1570力肯","110/08/02","大慶",0,5,-5
"19953","1570力肯","110/08/02","臺銀-臺南",4,0,4
"19954","1570力肯","110/08/02","元大-板橋",0,4,-4
"19955","1570力肯","110/08/02","新光-台中",4,0,4
"19956","1570力肯","110/08/02","玉山證券",0,4,-4
"19957","1570力肯","110/08/02","(牛牛牛)亞-鑫豐",3,0,3
"19958","1570力肯","110/08/02","國泰-台南",0,3,-3
"19959","1570力肯","110/08/02","土銀-白河",2,0,2
"19960","1570力肯","110/08/02","元富-新店",0,3,-3
"19961","1570力肯","110/08/02","統一-松江",2,0,2
"19962","1570力肯","110/08/02","元富-永和",0,2,-2
"19963","1570力肯","110/08/02","中國信託-永康",1,0,1
"19964","1570力肯","110/08/02","凱基-台北",0,2,-2
"19965","1570力肯","110/08/02","凱基-信義",1,0,1
"19966","1570力肯","110/08/02","統一-城中",0,2,-2
"19967","1570力肯","110/08/02","凱基-幸福",1,0,1
"19968","1570力肯","110/08/02","新光",0,1,-1
"19969","1570力肯","110/08/02","元大-歸仁",1,0,1
"19970","1570力肯","110/08/02","凱基-岡山",0,1,-1
"19971","1570力肯","110/08/02","合庫-台中",0,0,0
"19972","1570力肯","110/08/02","富邦-台南",0,1,-1
"19973","1570力肯","110/08/02","康和-板橋",0,0,0
"19974","1570力肯","110/08/02","元大-新盛",0,1,-1
"19975","1570力肯","110/08/02","群益金鼎-鳳山",0,0,0
"19976","1570力肯","110/08/02","永豐金-嘉義",0,1,-1
"19977","1570力肯","110/08/02","元大-樹林",0,0,0
"19978","1570力肯","110/08/02","康和-板橋",0,0,0
"19979","1570力肯","110/08/02","",NA,NA,NA
"19980","1570力肯","110/08/02","合庫-台中",0,0,0
"19981","6180橘子","110/08/02","美商高盛",21,8,13
"19982","6180橘子","110/08/02","國票-嘉義",0,29,-29
"19983","6180橘子","110/08/02","統一-彰化",10,0,10
"19984","6180橘子","110/08/02","新加坡商瑞銀",0,21,-21
"19985","6180橘子","110/08/02","中國信託-高雄",10,0,10
"19986","6180橘子","110/08/02","凱基-台北",20,40,-20
"19987","6180橘子","110/08/02","兆豐-斗南",10,0,10
"19988","6180橘子","110/08/02","摩根大通",3,15,-12
"19989","6180橘子","110/08/02","兆豐-埔墘",10,0,10
"19990","6180橘子","110/08/02","第一金-桃園",0,10,-10
"19991","6180橘子","110/08/02","玉山證券",10,0,10
"19992","6180橘子","110/08/02","凱基-東港",0,10,-10
"19993","6180橘子","110/08/02","富邦-羅東",8,1,7
"19994","6180橘子","110/08/02","元大-桃園",0,10,-10
"19995","6180橘子","110/08/02","元大證券",7,0,7
"19996","6180橘子","110/08/02","元大-館前",0,9,-9
"19997","6180橘子","110/08/02","元大-復北",7,0,7
"19998","6180橘子","110/08/02","台灣摩根士丹利",3,10,-7
"19999","6180橘子","110/08/02","華南永昌-長虹",6,0,6
"20000","6180橘子","110/08/02","光和-花壇",0,5,-5
"20001","6180橘子","110/08/02","元富-文心",5,0,5
"20002","6180橘子","110/08/02","玉山-嘉義",0,5,-5
"20003","6180橘子","110/08/02","台新-新莊",5,0,5
"20004","6180橘子","110/08/02","凱基-松山",0,5,-5
"20005","6180橘子","110/08/02","康和-嘉義",5,0,5
"20006","6180橘子","110/08/02","永豐金-員林",0,4,-4
"20007","6180橘子","110/08/02","凱基-興隆",5,0,5
"20008","6180橘子","110/08/02","元富-大裕",0,3,-3
"20009","6180橘子","110/08/02","華南永昌-楠梓",5,0,5
"20010","6180橘子","110/08/02","富邦-板橋",0,3,-3
"20011","2390云辰","110/08/02","摩根大通",1945,913,1032
"20012","2390云辰","110/08/02","華南永昌-鳳山",154,448,-294
"20013","2390云辰","110/08/02","富邦-陽明",118,11,107
"20014","2390云辰","110/08/02","群益金鼎-三重",1,168,-167
"20015","2390云辰","110/08/02","兆豐-三民",153,62,91
"20016","2390云辰","110/08/02","統一-內湖",5,102,-97
"20017","2390云辰","110/08/02","光和-嘉義",83,4,79
"20018","2390云辰","110/08/02","台新證券",235,320,-85
"20019","2390云辰","110/08/02","華南永昌-新莊",78,4,74
"20020","2390云辰","110/08/02","統一-新台中",8,87,-79
"20021","2390云辰","110/08/02","統一-城中",182,111,71
"20022","2390云辰","110/08/02","美商高盛",10,88,-78
"20023","2390云辰","110/08/02","台灣摩根士丹利",153,85,68
"20024","2390云辰","110/08/02","元大-汐止",57,130,-73
"20025","2390云辰","110/08/02","凱基-和平",115,47,68
"20026","2390云辰","110/08/02","港商野村",580,638,-58
"20027","2390云辰","110/08/02","華南永昌-公誠",75,13,62
"20028","2390云辰","110/08/02","元富-板橋",5,61,-56
"20029","2390云辰","110/08/02","永豐金-竹科",71,9,62
"20030","2390云辰","110/08/02","新加坡商瑞銀",11,66,-55
"20031","2390云辰","110/08/02","新光",160,100,60
"20032","2390云辰","110/08/02","元大-豐原",6,56,-50
"20033","2390云辰","110/08/02","凱基-岡山",61,1,60
"20034","2390云辰","110/08/02","元大-土城",5,55,-50
"20035","2390云辰","110/08/02","美林",254,195,59
"20036","2390云辰","110/08/02","凱基-站前",1,49,-48
"20037","2390云辰","110/08/02","凱基-大里",76,22,54
"20038","2390云辰","110/08/02","元大-中壢",6,54,-48
"20039","2390云辰","110/08/02","元大-鳳中",60,8,52
"20040","2390云辰","110/08/02","日盛證券",48,95,-47
"20041","1471首利","110/07/29","宏遠-光隆",35,0,35
"20042","1471首利","110/07/29","摩根大通",24,132,-108
"20043","1471首利","110/07/29","玉山-桃園",33,3,30
"20044","1471首利","110/07/29","台灣企銀-太平",0,60,-60
"20045","1471首利","110/07/29","富邦-台南",30,0,30
"20046","1471首利","110/07/29","元大-斗六",0,40,-40
"20047","1471首利","110/07/29","臺灣企銀-桃園",25,0,25
"20048","1471首利","110/07/29","元大-歸仁",0,23,-23
"20049","1471首利","110/07/29","元富-草屯",15,0,15
"20050","1471首利","110/07/29","日盛-永康",0,20,-20
"20051","1471首利","110/07/29","新光-桃園",15,0,15
"20052","1471首利","110/07/29","台中銀-員林",0,20,-20
"20053","1471首利","110/07/29","元大-博愛",15,2,13
"20054","1471首利","110/07/29","凱基-東門",0,14,-14
"20055","1471首利","110/07/29","臺銀-鳳山",12,0,12
"20056","1471首利","110/07/29","元大-草屯",1,15,-14
"20057","1471首利","110/07/29","元富-新莊",11,0,11
"20058","1471首利","110/07/29","元大-新竹經國",0,13,-13
"20059","1471首利","110/07/29","兆豐-來福",11,0,11
"20060","1471首利","110/07/29","日盛-土城",0,10,-10
"20061","1471首利","110/07/29","統一-新營",10,0,10
"20062","1471首利","110/07/29","美林",0,10,-10
"20063","1471首利","110/07/29","光和-溪湖",10,0,10
"20064","1471首利","110/07/29","永興-水湳",0,10,-10
"20065","1471首利","110/07/29","台新-左楠",10,0,10
"20066","1471首利","110/07/29","玉山證券",0,10,-10
"20067","1471首利","110/07/29","群益金鼎-台中",10,0,10
"20068","1471首利","110/07/29","群益金鼎-海山",2,12,-10
"20069","1471首利","110/07/29","凱基-內埔",10,0,10
"20070","1471首利","110/07/29","凱基-羅東",0,10,-10
"20071","2883開發金","110/07/29","國泰證券",2782,3,2779
"20072","2883開發金","110/07/29","永豐金證券",223,3618,-3395
"20073","2883開發金","110/07/29","凱基-台北",2299,284,2015
"20074","2883開發金","110/07/29","摩根大通",411,2625,-2214
"20075","2883開發金","110/07/29","第一金",1539,7,1532
"20076","2883開發金","110/07/29","台灣企銀",5,1717,-1712
"20077","2883開發金","110/07/29","港商野村",1983,585,1398
"20078","2883開發金","110/07/29","新加坡商瑞銀",843,2324,-1481
"20079","2883開發金","110/07/29","元富",1805,427,1378
"20080","2883開發金","110/07/29","港商麥格理",0,1129,-1129
"20081","2883開發金","110/07/29","台灣摩根士丹利",1634,398,1236
"20082","2883開發金","110/07/29","元大-學甲",1,953,-952
"20083","2883開發金","110/07/29","花旗環球",932,0,932
"20084","2883開發金","110/07/29","國票-博愛",100,1025,-925
"20085","2883開發金","110/07/29","凱基-敦北",590,5,585
"20086","2883開發金","110/07/29","國泰-館前",220,944,-724
"20087","2883開發金","110/07/29","國票-長城",506,4,502
"20088","2883開發金","110/07/29","兆豐-高雄",33,650,-617
"20089","2883開發金","110/07/29","港商法國興業",506,18,488
"20090","2883開發金","110/07/29","元富-緯城",1,513,-512
"20091","2883開發金","110/07/29","台新證券",753,287,466
"20092","2883開發金","110/07/29","美林",232,698,-466
"20093","2883開發金","110/07/29","元大-鳳中",495,71,424
"20094","2883開發金","110/07/29","元富-城中",50,513,-463
"20095","2883開發金","110/07/29","日茂",374,3,371
"20096","2883開發金","110/07/29","致和-崇德",0,404,-404
"20097","2883開發金","110/07/29","大和國泰",368,0,368
"20098","2883開發金","110/07/29","永豐金-板橋",123,506,-383
"20099","2883開發金","110/07/29","新光",603,243,360
"20100","2883開發金","110/07/29","中國信託-忠孝",100,423,-323
"20101","6205詮欣","110/07/29","臺銀-鳳山",31,0,31
"20102","6205詮欣","110/07/29","永豐金-敦南",0,53,-53
"20103","6205詮欣","110/07/29","摩根大通",16,2,14
"20104","6205詮欣","110/07/29","元大-土城學府",2,16,-14
"20105","6205詮欣","110/07/29","臺銀",10,0,10
"20106","6205詮欣","110/07/29","元富-潮州",0,11,-11
"20107","6205詮欣","110/07/29","日盛證券",10,0,10
"20108","6205詮欣","110/07/29","元大-清水",0,10,-10
"20109","6205詮欣","110/07/29","兆豐-新莊",10,0,10
"20110","6205詮欣","110/07/29","日盛-三重",0,7,-7
"20111","6205詮欣","110/07/29","元大-南屯",10,0,10
"20112","6205詮欣","110/07/29","日盛-屏東",0,6,-6
"20113","6205詮欣","110/07/29","富邦-建國",4,0,4
"20114","6205詮欣","110/07/29","華南永昌-公誠",0,5,-5
"20115","6205詮欣","110/07/29","富邦-南屯",4,0,4
"20116","6205詮欣","110/07/29","元大-南京",0,5,-5
"20117","6205詮欣","110/07/29","臺銀-臺中",3,0,3
"20118","6205詮欣","110/07/29","瑞士信貸",0,4,-4
"20119","6205詮欣","110/07/29","日盛-和美",3,0,3
"20120","6205詮欣","110/07/29","凱基-大安",0,4,-4
"20121","6205詮欣","110/07/29","德信-新營",3,0,3
"20122","6205詮欣","110/07/29","元大-大里德芳",0,4,-4
"20123","6205詮欣","110/07/29","兆豐-景美",3,0,3
"20124","6205詮欣","110/07/29","合庫-基隆",0,2,-2
"20125","6205詮欣","110/07/29","國票",3,0,3
"20126","6205詮欣","110/07/29","中國信託-永康",0,2,-2
"20127","6205詮欣","110/07/29","國票-南崁",3,0,3
"20128","6205詮欣","110/07/29","兆豐-小港",0,2,-2
"20129","6205詮欣","110/07/29","元大-蘆洲",3,0,3
"20130","6205詮欣","110/07/29","康和-台中",0,2,-2
"20131","1540喬福","110/07/29","高橋-龍潭",10,0,10
"20132","1540喬福","110/07/29","統一-新台中",0,19,-19
"20133","1540喬福","110/07/29","富邦-南屯",10,0,10
"20134","1540喬福","110/07/29","元富-大昌",0,10,-10
"20135","1540喬福","110/07/29","元大-斗六",5,0,5
"20136","1540喬福","110/07/29","大昌-新店",0,6,-6
"20137","1540喬福","110/07/29","兆豐-北高雄",3,0,3
"20138","1540喬福","110/07/29","凱基-台北",0,3,-3
"20139","1540喬福","110/07/29","元大-大安",3,0,3
"20140","1540喬福","110/07/29","台新-台中",0,2,-2
"20141","1540喬福","110/07/29","永豐金-台中",3,0,3
"20142","1540喬福","110/07/29","群益金鼎-嘉義",0,2,-2
"20143","1540喬福","110/07/29","臺銀-金山",2,0,2
"20144","1540喬福","110/07/29","凱基-天母",0,2,-2
"20145","1540喬福","110/07/29","日盛-士林",2,0,2
"20146","1540喬福","110/07/29","花旗環球",0,1,-1
"20147","1540喬福","110/07/29","元大-土城學府",2,0,2
"20148","1540喬福","110/07/29","第一金-大稻埕",0,1,-1
"20149","1540喬福","110/07/29","元大-南京",2,0,2
"20150","1540喬福","110/07/29","統一-嘉義",0,1,-1
"20151","1540喬福","110/07/29","臺銀-臺南",1,0,1
"20152","1540喬福","110/07/29","元富-中港",0,1,-1
"20153","1540喬福","110/07/29","第一金-台南",1,0,1
"20154","1540喬福","110/07/29","(牛牛牛)亞-網路",0,1,-1
"20155","1540喬福","110/07/29","台中銀-豐原",1,0,1
"20156","1540喬福","110/07/29","玉山-高雄",0,1,-1
"20157","1540喬福","110/07/29","中國信託-高雄",1,0,1
"20158","1540喬福","110/07/29","群益金鼎-台南",0,1,-1
"20159","1540喬福","110/07/29","兆豐-台中港",1,0,1
"20160","1540喬福","110/07/29","凱基-鳳山",0,1,-1
"20161","2888新光金","110/07/29","美商高盛",6409,110,6299
"20162","2888新光金","110/07/29","元大-忠孝鼎富",0,6714,-6714
"20163","2888新光金","110/07/29","台灣摩根士丹利",4583,443,4140
"20164","2888新光金","110/07/29","凱基-台北",5855,11898,-6043
"20165","2888新光金","110/07/29","元富-草屯",2193,2,2191
"20166","2888新光金","110/07/29","瑞士信貸",161,6090,-5929
"20167","2888新光金","110/07/29","華南永昌-南京",2059,21,2038
"20168","2888新光金","110/07/29","永豐金-萬盛",124,3599,-3475
"20169","2888新光金","110/07/29","凱基-市政",1558,0,1558
"20170","2888新光金","110/07/29","群益金鼎-大安",2,3306,-3304
"20171","2888新光金","110/07/29","法銀巴黎",1234,0,1234
"20172","2888新光金","110/07/29","凱基-復興",15,3015,-3000
"20173","2888新光金","110/07/29","永豐金-台中",1166,49,1117
"20174","2888新光金","110/07/29","新加坡商瑞銀",1429,4265,-2836
"20175","2888新光金","110/07/29","群益金鼎-崇德",1083,10,1073
"20176","2888新光金","110/07/29","凱基-大安",10,2564,-2554
"20177","2888新光金","110/07/29","兆豐-竹北",1002,29,973
"20178","2888新光金","110/07/29","中國信託",46,2012,-1966
"20179","2888新光金","110/07/29","美林",1767,804,963
"20180","2888新光金","110/07/29","群益金鼎-台北",10,1875,-1865
"20181","2888新光金","110/07/29","元大-三重",882,0,882
"20182","2888新光金","110/07/29","元富-城東",142,1856,-1714
"20183","2888新光金","110/07/29","元大-豐原站前",983,114,869
"20184","2888新光金","110/07/29","華南永昌-忠孝",10,1600,-1590
"20185","2888新光金","110/07/29","元大-北港",868,5,863
"20186","2888新光金","110/07/29","永豐金-信義",10,1497,-1487
"20187","2888新光金","110/07/29","合庫-台中",891,54,837
"20188","2888新光金","110/07/29","富邦-建國",350,1736,-1386
"20189","2888新光金","110/07/29","統一-汐止",725,14,711
"20190","2888新光金","110/07/29","富邦-新營",60,1402,-1342
"20191","1340勝悅","110/07/29","新光-新竹",18,0,18
"20192","1340勝悅","110/07/29","瑞士信貸",0,8,-8
"20193","1340勝悅","110/07/29","華南永昌-彰化",5,0,5
"20194","1340勝悅","110/07/29","台新證券",0,7,-7
"20195","1340勝悅","110/07/29","元大-六合",5,0,5
"20196","1340勝悅","110/07/29","元富-緯城",0,5,-5
"20197","1340勝悅","110/07/29","第一金-自由",4,0,4
"20198","1340勝悅","110/07/29","兆豐-南京",0,5,-5
"20199","1340勝悅","110/07/29","新光",4,0,4
"20200","1340勝悅","110/07/29","富邦-南屯",0,5,-5
"20201","1340勝悅","110/07/29","美商高盛",3,0,3
"20202","1340勝悅","110/07/29","元富-安南",0,4,-4
"20203","1340勝悅","110/07/29","元富-彰化",3,0,3
"20204","1340勝悅","110/07/29","兆豐-三民",0,4,-4
"20205","1340勝悅","110/07/29","大昌",2,0,2
"20206","1340勝悅","110/07/29","兆豐-松德",0,4,-4
"20207","1340勝悅","110/07/29","兆豐-大安",2,0,2
"20208","1340勝悅","110/07/29","國票-台中",0,4,-4
"20209","1340勝悅","110/07/29","摩根大通",2,0,2
"20210","1340勝悅","110/07/29","第一金-路竹",0,3,-3
"20211","1340勝悅","110/07/29","新光-台中",2,0,2
"20212","1340勝悅","110/07/29","統一-城中",2,4,-2
"20213","1340勝悅","110/07/29","凱基-八德",2,0,2
"20214","1340勝悅","110/07/29","元富-同大",0,2,-2
"20215","1340勝悅","110/07/29","合庫-高雄",1,0,1
"20216","1340勝悅","110/07/29","台新-高雄",0,2,-2
"20217","1340勝悅","110/07/29","日進",1,0,1
"20218","1340勝悅","110/07/29","凱基-北門",0,2,-2
"20219","1340勝悅","110/07/29","新光-台南",1,0,1
"20220","1340勝悅","110/07/29","元大-汐止",0,2,-2
"20221","6246臺龍","110/07/29","港商野村",38,1,37
"20222","6246臺龍","110/07/29","玉山-台南",0,27,-27
"20223","6246臺龍","110/07/29","凱基-幸福",25,0,25
"20224","6246臺龍","110/07/29","國泰-忠孝",0,25,-25
"20225","6246臺龍","110/07/29","亞東-板橋",16,0,16
"20226","6246臺龍","110/07/29","光和",0,21,-21
"20227","6246臺龍","110/07/29","元大-台中",10,0,10
"20228","6246臺龍","110/07/29","第一金-安和",0,20,-20
"20229","6246臺龍","110/07/29","兆豐-松德",9,0,9
"20230","6246臺龍","110/07/29","兆豐-竹北",5,25,-20
"20231","6246臺龍","110/07/29","兆豐-公益",8,0,8
"20232","6246臺龍","110/07/29","元大-大里",0,20,-20
"20233","6246臺龍","110/07/29","華南永昌",7,0,7
"20234","6246臺龍","110/07/29","台新-台南",0,15,-15
"20235","6246臺龍","110/07/29","日盛-斗六",6,0,6
"20236","6246臺龍","110/07/29","永豐金-羅東",2,15,-13
"20237","6246臺龍","110/07/29","元富-中港",6,0,6
"20238","6246臺龍","110/07/29","元大-博愛",1,10,-9
"20239","6246臺龍","110/07/29","台新證券",8,2,6
"20240","6246臺龍","110/07/29","宏遠-台中",0,5,-5
"20241","6246臺龍","110/07/29","臺銀-臺中",5,0,5
"20242","6246臺龍","110/07/29","台新-左楠",0,5,-5
"20243","6246臺龍","110/07/29","元富-宜蘭",5,0,5
"20244","6246臺龍","110/07/29","中農",0,5,-5
"20245","6246臺龍","110/07/29","德信-新營",5,0,5
"20246","6246臺龍","110/07/29","群益金鼎-竹南",0,5,-5
"20247","6246臺龍","110/07/29","新光-新竹",5,0,5
"20248","6246臺龍","110/07/29","凱基-科園",0,5,-5
"20249","6246臺龍","110/07/29","國泰-敦南",10,5,5
"20250","6246臺龍","110/07/29","日盛-宜蘭",1,5,-4
"20251","00715L期街口布蘭特正2","110/07/29","永豐金證券",2129,2,2127
"20252","00715L期街口布蘭特正2","110/07/29","國票-博愛",55,702,-647
"20253","00715L期街口布蘭特正2","110/07/29","元大證券",1918,115,1803
"20254","00715L期街口布蘭特正2","110/07/29","富邦-彰化",0,605,-605
"20255","00715L期街口布蘭特正2","110/07/29","統一",1050,313,737
"20256","00715L期街口布蘭特正2","110/07/29","元大-前金",0,440,-440
"20257","00715L期街口布蘭特正2","110/07/29","港商野村",821,263,558
"20258","00715L期街口布蘭特正2","110/07/29","群益金鼎-崇德",0,340,-340
"20259","00715L期街口布蘭特正2","110/07/29","永豐金-內湖",500,0,500
"20260","00715L期街口布蘭特正2","110/07/29","元富-板橋",7,330,-323
"20261","00715L期街口布蘭特正2","110/07/29","元富-大裕",505,23,482
"20262","00715L期街口布蘭特正2","110/07/29","元大-三重",3,200,-197
"20263","00715L期街口布蘭特正2","110/07/29","國票-台中",276,0,276
"20264","00715L期街口布蘭特正2","110/07/29","凱基-東勢",5,194,-189
"20265","00715L期街口布蘭特正2","110/07/29","統一-高雄",300,118,182
"20266","00715L期街口布蘭特正2","110/07/29","富邦-台北",0,181,-181
"20267","00715L期街口布蘭特正2","110/07/29","群益金鼎-瑞豐",180,0,180
"20268","00715L期街口布蘭特正2","110/07/29","大慶-中和",0,174,-174
"20269","00715L期街口布蘭特正2","110/07/29","元大-南崁",128,0,128
"20270","00715L期街口布蘭特正2","110/07/29","永豐金-萬盛",0,153,-153
"20271","00715L期街口布蘭特正2","110/07/29","大慶-蘆洲",106,0,106
"20272","00715L期街口布蘭特正2","110/07/29","元大-開元",0,151,-151
"20273","00715L期街口布蘭特正2","110/07/29","統一-中壢",100,0,100
"20274","00715L期街口布蘭特正2","110/07/29","日盛-新竹",0,126,-126
"20275","00715L期街口布蘭特正2","110/07/29","第一金-自由",100,2,98
"20276","00715L期街口布蘭特正2","110/07/29","凱基-豐中",0,123,-123
"20277","00715L期街口布蘭特正2","110/07/29","華南永昌-內壢",100,2,98
"20278","00715L期街口布蘭特正2","110/07/29","元大-東泰",0,122,-122
"20279","00715L期街口布蘭特正2","110/07/29","永豐金-板橋",98,0,98
"20280","00715L期街口布蘭特正2","110/07/29","台新-高雄",0,121,-121
"20281","8941關中","110/07/29","富邦-仁愛",1,0,1
"20282","8941關中","110/07/29","富邦-員林",0,1,-1
"20283","8941關中","110/07/29","康和-板橋",0,0,0
"20284","8941關中","110/07/29","康和-板橋",0,0,0
"20285","8941關中","110/07/29","玉山證券",0,0,0
"20286","8941關中","110/07/29","玉山證券",0,0,0
"20287","8941關中","110/07/29","玉山-數位",0,0,0
"20288","8941關中","110/07/29","玉山-數位",0,0,0
"20289","8941關中","110/07/29","凱基-市府",0,0,0
"20290","8941關中","110/07/29","凱基-市府",0,0,0
"20291","8941關中","110/07/29","元大-鶯歌",0,0,0
"20292","8941關中","110/07/29","元大-鶯歌",0,0,0
"20293","8941關中","110/07/29","元大-花蓮",0,0,0
"20294","8941關中","110/07/29","元大-花蓮",0,0,0
"20295","8941關中","110/07/29","",NA,NA,NA
"20296","8941關中","110/07/29","",NA,NA,NA
"20297","8941關中","110/07/29","",NA,NA,NA
"20298","8941關中","110/07/29","",NA,NA,NA
"20299","8941關中","110/07/29","",NA,NA,NA
"20300","8941關中","110/07/29","",NA,NA,NA
"20301","8941關中","110/07/29","",NA,NA,NA
"20302","8941關中","110/07/29","",NA,NA,NA
"20303","8941關中","110/07/29","",NA,NA,NA
"20304","8941關中","110/07/29","",NA,NA,NA
"20305","8941關中","110/07/29","",NA,NA,NA
"20306","8941關中","110/07/29","",NA,NA,NA
"20307","8941關中","110/07/29","",NA,NA,NA
"20308","8941關中","110/07/29","",NA,NA,NA
"20309","8941關中","110/07/29","",NA,NA,NA
"20310","8941關中","110/07/29","",NA,NA,NA
"20311","8936國統","110/07/29","新加坡商瑞銀",89,19,70
"20312","8936國統","110/07/29","日盛-忠孝",11,135,-124
"20313","8936國統","110/07/29","瑞士信貸",55,3,52
"20314","8936國統","110/07/29","元富-敦南",0,80,-80
"20315","8936國統","110/07/29","凱基-台北",48,3,45
"20316","8936國統","110/07/29","康和",0,20,-20
"20317","8936國統","110/07/29","摩根大通",97,60,37
"20318","8936國統","110/07/29","元大-竹科",0,20,-20
"20319","8936國統","110/07/29","美林",27,2,25
"20320","8936國統","110/07/29","永豐金-桃園",0,19,-19
"20321","8936國統","110/07/29","凱基-三多",25,0,25
"20322","8936國統","110/07/29","群益金鼎-高盛",0,14,-14
"20323","8936國統","110/07/29","凱基-北門",27,2,25
"20324","8936國統","110/07/29","元富-安南",2,15,-13
"20325","8936國統","110/07/29","兆豐-桃鶯",30,10,20
"20326","8936國統","110/07/29","富邦-內湖",2,15,-13
"20327","8936國統","110/07/29","永豐金-台中",20,0,20
"20328","8936國統","110/07/29","元大-復北",0,11,-11
"20329","8936國統","110/07/29","台灣摩根士丹利",30,12,18
"20330","8936國統","110/07/29","合庫-鳳山",0,10,-10
"20331","8936國統","110/07/29","兆豐-大同",15,0,15
"20332","8936國統","110/07/29","元富-潮州",0,10,-10
"20333","8936國統","110/07/29","新光-台中",39,24,15
"20334","8936國統","110/07/29","群益金鼎-台北",0,10,-10
"20335","8936國統","110/07/29","兆豐-新營",10,0,10
"20336","8936國統","110/07/29","凱基-高雄",20,30,-10
"20337","8936國統","110/07/29","台新-高雄",10,0,10
"20338","8936國統","110/07/29","富邦-桃園",0,10,-10
"20339","8936國統","110/07/29","玉山-士林",10,0,10
"20340","8936國統","110/07/29","新光",1,10,-9
"20341","6226光鼎","110/07/29","台新-台中",396,46,350
"20342","6226光鼎","110/07/29","群益金鼎-東大",11,309,-298
"20343","6226光鼎","110/07/29","元富-永和",242,0,242
"20344","6226光鼎","110/07/29","日盛證券",2,176,-174
"20345","6226光鼎","110/07/29","永豐金-古亭",200,0,200
"20346","6226光鼎","110/07/29","國泰-敦南",90,197,-107
"20347","6226光鼎","110/07/29","華南永昌",216,46,170
"20348","6226光鼎","110/07/29","元大-雙和",16,111,-95
"20349","6226光鼎","110/07/29","國票-北高雄",188,36,152
"20350","6226光鼎","110/07/29","元大-大統",2,94,-92
"20351","6226光鼎","110/07/29","國票-台南",120,4,116
"20352","6226光鼎","110/07/29","元大-板橋",5,78,-73
"20353","6226光鼎","110/07/29","永豐金證券",101,3,98
"20354","6226光鼎","110/07/29","群益金鼎-萬華",46,111,-65
"20355","6226光鼎","110/07/29","富邦-建國",125,28,97
"20356","6226光鼎","110/07/29","華南永昌-竹北",1,60,-59
"20357","6226光鼎","110/07/29","群益金鼎-土城",94,9,85
"20358","6226光鼎","110/07/29","玉山證券",28,86,-58
"20359","6226光鼎","110/07/29","元富-四維",82,4,78
"20360","6226光鼎","110/07/29","元大-土城學府",13,68,-55
"20361","6226光鼎","110/07/29","元大-鳳中",69,15,54
"20362","6226光鼎","110/07/29","元大-豐原",5,59,-54
"20363","6226光鼎","110/07/29","台新-新莊",54,1,53
"20364","6226光鼎","110/07/29","統一",56,107,-51
"20365","6226光鼎","110/07/29","中國信託-新竹",63,13,50
"20366","6226光鼎","110/07/29","統一-內湖",0,48,-48
"20367","6226光鼎","110/07/29","群益金鼎-士林",50,0,50
"20368","6226光鼎","110/07/29","元大-東港",2,50,-48
"20369","6226光鼎","110/07/29","台新-高雄",125,80,45
"20370","6226光鼎","110/07/29","元大-太平",1,46,-45
"20371","2363矽統","110/07/29","凱基-台北",2235,1238,997
"20372","2363矽統","110/07/29","康和-台中",10,437,-427
"20373","2363矽統","110/07/29","摩根大通",1784,793,991
"20374","2363矽統","110/07/29","第一金-新興",11,310,-299
"20375","2363矽統","110/07/29","港商野村",1833,1300,533
"20376","2363矽統","110/07/29","瑞士信貸",9,190,-181
"20377","2363矽統","110/07/29","美林",652,288,364
"20378","2363矽統","110/07/29","台新證券",659,808,-149
"20379","2363矽統","110/07/29","元大-台中",376,38,338
"20380","2363矽統","110/07/29","元大-萬華",42,189,-147
"20381","2363矽統","110/07/29","新加坡商瑞銀",748,474,274
"20382","2363矽統","110/07/29","台新-左楠",26,171,-145
"20383","2363矽統","110/07/29","國泰-敦南",566,333,233
"20384","2363矽統","110/07/29","華南永昌-鳳山",116,241,-125
"20385","2363矽統","110/07/29","元大-旗山",299,66,233
"20386","2363矽統","110/07/29","永全-南崁",0,117,-117
"20387","2363矽統","110/07/29","美商高盛",600,433,167
"20388","2363矽統","110/07/29","群益金鼎-桃園",25,131,-106
"20389","2363矽統","110/07/29","元大-永和",146,12,134
"20390","2363矽統","110/07/29","宏遠-新化",3,103,-100
"20391","2363矽統","110/07/29","元大證券",137,9,128
"20392","2363矽統","110/07/29","新光",331,429,-98
"20393","2363矽統","110/07/29","永豐金-彰化",135,10,125
"20394","2363矽統","110/07/29","中國信託-忠孝",101,188,-87
"20395","2363矽統","110/07/29","北城證券",139,19,120
"20396","2363矽統","110/07/29","群益金鼎-建成",11,95,-84
"20397","2363矽統","110/07/29","富邦-高雄",153,34,119
"20398","2363矽統","110/07/29","群益金鼎-三民",23,105,-82
"20399","2363矽統","110/07/29","元大-蘆洲",120,19,101
"20400","2363矽統","110/07/29","元大-豐原",104,186,-82
"20401","8112至上","110/07/29","合庫證券",194,1,193
"20402","8112至上","110/07/29","摩根大通",4,424,-420
"20403","8112至上","110/07/29","美商高盛",154,5,149
"20404","8112至上","110/07/29","日盛-高雄",2,400,-398
"20405","8112至上","110/07/29","永豐金證券",144,0,144
"20406","8112至上","110/07/29","港商法國興業",0,374,-374
"20407","8112至上","110/07/29","新光-台中",123,12,111
"20408","8112至上","110/07/29","凱基-台北",50,312,-262
"20409","8112至上","110/07/29","新加坡商瑞銀",189,83,106
"20410","8112至上","110/07/29","美林",69,232,-163
"20411","8112至上","110/07/29","華南永昌-新莊",73,0,73
"20412","8112至上","110/07/29","兆豐-公益",0,120,-120
"20413","8112至上","110/07/29","新光",108,49,59
"20414","8112至上","110/07/29","瑞士信貸",1,109,-108
"20415","8112至上","110/07/29","元富-文心",45,3,42
"20416","8112至上","110/07/29","華南永昌-小港",4,30,-26
"20417","8112至上","110/07/29","華南永昌-林口",41,0,41
"20418","8112至上","110/07/29","富邦-中壢",1,24,-23
"20419","8112至上","110/07/29","港商野村",146,112,34
"20420","8112至上","110/07/29","元大-歸仁",2,24,-22
"20421","8112至上","110/07/29","臺銀-高雄",30,0,30
"20422","8112至上","110/07/29","華南永昌-麻豆",0,21,-21
"20423","8112至上","110/07/29","元富-佳里",30,0,30
"20424","8112至上","110/07/29","台新-松江",0,20,-20
"20425","8112至上","110/07/29","永豐金-內湖",30,1,29
"20426","8112至上","110/07/29","元大-新莊",1,20,-19
"20427","8112至上","110/07/29","台新-新營",31,3,28
"20428","8112至上","110/07/29","華南永昌-岡山",1,19,-18
"20429","8112至上","110/07/29","永豐金-彰化",27,0,27
"20430","8112至上","110/07/29","元大-崇德",3,20,-17
"20431","1570力肯","110/07/29","群益金鼎-高雄",20,0,20
"20432","1570力肯","110/07/29","聯邦-興中",0,17,-17
"20433","1570力肯","110/07/29","群益金鼎-板橋",16,0,16
"20434","1570力肯","110/07/29","富邦-建國",0,10,-10
"20435","1570力肯","110/07/29","統一-敦南",5,0,5
"20436","1570力肯","110/07/29","凱基-站前",0,5,-5
"20437","1570力肯","110/07/29","元富-松德",4,0,4
"20438","1570力肯","110/07/29","國泰-板橋",0,4,-4
"20439","1570力肯","110/07/29","元大-和平",4,0,4
"20440","1570力肯","110/07/29","統一-土城",0,3,-3
"20441","1570力肯","110/07/29","凱基-幸福",3,0,3
"20442","1570力肯","110/07/29","凱基-大里",0,3,-3
"20443","1570力肯","110/07/29","華南永昌-鳳山",3,0,3
"20444","1570力肯","110/07/29","凱基-台北",0,3,-3
"20445","1570力肯","110/07/29","元大-北港",4,2,2
"20446","1570力肯","110/07/29","元大-屏東民生",0,3,-3
"20447","1570力肯","110/07/29","美林",1,0,1
"20448","1570力肯","110/07/29","元富-緯城",0,2,-2
"20449","1570力肯","110/07/29","國泰-台南",1,0,1
"20450","1570力肯","110/07/29","台新-高雄",0,2,-2
"20451","1570力肯","110/07/29","元大-歸仁",1,0,1
"20452","1570力肯","110/07/29","華南永昌-楠梓",0,2,-2
"20453","1570力肯","110/07/29","元大-松山",1,0,1
"20454","1570力肯","110/07/29","元大-北成功",0,2,-2
"20455","1570力肯","110/07/29","元大-文心興安",1,0,1
"20456","1570力肯","110/07/29","元大-板橋",0,2,-2
"20457","1570力肯","110/07/29","元大-東蘆",1,0,1
"20458","1570力肯","110/07/29","統一-台南",0,1,-1
"20459","1570力肯","110/07/29","群益金鼎-鳳山",0,0,0
"20460","1570力肯","110/07/29","台新證券",0,1,-1
"20461","2929淘帝","110/07/29","新光-新竹",118,13,105
"20462","2929淘帝","110/07/29","元富-敦南",0,91,-91
"20463","2929淘帝","110/07/29","新加坡商瑞銀",56,0,56
"20464","2929淘帝","110/07/29","日盛-板橋中山",0,38,-38
"20465","2929淘帝","110/07/29","凱基-台北",39,4,35
"20466","2929淘帝","110/07/29","群益金鼎-士林",0,20,-20
"20467","2929淘帝","110/07/29","元大-民生",29,0,29
"20468","2929淘帝","110/07/29","華南永昌-敦南",0,20,-20
"20469","2929淘帝","110/07/29","美林",37,9,28
"20470","2929淘帝","110/07/29","高橋-龍潭",3,20,-17
"20471","2929淘帝","110/07/29","元大-承德",15,0,15
"20472","2929淘帝","110/07/29","凱基-中山",4,19,-15
"20473","2929淘帝","110/07/29","第一金-台南",10,0,10
"20474","2929淘帝","110/07/29","富邦-台北",0,15,-15
"20475","2929淘帝","110/07/29","富邦-桃園",9,0,9
"20476","2929淘帝","110/07/29","元富-台中",0,14,-14
"20477","2929淘帝","110/07/29","港商野村",17,10,7
"20478","2929淘帝","110/07/29","台新-建北",0,13,-13
"20479","2929淘帝","110/07/29","台中銀-豐原",6,0,6
"20480","2929淘帝","110/07/29","永豐金-敦南",0,12,-12
"20481","2929淘帝","110/07/29","元大-文心興安",6,0,6
"20482","2929淘帝","110/07/29","新光-台南",0,11,-11
"20483","2929淘帝","110/07/29","德信-新營",5,0,5
"20484","2929淘帝","110/07/29","宏遠-光隆",0,10,-10
"20485","2929淘帝","110/07/29","元大-博愛",5,0,5
"20486","2929淘帝","110/07/29","元大-嘉義",0,6,-6
"20487","2929淘帝","110/07/29","元大-員林",5,0,5
"20488","2929淘帝","110/07/29","日茂-南投",0,5,-5
"20489","2929淘帝","110/07/29","富邦-中壢",4,0,4
"20490","2929淘帝","110/07/29","新光",0,5,-5
"20491","5410國眾","110/07/29","兆豐-城中",32,0,32
"20492","5410國眾","110/07/29","第一金-台南",0,51,-51
"20493","5410國眾","110/07/29","新加坡商瑞銀",19,0,19
"20494","5410國眾","110/07/29","元富-大昌",0,13,-13
"20495","5410國眾","110/07/29","華南永昌-新莊",16,0,16
"20496","5410國眾","110/07/29","臺銀-臺南",0,12,-12
"20497","5410國眾","110/07/29","元大-小港",11,0,11
"20498","5410國眾","110/07/29","日盛-木柵",0,10,-10
"20499","5410國眾","110/07/29","臺銀",10,0,10
"20500","5410國眾","110/07/29","元富-安南",0,10,-10
"20501","5410國眾","110/07/29","臺銀-臺中",10,0,10
"20502","5410國眾","110/07/29","新光",4,13,-9
"20503","5410國眾","110/07/29","宏遠-館前",10,0,10
"20504","5410國眾","110/07/29","永豐金-屏東",0,5,-5
"20505","5410國眾","110/07/29","台新-中壢",10,0,10
"20506","5410國眾","110/07/29","永豐金-苓雅",0,5,-5
"20507","5410國眾","110/07/29","摩根大通",10,1,9
"20508","5410國眾","110/07/29","國票-台南",0,4,-4
"20509","5410國眾","110/07/29","元大-北投",9,0,9
"20510","5410國眾","110/07/29","永豐金-埔里",0,4,-4
"20511","5410國眾","110/07/29","台新證券",7,1,6
"20512","5410國眾","110/07/29","光和",0,3,-3
"20513","5410國眾","110/07/29","元富-新竹",5,0,5
"20514","5410國眾","110/07/29","凱基-汐止",0,3,-3
"20515","5410國眾","110/07/29","凱基-竹北",5,0,5
"20516","5410國眾","110/07/29","元大-善化",0,3,-3
"20517","5410國眾","110/07/29","永豐金-敦南",5,1,4
"20518","5410國眾","110/07/29","元大-員林",0,3,-3
"20519","5410國眾","110/07/29","美林",4,1,3
"20520","5410國眾","110/07/29","永豐金-台南",0,3,-3
"20521","2841台開","110/07/29","兆豐-台南",237,0,237
"20522","2841台開","110/07/29","元大-四維",0,184,-184
"20523","2841台開","110/07/29","永豐金-敦南",60,10,50
"20524","2841台開","110/07/29","玉山-新竹",0,145,-145
"20525","2841台開","110/07/29","永豐金-板新",50,0,50
"20526","2841台開","110/07/29","港商野村",0,124,-124
"20527","2841台開","110/07/29","華南永昌-南京",45,2,43
"20528","2841台開","110/07/29","永豐金-台南",0,32,-32
"20529","2841台開","110/07/29","群益金鼎-崇德",23,0,23
"20530","2841台開","110/07/29","華南永昌-公誠",0,23,-23
"20531","2841台開","110/07/29","日盛-園區",20,0,20
"20532","2841台開","110/07/29","元大-善化",0,22,-22
"20533","2841台開","110/07/29","台新-台中",20,0,20
"20534","2841台開","110/07/29","元大-豐原",0,20,-20
"20535","2841台開","110/07/29","華南永昌-新莊",20,0,20
"20536","2841台開","110/07/29","凱基-台北",0,15,-15
"20537","2841台開","110/07/29","富邦-仁愛",20,0,20
"20538","2841台開","110/07/29","富邦-台北",0,15,-15
"20539","2841台開","110/07/29","新光",15,0,15
"20540","2841台開","110/07/29","臺銀",0,10,-10
"20541","2841台開","110/07/29","華南永昌-台中",15,0,15
"20542","2841台開","110/07/29","元富-三重",0,10,-10
"20543","2841台開","110/07/29","凱基-彰化",13,0,13
"20544","2841台開","110/07/29","元大-林森",0,10,-10
"20545","2841台開","110/07/29","兆豐-台中",10,0,10
"20546","2841台開","110/07/29","光和-花壇",0,9,-9
"20547","2841台開","110/07/29","永豐金-松山",10,0,10
"20548","2841台開","110/07/29","國泰-桃園",1,10,-9
"20549","2841台開","110/07/29","國泰-館前",9,0,9
"20550","2841台開","110/07/29","玉山-嘉義",0,8,-8
"20551","6207雷科","110/07/29","永豐金-古亭",100,0,100
"20552","6207雷科","110/07/29","摩根大通",59,151,-92
"20553","6207雷科","110/07/29","國泰-館前",52,6,46
"20554","6207雷科","110/07/29","凱基-高雄",0,82,-82
"20555","6207雷科","110/07/29","新加坡商瑞銀",41,12,29
"20556","6207雷科","110/07/29","元大-松江",0,25,-25
"20557","6207雷科","110/07/29","大慶-蘆洲",29,6,23
"20558","6207雷科","110/07/29","元大-雙和",2,25,-23
"20559","6207雷科","110/07/29","永豐金-羅東",21,0,21
"20560","6207雷科","110/07/29","港商野村",16,36,-20
"20561","6207雷科","110/07/29","統一-南京",16,0,16
"20562","6207雷科","110/07/29","盈溢-楠梓",0,20,-20
"20563","6207雷科","110/07/29","凱基-台北",45,29,16
"20564","6207雷科","110/07/29","統一",2,20,-18
"20565","6207雷科","110/07/29","富邦-敦南",16,0,16
"20566","6207雷科","110/07/29","日盛-新竹",1,16,-15
"20567","6207雷科","110/07/29","統一-高雄",15,0,15
"20568","6207雷科","110/07/29","康和-台中",0,15,-15
"20569","6207雷科","110/07/29","台新-中壢",11,0,11
"20570","6207雷科","110/07/29","凱基-竹科",0,13,-13
"20571","6207雷科","110/07/29","台灣企銀-竹北",10,0,10
"20572","6207雷科","110/07/29","元大-鳳中",0,12,-12
"20573","6207雷科","110/07/29","宏遠證券",10,0,10
"20574","6207雷科","110/07/29","元大-土城",0,12,-12
"20575","6207雷科","110/07/29","中國信託-忠孝",10,0,10
"20576","6207雷科","110/07/29","華南永昌-高雄",0,11,-11
"20577","6207雷科","110/07/29","大昌-桃園",11,1,10
"20578","6207雷科","110/07/29","元大-木柵",0,10,-10
"20579","6207雷科","110/07/29","玉山-城中",11,1,10
"20580","6207雷科","110/07/29","日盛-板橋",1,10,-9
"20581","3679新至陞","110/07/29","華南永昌-淡水",5,0,5
"20582","3679新至陞","110/07/29","元富-板橋",0,16,-16
"20583","3679新至陞","110/07/29","富邦-新竹華信",5,0,5
"20584","3679新至陞","110/07/29","凱基-台北",0,8,-8
"20585","3679新至陞","110/07/29","永豐金-中和",5,0,5
"20586","3679新至陞","110/07/29","摩根大通",1,6,-5
"20587","3679新至陞","110/07/29","富邦-台北",4,0,4
"20588","3679新至陞","110/07/29","美林",0,4,-4
"20589","3679新至陞","110/07/29","元富-彰化",2,0,2
"20590","3679新至陞","110/07/29","瑞士信貸",0,4,-4
"20591","3679新至陞","110/07/29","兆豐-台中港",2,0,2
"20592","3679新至陞","110/07/29","元大-成功",0,3,-3
"20593","3679新至陞","110/07/29","富邦-三重",2,0,2
"20594","3679新至陞","110/07/29","統一-台南",0,2,-2
"20595","3679新至陞","110/07/29","元大-沙鹿",2,0,2
"20596","3679新至陞","110/07/29","元富-新興",0,2,-2
"20597","3679新至陞","110/07/29","元大-福營",2,0,2
"20598","3679新至陞","110/07/29","凱基-竹科",0,2,-2
"20599","3679新至陞","110/07/29","元大-花蓮",2,0,2
"20600","3679新至陞","110/07/29","元大證券",0,2,-2
"20601","3679新至陞","110/07/29","元大-板橋",2,0,2
"20602","3679新至陞","110/07/29","日盛-北高雄",0,1,-1
"20603","3679新至陞","110/07/29","永豐金-台南",2,0,2
"20604","3679新至陞","110/07/29","宏遠-高雄",0,1,-1
"20605","3679新至陞","110/07/29","合庫-彰化",1,0,1
"20606","3679新至陞","110/07/29","花旗環球",0,1,-1
"20607","3679新至陞","110/07/29","臺銀-臺南",1,0,1
"20608","3679新至陞","110/07/29","華南永昌-岡山",0,1,-1
"20609","3679新至陞","110/07/29","永興-水湳",1,0,1
"20610","3679新至陞","110/07/29","元大-佳里",0,1,-1
"20611","2727王品","110/07/29","第一金",30,0,30
"20612","2727王品","110/07/29","元大-高雄",1,93,-92
"20613","2727王品","110/07/29","港商麥格理",22,0,22
"20614","2727王品","110/07/29","新加坡商瑞銀",5,82,-77
"20615","2727王品","110/07/29","國票-北高雄",24,2,22
"20616","2727王品","110/07/29","美林",0,27,-27
"20617","2727王品","110/07/29","日盛-忠孝",21,0,21
"20618","2727王品","110/07/29","港商野村",21,48,-27
"20619","2727王品","110/07/29","新光",22,3,19
"20620","2727王品","110/07/29","凱基-台北",43,61,-18
"20621","2727王品","110/07/29","國泰-敦南",18,7,11
"20622","2727王品","110/07/29","華南永昌-麻豆",0,18,-18
"20623","2727王品","110/07/29","凱基-五股",11,0,11
"20624","2727王品","110/07/29","國泰-台中",2,17,-15
"20625","2727王品","110/07/29","兆豐-鹿港",12,2,10
"20626","2727王品","110/07/29","永豐金-桃盛",0,15,-15
"20627","2727王品","110/07/29","凱基-埔墘",10,0,10
"20628","2727王品","110/07/29","美商高盛",1,15,-14
"20629","2727王品","110/07/29","永豐金-潮州",10,0,10
"20630","2727王品","110/07/29","玉山證券",4,15,-11
"20631","2727王品","110/07/29","統一",12,4,8
"20632","2727王品","110/07/29","摩根大通",12,22,-10
"20633","2727王品","110/07/29","國泰-板橋",7,0,7
"20634","2727王品","110/07/29","元大-四維",2,12,-10
"20635","2727王品","110/07/29","彰銀-台中",7,1,6
"20636","2727王品","110/07/29","凱基-興隆",0,9,-9
"20637","2727王品","110/07/29","新光-高雄",12,6,6
"20638","2727王品","110/07/29","瑞士信貸",0,8,-8
"20639","2727王品","110/07/29","玉山-數位",6,0,6
"20640","2727王品","110/07/29","大昌-桃園",0,7,-7
"20641","1570力肯","110/07/29","群益金鼎-高雄",20,0,20
"20642","1570力肯","110/07/29","聯邦-興中",0,17,-17
"20643","1570力肯","110/07/29","群益金鼎-板橋",16,0,16
"20644","1570力肯","110/07/29","富邦-建國",0,10,-10
"20645","1570力肯","110/07/29","統一-敦南",5,0,5
"20646","1570力肯","110/07/29","凱基-站前",0,5,-5
"20647","1570力肯","110/07/29","元富-松德",4,0,4
"20648","1570力肯","110/07/29","國泰-板橋",0,4,-4
"20649","1570力肯","110/07/29","元大-和平",4,0,4
"20650","1570力肯","110/07/29","統一-土城",0,3,-3
"20651","1570力肯","110/07/29","凱基-幸福",3,0,3
"20652","1570力肯","110/07/29","凱基-大里",0,3,-3
"20653","1570力肯","110/07/29","華南永昌-鳳山",3,0,3
"20654","1570力肯","110/07/29","凱基-台北",0,3,-3
"20655","1570力肯","110/07/29","元大-北港",4,2,2
"20656","1570力肯","110/07/29","元大-屏東民生",0,3,-3
"20657","1570力肯","110/07/29","美林",1,0,1
"20658","1570力肯","110/07/29","元富-緯城",0,2,-2
"20659","1570力肯","110/07/29","國泰-台南",1,0,1
"20660","1570力肯","110/07/29","台新-高雄",0,2,-2
"20661","1570力肯","110/07/29","元大-歸仁",1,0,1
"20662","1570力肯","110/07/29","華南永昌-楠梓",0,2,-2
"20663","1570力肯","110/07/29","元大-松山",1,0,1
"20664","1570力肯","110/07/29","元大-北成功",0,2,-2
"20665","1570力肯","110/07/29","元大-文心興安",1,0,1
"20666","1570力肯","110/07/29","元大-板橋",0,2,-2
"20667","1570力肯","110/07/29","元大-東蘆",1,0,1
"20668","1570力肯","110/07/29","統一-台南",0,1,-1
"20669","1570力肯","110/07/29","群益金鼎-鳳山",0,0,0
"20670","1570力肯","110/07/29","台新證券",0,1,-1
"20671","6180橘子","110/07/29","凱基-台北",50,4,46
"20672","6180橘子","110/07/29","兆豐證券",0,95,-95
"20673","6180橘子","110/07/29","花旗環球",25,0,25
"20674","6180橘子","110/07/29","香港上海匯豐",0,74,-74
"20675","6180橘子","110/07/29","瑞士信貸",26,2,24
"20676","6180橘子","110/07/29","福勝",0,24,-24
"20677","6180橘子","110/07/29","兆豐-大同",20,0,20
"20678","6180橘子","110/07/29","第一金-安和",0,20,-20
"20679","6180橘子","110/07/29","新光-台中",17,0,17
"20680","6180橘子","110/07/29","永豐金-敦北",0,18,-18
"20681","6180橘子","110/07/29","元大-南屯",15,0,15
"20682","6180橘子","110/07/29","致和-崇德",0,10,-10
"20683","6180橘子","110/07/29","摩根大通",54,40,14
"20684","6180橘子","110/07/29","玉山-台大",0,10,-10
"20685","6180橘子","110/07/29","玉山-桃園",10,0,10
"20686","6180橘子","110/07/29","元大-四維",0,10,-10
"20687","6180橘子","110/07/29","永豐金-中正",10,0,10
"20688","6180橘子","110/07/29","元大-小港",0,8,-8
"20689","6180橘子","110/07/29","元富-三重",8,0,8
"20690","6180橘子","110/07/29","台灣摩根士丹利",7,13,-6
"20691","6180橘子","110/07/29","國泰-新莊",9,1,8
"20692","6180橘子","110/07/29","群益金鼎-丹鳳",0,6,-6
"20693","6180橘子","110/07/29","元大-木柵",8,0,8
"20694","6180橘子","110/07/29","永豐金-南京",2,8,-6
"20695","6180橘子","110/07/29","國票-敦北法人",7,0,7
"20696","6180橘子","110/07/29","日盛-頭份",5,10,-5
"20697","6180橘子","110/07/29","元大證券",7,0,7
"20698","6180橘子","110/07/29","宏遠-高雄",0,5,-5
"20699","6180橘子","110/07/29","高橋",6,0,6
"20700","6180橘子","110/07/29","第一金-中山",1,5,-4
"20701","2390云辰","110/07/29","元大-永和",561,61,500
"20702","2390云辰","110/07/29","摩根大通",152,377,-225
"20703","2390云辰","110/07/29","台灣摩根士丹利",163,1,162
"20704","2390云辰","110/07/29","元富-同大",3,139,-136
"20705","2390云辰","110/07/29","元大-善化",87,0,87
"20706","2390云辰","110/07/29","豐農",3,128,-125
"20707","2390云辰","110/07/29","元大-草屯",89,6,83
"20708","2390云辰","110/07/29","美商高盛",6,88,-82
"20709","2390云辰","110/07/29","富邦-羅東",74,10,64
"20710","2390云辰","110/07/29","美林",43,112,-69
"20711","2390云辰","110/07/29","元大-鑫永和",61,1,60
"20712","2390云辰","110/07/29","元大-發財",4,61,-57
"20713","2390云辰","110/07/29","元富-高雄",93,40,53
"20714","2390云辰","110/07/29","大慶-泰山",0,51,-51
"20715","2390云辰","110/07/29","台新-左楠",43,1,42
"20716","2390云辰","110/07/29","群益金鼎",5,49,-44
"20717","2390云辰","110/07/29","日盛-永康",35,2,33
"20718","2390云辰","110/07/29","元大-松江",0,40,-40
"20719","2390云辰","110/07/29","玉山-板橋",37,5,32
"20720","2390云辰","110/07/29","統一-新台中",123,161,-38
"20721","2390云辰","110/07/29","日盛-板橋中山",45,15,30
"20722","2390云辰","110/07/29","兆豐-員林",0,35,-35
"20723","2390云辰","110/07/29","元大-大統",30,0,30
"20724","2390云辰","110/07/29","第一金-新竹",1,35,-34
"20725","2390云辰","110/07/29","元大-竹北",30,1,29
"20726","2390云辰","110/07/29","日盛-員林",3,33,-30
"20727","2390云辰","110/07/29","元大-北屯",26,0,26
"20728","2390云辰","110/07/29","新光",40,70,-30
"20729","2390云辰","110/07/29","元大-林園",25,0,25
"20730","2390云辰","110/07/29","永豐金-松山",21,49,-28
"20731","1471首利","110/07/28","美林",138,26,112
"20732","1471首利","110/07/28","玉山-台大",0,234,-234
"20733","1471首利","110/07/28","摩根大通",164,80,84
"20734","1471首利","110/07/28","國票-九鼎",0,149,-149
"20735","1471首利","110/07/28","(牛牛牛)亞-鑫豐",65,0,65
"20736","1471首利","110/07/28","台中銀",0,69,-69
"20737","1471首利","110/07/28","大昌-新店",44,0,44
"20738","1471首利","110/07/28","元大-博愛",0,32,-32
"20739","1471首利","110/07/28","玉山-桃園",69,30,39
"20740","1471首利","110/07/28","凱基-竹北",0,30,-30
"20741","1471首利","110/07/28","兆豐-鹿港",28,0,28
"20742","1471首利","110/07/28","富邦-苗栗",0,30,-30
"20743","1471首利","110/07/28","聯邦-高雄",21,0,21
"20744","1471首利","110/07/28","港商法國興業",0,22,-22
"20745","1471首利","110/07/28","永豐金-中正",21,0,21
"20746","1471首利","110/07/28","國票-安和",0,20,-20
"20747","1471首利","110/07/28","第一金-高雄",16,0,16
"20748","1471首利","110/07/28","華南永昌-苑裡",0,15,-15
"20749","1471首利","110/07/28","統一-桃園",13,0,13
"20750","1471首利","110/07/28","日盛-中壢",0,13,-13
"20751","1471首利","110/07/28","新光-台中",19,6,13
"20752","1471首利","110/07/28","玉山-台南",0,13,-13
"20753","1471首利","110/07/28","彰銀-七賢",11,0,11
"20754","1471首利","110/07/28","凱基-桃園",0,12,-12
"20755","1471首利","110/07/28","第一金-台南",11,0,11
"20756","1471首利","110/07/28","聯邦-雙和",0,11,-11
"20757","1471首利","110/07/28","台新證券",11,0,11
"20758","1471首利","110/07/28","統一-新營",0,10,-10
"20759","1471首利","110/07/28","凱基-東勢",11,0,11
"20760","1471首利","110/07/28","凱基-城中",0,10,-10
"20761","2883開發金","110/07/28","摩根大通",5171,647,4524
"20762","2883開發金","110/07/28","台灣摩根士丹利",921,11451,-10530
"20763","2883開發金","110/07/28","瑞士信貸",4234,62,4172
"20764","2883開發金","110/07/28","美商高盛",522,3615,-3093
"20765","2883開發金","110/07/28","國泰證券",2247,28,2219
"20766","2883開發金","110/07/28","(牛牛牛)亞證券",0,3000,-3000
"20767","2883開發金","110/07/28","元大證券",2306,91,2215
"20768","2883開發金","110/07/28","康和-仁愛",17,3004,-2987
"20769","2883開發金","110/07/28","元富-城東",2203,113,2090
"20770","2883開發金","110/07/28","第一金",18,2301,-2283
"20771","2883開發金","110/07/28","新加坡商瑞銀",1840,81,1759
"20772","2883開發金","110/07/28","凱基-台北",3735,5169,-1434
"20773","2883開發金","110/07/28","永豐金-彰化",1682,27,1655
"20774","2883開發金","110/07/28","宏遠-高雄",4,1420,-1416
"20775","2883開發金","110/07/28","日盛證券",1637,9,1628
"20776","2883開發金","110/07/28","亞東-板橋",507,1722,-1215
"20777","2883開發金","110/07/28","元大-彰化",1183,11,1172
"20778","2883開發金","110/07/28","凱基-豐中",32,1127,-1095
"20779","2883開發金","110/07/28","美林",2507,1378,1129
"20780","2883開發金","110/07/28","群益金鼎-三重",65,993,-928
"20781","2883開發金","110/07/28","華南永昌",1204,239,965
"20782","2883開發金","110/07/28","元大-羅東",30,872,-842
"20783","2883開發金","110/07/28","日盛-台南",816,6,810
"20784","2883開發金","110/07/28","花旗環球",188,1004,-816
"20785","2883開發金","110/07/28","台新-松江",722,40,682
"20786","2883開發金","110/07/28","華南永昌-朴子",33,716,-683
"20787","2883開發金","110/07/28","新光-台中",858,231,627
"20788","2883開發金","110/07/28","元大-永和",31,700,-669
"20789","2883開發金","110/07/28","凱基-員林",634,25,609
"20790","2883開發金","110/07/28","玉山-台南",97,738,-641
"20791","6205詮欣","110/07/28","臺銀",30,0,30
"20792","6205詮欣","110/07/28","台灣摩根士丹利",0,59,-59
"20793","6205詮欣","110/07/28","元大-善化",30,0,30
"20794","6205詮欣","110/07/28","凱基-大安",0,50,-50
"20795","6205詮欣","110/07/28","日盛證券",16,0,16
"20796","6205詮欣","110/07/28","元大-板橋",0,20,-20
"20797","6205詮欣","110/07/28","元大-土城學府",15,3,12
"20798","6205詮欣","110/07/28","摩根大通",17,30,-13
"20799","6205詮欣","110/07/28","臺銀-民權",10,0,10
"20800","6205詮欣","110/07/28","凱基-台北",0,11,-11
"20801","6205詮欣","110/07/28","德信-新營",10,0,10
"20802","6205詮欣","110/07/28","新加坡商瑞銀",0,10,-10
"20803","6205詮欣","110/07/28","福勝",10,0,10
"20804","6205詮欣","110/07/28","第一金-新竹",0,10,-10
"20805","6205詮欣","110/07/28","元大-清水",10,0,10
"20806","6205詮欣","110/07/28","台新-高雄",0,6,-6
"20807","6205詮欣","110/07/28","新光",9,0,9
"20808","6205詮欣","110/07/28","凱基-三多",0,6,-6
"20809","6205詮欣","110/07/28","群益金鼎-屏東",7,0,7
"20810","6205詮欣","110/07/28","美林",2,7,-5
"20811","6205詮欣","110/07/28","元大-汐止",6,0,6
"20812","6205詮欣","110/07/28","瑞士信貸",0,5,-5
"20813","6205詮欣","110/07/28","統一-屏東",5,0,5
"20814","6205詮欣","110/07/28","中國信託-三重",0,5,-5
"20815","6205詮欣","110/07/28","日盛-三重",4,0,4
"20816","6205詮欣","110/07/28","日盛-雙和",0,4,-4
"20817","6205詮欣","110/07/28","亞東-板橋",4,0,4
"20818","6205詮欣","110/07/28","宏遠-光隆",0,4,-4
"20819","6205詮欣","110/07/28","台中銀",4,0,4
"20820","6205詮欣","110/07/28","兆豐-新莊",0,4,-4
"20821","1540喬福","110/07/28","兆豐-北高雄",48,0,48
"20822","1540喬福","110/07/28","合庫-台中",1,60,-59
"20823","1540喬福","110/07/28","兆豐-台中港",33,0,33
"20824","1540喬福","110/07/28","凱基-台北",0,44,-44
"20825","1540喬福","110/07/28","大慶-中壢",19,0,19
"20826","1540喬福","110/07/28","元大-學甲",0,35,-35
"20827","1540喬福","110/07/28","富邦-員林",18,0,18
"20828","1540喬福","110/07/28","統一-新台中",0,26,-26
"20829","1540喬福","110/07/28","(牛牛牛)亞-鑫豐",12,0,12
"20830","1540喬福","110/07/28","新光-新竹",0,21,-21
"20831","1540喬福","110/07/28","元富-文心",10,0,10
"20832","1540喬福","110/07/28","富邦-台北",0,20,-20
"20833","1540喬福","110/07/28","光和-和美",10,0,10
"20834","1540喬福","110/07/28","富邦-南屯",0,20,-20
"20835","1540喬福","110/07/28","永豐金-三重",9,0,9
"20836","1540喬福","110/07/28","元大-鶯歌",0,10,-10
"20837","1540喬福","110/07/28","臺銀-鳳山",8,0,8
"20838","1540喬福","110/07/28","元大-豐原",0,7,-7
"20839","1540喬福","110/07/28","元大-斗六",7,0,7
"20840","1540喬福","110/07/28","大昌-樹林",0,6,-6
"20841","1540喬福","110/07/28","台新-台中",6,0,6
"20842","1540喬福","110/07/28","新光-桃園",0,5,-5
"20843","1540喬福","110/07/28","華南永昌-中正",6,0,6
"20844","1540喬福","110/07/28","凱基-站前",0,5,-5
"20845","1540喬福","110/07/28","永豐金-台中",6,0,6
"20846","1540喬福","110/07/28","臺銀",0,4,-4
"20847","1540喬福","110/07/28","臺銀-民權",5,0,5
"20848","1540喬福","110/07/28","台新證券",0,3,-3
"20849","1540喬福","110/07/28","元富-中原",5,0,5
"20850","1540喬福","110/07/28","台新-高雄",0,3,-3
"20851","2888新光金","110/07/28","臺銀-高雄",3050,3,3047
"20852","2888新光金","110/07/28","摩根大通",2543,11316,-8773
"20853","2888新光金","110/07/28","元富-城東",2019,129,1890
"20854","2888新光金","110/07/28","香港上海匯豐",120,7576,-7456
"20855","2888新光金","110/07/28","元大證券",2106,407,1699
"20856","2888新光金","110/07/28","凱基-台北",1641,5238,-3597
"20857","2888新光金","110/07/28","凱基-台南",1068,33,1035
"20858","2888新光金","110/07/28","新加坡商瑞銀",0,3572,-3572
"20859","2888新光金","110/07/28","彰銀-台中",1098,75,1023
"20860","2888新光金","110/07/28","台灣摩根士丹利",4358,7129,-2771
"20861","2888新光金","110/07/28","元富-城中",1003,0,1003
"20862","2888新光金","110/07/28","元大-大統",103,2853,-2750
"20863","2888新光金","110/07/28","元大-大天母",1113,119,994
"20864","2888新光金","110/07/28","光和",204,2235,-2031
"20865","2888新光金","110/07/28","元大-仁愛",761,1,760
"20866","2888新光金","110/07/28","兆豐-鹿港",80,1755,-1675
"20867","2888新光金","110/07/28","日盛-雙和",927,179,748
"20868","2888新光金","110/07/28","凱基-市政",17,1447,-1430
"20869","2888新光金","110/07/28","元大-大里",648,0,648
"20870","2888新光金","110/07/28","華南永昌-敦南",66,1320,-1254
"20871","2888新光金","110/07/28","凱基-竹科",2665,2026,639
"20872","2888新光金","110/07/28","法銀巴黎",195,1423,-1228
"20873","2888新光金","110/07/28","日盛-高雄",619,11,608
"20874","2888新光金","110/07/28","臺銀",123,1343,-1220
"20875","2888新光金","110/07/28","群益金鼎-海山",710,151,559
"20876","2888新光金","110/07/28","花旗環球",0,865,-865
"20877","2888新光金","110/07/28","台新證券",855,305,550
"20878","2888新光金","110/07/28","元大-鹿港",46,848,-802
"20879","2888新光金","110/07/28","國泰-敦南",774,237,537
"20880","2888新光金","110/07/28","合庫-台中",121,800,-679
"20881","1340勝悅","110/07/28","新光-台南",50,0,50
"20882","1340勝悅","110/07/28","兆豐-南京",0,25,-25
"20883","1340勝悅","110/07/28","臺銀-臺中",6,0,6
"20884","1340勝悅","110/07/28","凱基-台北",0,22,-22
"20885","1340勝悅","110/07/28","新光",6,0,6
"20886","1340勝悅","110/07/28","美林",0,12,-12
"20887","1340勝悅","110/07/28","臺灣企銀-埔墘",5,0,5
"20888","1340勝悅","110/07/28","群益金鼎-台中",0,11,-11
"20889","1340勝悅","110/07/28","國票-敦北法人",5,0,5
"20890","1340勝悅","110/07/28","合庫-西台中",1,10,-9
"20891","1340勝悅","110/07/28","國泰-高雄",5,0,5
"20892","1340勝悅","110/07/28","元大-基隆孝二",0,8,-8
"20893","1340勝悅","110/07/28","國泰-台中",5,0,5
"20894","1340勝悅","110/07/28","統一-城中",0,7,-7
"20895","1340勝悅","110/07/28","群益金鼎-館前",5,0,5
"20896","1340勝悅","110/07/28","凱基-幸福",0,7,-7
"20897","1340勝悅","110/07/28","中國信託-文心",3,0,3
"20898","1340勝悅","110/07/28","臺銀-新竹",0,5,-5
"20899","1340勝悅","110/07/28","群益金鼎-崇德",3,0,3
"20900","1340勝悅","110/07/28","港商法國興業",0,5,-5
"20901","1340勝悅","110/07/28","元大-永春",3,0,3
"20902","1340勝悅","110/07/28","元大-新竹經國",0,5,-5
"20903","1340勝悅","110/07/28","永豐金-松山",3,0,3
"20904","1340勝悅","110/07/28","台新證券",0,4,-4
"20905","1340勝悅","110/07/28","永豐金-嘉義",3,0,3
"20906","1340勝悅","110/07/28","港商野村",0,3,-3
"20907","1340勝悅","110/07/28","日盛-木柵",2,0,2
"20908","1340勝悅","110/07/28","摩根大通",0,3,-3
"20909","1340勝悅","110/07/28","台新-台中",2,0,2
"20910","1340勝悅","110/07/28","富邦-台北",0,3,-3
"20911","6246臺龍","110/07/28","元大-基隆孝二",32,0,32
"20912","6246臺龍","110/07/28","永豐金-桃園",4,135,-131
"20913","6246臺龍","110/07/28","合庫-台中",30,0,30
"20914","6246臺龍","110/07/28","港商野村",5,93,-88
"20915","6246臺龍","110/07/28","元大-木柵",30,0,30
"20916","6246臺龍","110/07/28","凱基-台北",9,65,-56
"20917","6246臺龍","110/07/28","光和",21,0,21
"20918","6246臺龍","110/07/28","元大-西螺",0,31,-31
"20919","6246臺龍","110/07/28","宏遠-民生",20,0,20
"20920","6246臺龍","110/07/28","群益金鼎-鳳山",0,27,-27
"20921","6246臺龍","110/07/28","第一金-安和",20,0,20
"20922","6246臺龍","110/07/28","元大-西屯",0,25,-25
"20923","6246臺龍","110/07/28","兆豐-竹北",24,4,20
"20924","6246臺龍","110/07/28","永豐金-虎尾",6,27,-21
"20925","6246臺龍","110/07/28","凱基-幸福",20,0,20
"20926","6246臺龍","110/07/28","日盛-台中",1,20,-19
"20927","6246臺龍","110/07/28","德信-新營",19,0,19
"20928","6246臺龍","110/07/28","統一",0,16,-16
"20929","6246臺龍","110/07/28","台新證券",21,4,17
"20930","6246臺龍","110/07/28","群益金鼎-土城",0,16,-16
"20931","6246臺龍","110/07/28","華南永昌-公誠",17,0,17
"20932","6246臺龍","110/07/28","元大-員林",0,15,-15
"20933","6246臺龍","110/07/28","中國信託-文心",15,0,15
"20934","6246臺龍","110/07/28","華南永昌-長虹",0,11,-11
"20935","6246臺龍","110/07/28","群益金鼎-崇德",15,0,15
"20936","6246臺龍","110/07/28","日盛-中壢",0,10,-10
"20937","6246臺龍","110/07/28","兆豐-公益",12,0,12
"20938","6246臺龍","110/07/28","第一金-彰化",0,10,-10
"20939","6246臺龍","110/07/28","國票",12,0,12
"20940","6246臺龍","110/07/28","元富-中原",0,10,-10
"20941","00715L期街口布蘭特正2","110/07/28","永豐金證券",5725,30,5695
"20942","00715L期街口布蘭特正2","110/07/28","元大-四維",0,2013,-2013
"20943","00715L期街口布蘭特正2","110/07/28","元大證券",5235,705,4530
"20944","00715L期街口布蘭特正2","110/07/28","凱基-豐中",0,1536,-1536
"20945","00715L期街口布蘭特正2","110/07/28","國票",2733,11,2722
"20946","00715L期街口布蘭特正2","110/07/28","華南永昌-東昇",0,1010,-1010
"20947","00715L期街口布蘭特正2","110/07/28","富邦證券",2340,417,1923
"20948","00715L期街口布蘭特正2","110/07/28","兆豐-三民",0,1004,-1004
"20949","00715L期街口布蘭特正2","110/07/28","凱基-台北",2241,325,1916
"20950","00715L期街口布蘭特正2","110/07/28","元富-古亭",0,600,-600
"20951","00715L期街口布蘭特正2","110/07/28","統一",1635,132,1503
"20952","00715L期街口布蘭特正2","110/07/28","台新-新營",20,558,-538
"20953","00715L期街口布蘭特正2","110/07/28","國票-中港",1500,0,1500
"20954","00715L期街口布蘭特正2","110/07/28","富邦-台北",0,453,-453
"20955","00715L期街口布蘭特正2","110/07/28","兆豐-台中",525,6,519
"20956","00715L期街口布蘭特正2","110/07/28","港商野村",71,519,-448
"20957","00715L期街口布蘭特正2","110/07/28","合庫證券",1008,500,508
"20958","00715L期街口布蘭特正2","110/07/28","第一金-自由",10,405,-395
"20959","00715L期街口布蘭特正2","110/07/28","永豐金-三重",500,0,500
"20960","00715L期街口布蘭特正2","110/07/28","玉山-高雄",17,387,-370
"20961","00715L期街口布蘭特正2","110/07/28","凱基-市政",500,1,499
"20962","00715L期街口布蘭特正2","110/07/28","統一-桃園",0,331,-331
"20963","00715L期街口布蘭特正2","110/07/28","元富-大裕",500,8,492
"20964","00715L期街口布蘭特正2","110/07/28","元富-中壢",0,309,-309
"20965","00715L期街口布蘭特正2","110/07/28","永豐金-內湖",503,18,485
"20966","00715L期街口布蘭特正2","110/07/28","台新證券",21,329,-308
"20967","00715L期街口布蘭特正2","110/07/28","元富-吉利",280,0,280
"20968","00715L期街口布蘭特正2","110/07/28","國票-台中",0,275,-275
"20969","00715L期街口布蘭特正2","110/07/28","國票-博愛",200,0,200
"20970","00715L期街口布蘭特正2","110/07/28","日盛-木柵",0,268,-268
"20971","8941關中","110/07/28","第一金-台南",2,0,2
"20972","8941關中","110/07/28","聯邦-富強",0,3,-3
"20973","8941關中","110/07/28","元大-西屯",2,0,2
"20974","8941關中","110/07/28","富邦-員林",0,3,-3
"20975","8941關中","110/07/28","玉山證券",1,0,1
"20976","8941關中","110/07/28","第一金-安和",0,2,-2
"20977","8941關中","110/07/28","國泰-忠孝",1,0,1
"20978","8941關中","110/07/28","第一金-台中",0,1,-1
"20979","8941關中","110/07/28","凱基-岡山",1,0,1
"20980","8941關中","110/07/28","玉山-台中",0,0,0
"20981","8941關中","110/07/28","富邦-羅東",1,0,1
"20982","8941關中","110/07/28","元大-新竹經國",0,0,0
"20983","8941關中","110/07/28","永豐金-敦南",1,0,1
"20984","8941關中","110/07/28","元大-桃興",1,1,0
"20985","8941關中","110/07/28","玉山-台中",0,0,0
"20986","8941關中","110/07/28","",NA,NA,NA
"20987","8941關中","110/07/28","元大-新竹經國",0,0,0
"20988","8941關中","110/07/28","",NA,NA,NA
"20989","8941關中","110/07/28","元大-桃興",1,1,0
"20990","8941關中","110/07/28","",NA,NA,NA
"20991","8941關中","110/07/28","",NA,NA,NA
"20992","8941關中","110/07/28","",NA,NA,NA
"20993","8941關中","110/07/28","",NA,NA,NA
"20994","8941關中","110/07/28","",NA,NA,NA
"20995","8941關中","110/07/28","",NA,NA,NA
"20996","8941關中","110/07/28","",NA,NA,NA
"20997","8941關中","110/07/28","",NA,NA,NA
"20998","8941關中","110/07/28","",NA,NA,NA
"20999","8941關中","110/07/28","",NA,NA,NA
"21000","8941關中","110/07/28","",NA,NA,NA
"21001","8936國統","110/07/28","宏遠-高雄",141,1,140
"21002","8936國統","110/07/28","摩根大通",82,517,-435
"21003","8936國統","110/07/28","日盛-景美",100,0,100
"21004","8936國統","110/07/28","凱基-台北",5,290,-285
"21005","8936國統","110/07/28","永豐金-苓雅",67,0,67
"21006","8936國統","110/07/28","瑞士信貸",0,245,-245
"21007","8936國統","110/07/28","玉山-台南",64,0,64
"21008","8936國統","110/07/28","台灣摩根士丹利",16,176,-160
"21009","8936國統","110/07/28","國票-北高雄",61,1,60
"21010","8936國統","110/07/28","凱基-市政",11,110,-99
"21011","8936國統","110/07/28","玉山-高雄",49,0,49
"21012","8936國統","110/07/28","元大-東蘆",0,82,-82
"21013","8936國統","110/07/28","元大-小港",47,0,47
"21014","8936國統","110/07/28","新加坡商瑞銀",128,205,-77
"21015","8936國統","110/07/28","元大-台中",40,0,40
"21016","8936國統","110/07/28","元大-歸仁",30,75,-45
"21017","8936國統","110/07/28","新光-台中",41,7,34
"21018","8936國統","110/07/28","台新-台中",17,55,-38
"21019","8936國統","110/07/28","元大-豐原站前",32,0,32
"21020","8936國統","110/07/28","康和",20,58,-38
"21021","8936國統","110/07/28","玉山-台中",31,0,31
"21022","8936國統","110/07/28","第一金-新興",0,31,-31
"21023","8936國統","110/07/28","富邦-高雄",26,0,26
"21024","8936國統","110/07/28","元富-松德",0,30,-30
"21025","8936國統","110/07/28","元大-鳳中",30,5,25
"21026","8936國統","110/07/28","元大-中和",2,30,-28
"21027","8936國統","110/07/28","元富-林園",20,0,20
"21028","8936國統","110/07/28","兆豐-嘉義",0,22,-22
"21029","8936國統","110/07/28","兆豐-北高雄",20,0,20
"21030","8936國統","110/07/28","美林",11,32,-21
"21031","6226光鼎","110/07/28","群益金鼎-萬華",147,14,133
"21032","6226光鼎","110/07/28","群益金鼎-敦南",5,282,-277
"21033","6226光鼎","110/07/28","台新-台中",227,114,113
"21034","6226光鼎","110/07/28","華南永昌",19,142,-123
"21035","6226光鼎","110/07/28","摩根大通",109,0,109
"21036","6226光鼎","110/07/28","康和-台北",0,100,-100
"21037","6226光鼎","110/07/28","統一",107,0,107
"21038","6226光鼎","110/07/28","臺銀-民權",4,100,-96
"21039","6226光鼎","110/07/28","凱基-台北",103,1,102
"21040","6226光鼎","110/07/28","元大-潮州",11,102,-91
"21041","6226光鼎","110/07/28","台灣摩根士丹利",104,7,97
"21042","6226光鼎","110/07/28","華南永昌-嘉義",50,130,-80
"21043","6226光鼎","110/07/28","群益金鼎-館前",97,0,97
"21044","6226光鼎","110/07/28","台新證券",79,153,-74
"21045","6226光鼎","110/07/28","國泰-台中",97,20,77
"21046","6226光鼎","110/07/28","玉山-台南",4,74,-70
"21047","6226光鼎","110/07/28","元大-嘉義",83,16,67
"21048","6226光鼎","110/07/28","臺銀-臺中",6,65,-59
"21049","6226光鼎","110/07/28","新光-桃園",69,8,61
"21050","6226光鼎","110/07/28","富邦-仁愛",6,63,-57
"21051","6226光鼎","110/07/28","群益金鼎-三重",59,2,57
"21052","6226光鼎","110/07/28","凱基-大里",0,51,-51
"21053","6226光鼎","110/07/28","日盛-員林",63,12,51
"21054","6226光鼎","110/07/28","國泰-敦南",116,166,-50
"21055","6226光鼎","110/07/28","永豐金-松山",66,20,46
"21056","6226光鼎","110/07/28","元富-中港",2,51,-49
"21057","6226光鼎","110/07/28","統一-內湖",48,7,41
"21058","6226光鼎","110/07/28","群益金鼎-延平",0,49,-49
"21059","6226光鼎","110/07/28","凱基-高美館",51,10,41
"21060","6226光鼎","110/07/28","元大-新竹經國",5,53,-48
"21061","2363矽統","110/07/28","摩根大通",809,282,527
"21062","2363矽統","110/07/28","國泰-敦南",145,861,-716
"21063","2363矽統","110/07/28","美商高盛",532,264,268
"21064","2363矽統","110/07/28","元大-台中",18,384,-366
"21065","2363矽統","110/07/28","台新-三民",263,18,245
"21066","2363矽統","110/07/28","新光",197,525,-328
"21067","2363矽統","110/07/28","台新證券",929,703,226
"21068","2363矽統","110/07/28","群益金鼎-三民",24,266,-242
"21069","2363矽統","110/07/28","第一金-嘉義",154,0,154
"21070","2363矽統","110/07/28","凱基-斗六",0,187,-187
"21071","2363矽統","110/07/28","凱基-台北",1039,889,150
"21072","2363矽統","110/07/28","元大-上新莊",3,134,-131
"21073","2363矽統","110/07/28","永豐金-竹科",132,11,121
"21074","2363矽統","110/07/28","永豐金-彰化",5,134,-129
"21075","2363矽統","110/07/28","華南永昌-鳳山",146,34,112
"21076","2363矽統","110/07/28","日盛-二林",15,142,-127
"21077","2363矽統","110/07/28","第一金-新興",108,1,107
"21078","2363矽統","110/07/28","元大證券",18,125,-107
"21079","2363矽統","110/07/28","港商野村",673,568,105
"21080","2363矽統","110/07/28","新光-台南",25,129,-104
"21081","2363矽統","110/07/28","群益金鼎-桃園",111,11,100
"21082","2363矽統","110/07/28","統一",7,109,-102
"21083","2363矽統","110/07/28","台新-左楠",94,15,79
"21084","2363矽統","110/07/28","康和-南崁",11,108,-97
"21085","2363矽統","110/07/28","新加坡商瑞銀",789,711,78
"21086","2363矽統","110/07/28","國票",25,121,-96
"21087","2363矽統","110/07/28","國票-九鼎",99,26,73
"21088","2363矽統","110/07/28","群益金鼎-敦南",11,107,-96
"21089","2363矽統","110/07/28","兆豐-埔墘",62,0,62
"21090","2363矽統","110/07/28","兆豐-寶成",2,79,-77
"21091","8112至上","110/07/28","摩根大通",630,183,447
"21092","8112至上","110/07/28","永豐金-永康",0,242,-242
"21093","8112至上","110/07/28","合庫證券",317,21,296
"21094","8112至上","110/07/28","高橋",3,222,-219
"21095","8112至上","110/07/28","新加坡商瑞銀",417,132,285
"21096","8112至上","110/07/28","玉山證券",2,206,-204
"21097","8112至上","110/07/28","台灣摩根士丹利",253,58,195
"21098","8112至上","110/07/28","新光",50,206,-156
"21099","8112至上","110/07/28","港商野村",350,164,186
"21100","8112至上","110/07/28","永豐金-苓雅",2,102,-100
"21101","8112至上","110/07/28","美商高盛",184,7,177
"21102","8112至上","110/07/28","凱基-永和",0,80,-80
"21103","8112至上","110/07/28","美林",213,53,160
"21104","8112至上","110/07/28","華南永昌-新莊",60,134,-74
"21105","8112至上","110/07/28","花旗環球",86,16,70
"21106","8112至上","110/07/28","台新-松江",27,90,-63
"21107","8112至上","110/07/28","玉山-板橋",82,17,65
"21108","8112至上","110/07/28","宏遠證券",1,50,-49
"21109","8112至上","110/07/28","凱基-竹科",67,3,64
"21110","8112至上","110/07/28","元大-苑裡",23,72,-49
"21111","8112至上","110/07/28","元大-府城",56,0,56
"21112","8112至上","110/07/28","元大-基隆孝二",5,53,-48
"21113","8112至上","110/07/28","永豐金-內湖",37,0,37
"21114","8112至上","110/07/28","康和-仁愛",5,51,-46
"21115","8112至上","110/07/28","瑞士信貸",58,26,32
"21116","8112至上","110/07/28","台新證券",31,73,-42
"21117","8112至上","110/07/28","元大證券",60,29,31
"21118","8112至上","110/07/28","兆豐-公益",0,40,-40
"21119","8112至上","110/07/28","元富-新店",35,5,30
"21120","8112至上","110/07/28","中國信託-忠孝",1,37,-36
"21121","1570力肯","110/07/28","國泰-敦南",50,0,50
"21122","1570力肯","110/07/28","元大-高雄",0,42,-42
"21123","1570力肯","110/07/28","群益金鼎-高雄",31,0,31
"21124","1570力肯","110/07/28","國票-新莊",0,14,-14
"21125","1570力肯","110/07/28","元富-延平",15,0,15
"21126","1570力肯","110/07/28","凱基-站前",0,10,-10
"21127","1570力肯","110/07/28","(牛牛牛)亞-鑫豐",10,0,10
"21128","1570力肯","110/07/28","凱基-台北",0,10,-10
"21129","1570力肯","110/07/28","元富-緯城",6,0,6
"21130","1570力肯","110/07/28","元大-忠孝",0,10,-10
"21131","1570力肯","110/07/28","合庫-自強",5,0,5
"21132","1570力肯","110/07/28","台灣摩根士丹利",0,9,-9
"21133","1570力肯","110/07/28","臺銀-臺南",4,0,4
"21134","1570力肯","110/07/28","群益金鼎-板橋",0,8,-8
"21135","1570力肯","110/07/28","兆豐-台中港",3,0,3
"21136","1570力肯","110/07/28","永豐金-大園",0,7,-7
"21137","1570力肯","110/07/28","日盛-板橋",2,0,2
"21138","1570力肯","110/07/28","元大-台南",0,5,-5
"21139","1570力肯","110/07/28","統一-松江",2,0,2
"21140","1570力肯","110/07/28","合庫-台中",0,4,-4
"21141","1570力肯","110/07/28","台新-三民",2,0,2
"21142","1570力肯","110/07/28","富邦-板橋",0,3,-3
"21143","1570力肯","110/07/28","群益金鼎-土城",2,0,2
"21144","1570力肯","110/07/28","元大-板橋",0,3,-3
"21145","1570力肯","110/07/28","元大-和平",2,0,2
"21146","1570力肯","110/07/28","統一-桃園",0,2,-2
"21147","1570力肯","110/07/28","元大-土城永寧",2,0,2
"21148","1570力肯","110/07/28","凱基-三多",0,2,-2
"21149","1570力肯","110/07/28","大昌-樹林",1,0,1
"21150","1570力肯","110/07/28","華南永昌-高雄",0,2,-2
"21151","2929淘帝","110/07/28","日盛-八德",40,0,40
"21152","2929淘帝","110/07/28","凱基-林口",0,150,-150
"21153","2929淘帝","110/07/28","玉山-新竹",30,0,30
"21154","2929淘帝","110/07/28","日盛-台中",0,35,-35
"21155","2929淘帝","110/07/28","國泰-松江",33,3,30
"21156","2929淘帝","110/07/28","永豐金-永康",0,21,-21
"21157","2929淘帝","110/07/28","元大-民生",28,0,28
"21158","2929淘帝","110/07/28","新加坡商瑞銀",13,32,-19
"21159","2929淘帝","110/07/28","合庫-高雄",21,0,21
"21160","2929淘帝","110/07/28","國泰-敦南",2,20,-18
"21161","2929淘帝","110/07/28","華南永昌",20,0,20
"21162","2929淘帝","110/07/28","臺銀",2,17,-15
"21163","2929淘帝","110/07/28","台新證券",12,0,12
"21164","2929淘帝","110/07/28","群益金鼎-敦南",0,13,-13
"21165","2929淘帝","110/07/28","第一金-大稻埕",10,0,10
"21166","2929淘帝","110/07/28","富邦-建國",1,13,-12
"21167","2929淘帝","110/07/28","華南永昌-台中",10,0,10
"21168","2929淘帝","110/07/28","元富-城東",0,10,-10
"21169","2929淘帝","110/07/28","元大-士林",10,0,10
"21170","2929淘帝","110/07/28","兆豐-景美",0,8,-8
"21171","2929淘帝","110/07/28","元大-屏南",10,0,10
"21172","2929淘帝","110/07/28","美林",3,10,-7
"21173","2929淘帝","110/07/28","元大-員林",10,0,10
"21174","2929淘帝","110/07/28","元富-彰化",0,7,-7
"21175","2929淘帝","110/07/28","新光-桃園",9,0,9
"21176","2929淘帝","110/07/28","港商法國興業",0,6,-6
"21177","2929淘帝","110/07/28","日盛-景美",7,0,7
"21178","2929淘帝","110/07/28","新光-高雄",0,6,-6
"21179","2929淘帝","110/07/28","玉山證券",7,0,7
"21180","2929淘帝","110/07/28","港商野村",3,8,-5
"21181","5410國眾","110/07/28","兆豐-城中",38,0,38
"21182","5410國眾","110/07/28","兆豐-南門",3,80,-77
"21183","5410國眾","110/07/28","大展",20,0,20
"21184","5410國眾","110/07/28","摩根大通",12,56,-44
"21185","5410國眾","110/07/28","新光-桃園",20,0,20
"21186","5410國眾","110/07/28","凱基-台北",0,28,-28
"21187","5410國眾","110/07/28","凱基-竹北",20,0,20
"21188","5410國眾","110/07/28","亞東-板橋",0,20,-20
"21189","5410國眾","110/07/28","元大-新莊",17,0,17
"21190","5410國眾","110/07/28","統一-新台中",0,20,-20
"21191","5410國眾","110/07/28","新光",20,8,12
"21192","5410國眾","110/07/28","瑞士信貸",0,16,-16
"21193","5410國眾","110/07/28","國泰-敦南",11,0,11
"21194","5410國眾","110/07/28","新加坡商瑞銀",0,15,-15
"21195","5410國眾","110/07/28","日盛-內湖",10,0,10
"21196","5410國眾","110/07/28","統一-金門",0,15,-15
"21197","5410國眾","110/07/28","元富-新竹",10,0,10
"21198","5410國眾","110/07/28","元大-北投",0,12,-12
"21199","5410國眾","110/07/28","群益金鼎-永和",10,0,10
"21200","5410國眾","110/07/28","新百王",0,10,-10
"21201","5410國眾","110/07/28","華南永昌-中正",10,0,10
"21202","5410國眾","110/07/28","元大-館前",0,10,-10
"21203","5410國眾","110/07/28","元大-旗山",10,0,10
"21204","5410國眾","110/07/28","元富-安南",0,9,-9
"21205","5410國眾","110/07/28","元大-大天母",10,0,10
"21206","5410國眾","110/07/28","元大-龍潭",1,10,-9
"21207","5410國眾","110/07/28","大昌",9,0,9
"21208","5410國眾","110/07/28","港商野村",1,7,-6
"21209","5410國眾","110/07/28","臺銀-鳳山",8,0,8
"21210","5410國眾","110/07/28","元大-東泰",0,6,-6
"21211","2841台開","110/07/28","台新-台中",36,0,36
"21212","2841台開","110/07/28","元大-大雅",0,90,-90
"21213","2841台開","110/07/28","群益金鼎-大甲",24,0,24
"21214","2841台開","110/07/28","凱基-台北",0,73,-73
"21215","2841台開","110/07/28","永豐金-敦南",29,8,21
"21216","2841台開","110/07/28","港商野村",0,27,-27
"21217","2841台開","110/07/28","第一金-台中",20,0,20
"21218","2841台開","110/07/28","大慶-富順",0,20,-20
"21219","2841台開","110/07/28","元富-烏日",20,0,20
"21220","2841台開","110/07/28","豐農",0,17,-17
"21221","2841台開","110/07/28","元大-歸仁",20,0,20
"21222","2841台開","110/07/28","元大-大里德芳",0,15,-15
"21223","2841台開","110/07/28","永豐金-豐原",20,0,20
"21224","2841台開","110/07/28","日盛-大墩",0,10,-10
"21225","2841台開","110/07/28","日盛-花蓮",15,0,15
"21226","2841台開","110/07/28","元大-博愛",0,10,-10
"21227","2841台開","110/07/28","大昌-安康",18,3,15
"21228","2841台開","110/07/28","元大-豐原站前",0,10,-10
"21229","2841台開","110/07/28","陽信-石牌",13,0,13
"21230","2841台開","110/07/28","台新證券",6,13,-7
"21231","2841台開","110/07/28","台灣摩根士丹利",10,0,10
"21232","2841台開","110/07/28","台中銀",0,5,-5
"21233","2841台開","110/07/28","台新-高雄",10,0,10
"21234","2841台開","110/07/28","中國信託-中壢",0,5,-5
"21235","2841台開","110/07/28","國泰-忠孝",10,0,10
"21236","2841台開","110/07/28","元大-大同",0,5,-5
"21237","2841台開","110/07/28","元大-竹南",10,0,10
"21238","2841台開","110/07/28","元大-大益",0,4,-4
"21239","2841台開","110/07/28","元大-屏南",9,0,9
"21240","2841台開","110/07/28","元富-松德",0,3,-3
"21241","6207雷科","110/07/28","新加坡商瑞銀",153,44,109
"21242","6207雷科","110/07/28","康和-延平",0,48,-48
"21243","6207雷科","110/07/28","摩根大通",219,131,88
"21244","6207雷科","110/07/28","元富-大昌",0,33,-33
"21245","6207雷科","110/07/28","康和-台中",70,0,70
"21246","6207雷科","110/07/28","聯邦商銀",0,30,-30
"21247","6207雷科","110/07/28","凱基-台北",112,49,63
"21248","6207雷科","110/07/28","兆豐-三民",1,30,-29
"21249","6207雷科","110/07/28","凱基-復興",63,3,60
"21250","6207雷科","110/07/28","元大-龍潭",0,25,-25
"21251","6207雷科","110/07/28","群益金鼎-三民",59,8,51
"21252","6207雷科","110/07/28","宏遠證券",0,23,-23
"21253","6207雷科","110/07/28","永豐金-羅東",50,0,50
"21254","6207雷科","110/07/28","大昌-桃園",15,36,-21
"21255","6207雷科","110/07/28","美林",46,3,43
"21256","6207雷科","110/07/28","國泰-桃園",0,21,-21
"21257","6207雷科","110/07/28","群益金鼎-敦南",51,16,35
"21258","6207雷科","110/07/28","凱基-中壢",0,21,-21
"21259","6207雷科","110/07/28","日盛-忠孝",31,0,31
"21260","6207雷科","110/07/28","富邦-台北",4,24,-20
"21261","6207雷科","110/07/28","港商野村",32,8,24
"21262","6207雷科","110/07/28","臺銀-臺南",0,19,-19
"21263","6207雷科","110/07/28","群益金鼎-東門",22,0,22
"21264","6207雷科","110/07/28","新光",5,24,-19
"21265","6207雷科","110/07/28","統一-高雄",41,20,21
"21266","6207雷科","110/07/28","群益金鼎-大甲",1,20,-19
"21267","6207雷科","110/07/28","群益金鼎-延平",21,0,21
"21268","6207雷科","110/07/28","元大-中壢",10,28,-18
"21269","6207雷科","110/07/28","彰銀-台中",20,0,20
"21270","6207雷科","110/07/28","永豐金-北高雄",3,20,-17
"21271","3679新至陞","110/07/28","華南永昌-淡水",10,0,10
"21272","3679新至陞","110/07/28","瑞士信貸",0,25,-25
"21273","3679新至陞","110/07/28","富邦-嘉義",10,0,10
"21274","3679新至陞","110/07/28","凱基-台北",6,14,-8
"21275","3679新至陞","110/07/28","台中銀-員林",11,2,9
"21276","3679新至陞","110/07/28","美林",5,12,-7
"21277","3679新至陞","110/07/28","大昌-樹林",7,0,7
"21278","3679新至陞","110/07/28","摩根大通",5,11,-6
"21279","3679新至陞","110/07/28","康和-澎湖",5,0,5
"21280","3679新至陞","110/07/28","兆豐-新莊",0,5,-5
"21281","3679新至陞","110/07/28","富邦-台北",5,0,5
"21282","3679新至陞","110/07/28","群益金鼎-新莊",0,5,-5
"21283","3679新至陞","110/07/28","元大-成功",5,0,5
"21284","3679新至陞","110/07/28","台灣摩根士丹利",0,4,-4
"21285","3679新至陞","110/07/28","新加坡商瑞銀",3,0,3
"21286","3679新至陞","110/07/28","日盛-新竹",0,3,-3
"21287","3679新至陞","110/07/28","中國信託-新竹",3,0,3
"21288","3679新至陞","110/07/28","群益金鼎-東門",0,3,-3
"21289","3679新至陞","110/07/28","元大-新莊",3,0,3
"21290","3679新至陞","110/07/28","元大證券",0,3,-3
"21291","3679新至陞","110/07/28","宏遠-光隆",2,0,2
"21292","3679新至陞","110/07/28","元大-忠孝",0,3,-3
"21293","3679新至陞","110/07/28","大慶-蘆洲",2,0,2
"21294","3679新至陞","110/07/28","合庫-西台中",0,2,-2
"21295","3679新至陞","110/07/28","台新-左楠",2,0,2
"21296","3679新至陞","110/07/28","日盛-板橋",0,2,-2
"21297","3679新至陞","110/07/28","群益金鼎-三重",2,0,2
"21298","3679新至陞","110/07/28","國票-桃園",0,2,-2
"21299","3679新至陞","110/07/28","華南永昌-高雄",2,0,2
"21300","3679新至陞","110/07/28","台新-台南",0,2,-2
"21301","2727王品","110/07/28","凱基-台北",139,50,89
"21302","2727王品","110/07/28","新光-台中",9,68,-59
"21303","2727王品","110/07/28","美林",77,10,67
"21304","2727王品","110/07/28","瑞士信貸",16,54,-38
"21305","2727王品","110/07/28","港商野村",118,64,54
"21306","2727王品","110/07/28","華南永昌",4,41,-37
"21307","2727王品","110/07/28","國泰-敦南",51,30,21
"21308","2727王品","110/07/28","美商高盛",2,30,-28
"21309","2727王品","110/07/28","新加坡商瑞銀",58,38,20
"21310","2727王品","110/07/28","富邦-板橋",17,38,-21
"21311","2727王品","110/07/28","永豐金-中盛",24,4,20
"21312","2727王品","110/07/28","富邦-竹北",0,20,-20
"21313","2727王品","110/07/28","元大-南崁",20,2,18
"21314","2727王品","110/07/28","元大-小港",1,21,-20
"21315","2727王品","110/07/28","摩根大通",48,32,16
"21316","2727王品","110/07/28","凱基",0,18,-18
"21317","2727王品","110/07/28","臺銀-高雄",14,0,14
"21318","2727王品","110/07/28","統一",15,31,-16
"21319","2727王品","110/07/28","永豐金-桃盛",19,5,14
"21320","2727王品","110/07/28","國泰-台中",12,28,-16
"21321","2727王品","110/07/28","凱基-內湖",13,0,13
"21322","2727王品","110/07/28","元大-台中",7,22,-15
"21323","2727王品","110/07/28","永豐金-中正",15,2,13
"21324","2727王品","110/07/28","華南永昌-麻豆",0,14,-14
"21325","2727王品","110/07/28","富邦-建國",18,7,11
"21326","2727王品","110/07/28","永豐金-豐原",1,15,-14
"21327","2727王品","110/07/28","富邦-陽明",15,5,10
"21328","2727王品","110/07/28","國票-內壢",1,14,-13
"21329","2727王品","110/07/28","元大-南京",10,0,10
"21330","2727王品","110/07/28","永豐金證券",2,15,-13
"21331","1570力肯","110/07/28","國泰-敦南",50,0,50
"21332","1570力肯","110/07/28","元大-高雄",0,42,-42
"21333","1570力肯","110/07/28","群益金鼎-高雄",31,0,31
"21334","1570力肯","110/07/28","國票-新莊",0,14,-14
"21335","1570力肯","110/07/28","元富-延平",15,0,15
"21336","1570力肯","110/07/28","凱基-站前",0,10,-10
"21337","1570力肯","110/07/28","(牛牛牛)亞-鑫豐",10,0,10
"21338","1570力肯","110/07/28","凱基-台北",0,10,-10
"21339","1570力肯","110/07/28","元富-緯城",6,0,6
"21340","1570力肯","110/07/28","元大-忠孝",0,10,-10
"21341","1570力肯","110/07/28","合庫-自強",5,0,5
"21342","1570力肯","110/07/28","台灣摩根士丹利",0,9,-9
"21343","1570力肯","110/07/28","臺銀-臺南",4,0,4
"21344","1570力肯","110/07/28","群益金鼎-板橋",0,8,-8
"21345","1570力肯","110/07/28","兆豐-台中港",3,0,3
"21346","1570力肯","110/07/28","永豐金-大園",0,7,-7
"21347","1570力肯","110/07/28","日盛-板橋",2,0,2
"21348","1570力肯","110/07/28","元大-台南",0,5,-5
"21349","1570力肯","110/07/28","統一-松江",2,0,2
"21350","1570力肯","110/07/28","合庫-台中",0,4,-4
"21351","1570力肯","110/07/28","台新-三民",2,0,2
"21352","1570力肯","110/07/28","富邦-板橋",0,3,-3
"21353","1570力肯","110/07/28","群益金鼎-土城",2,0,2
"21354","1570力肯","110/07/28","元大-板橋",0,3,-3
"21355","1570力肯","110/07/28","元大-和平",2,0,2
"21356","1570力肯","110/07/28","統一-桃園",0,2,-2
"21357","1570力肯","110/07/28","元大-土城永寧",2,0,2
"21358","1570力肯","110/07/28","凱基-三多",0,2,-2
"21359","1570力肯","110/07/28","大昌-樹林",1,0,1
"21360","1570力肯","110/07/28","華南永昌-高雄",0,2,-2
"21361","6180橘子","110/07/28","凱基-台北",152,85,67
"21362","6180橘子","110/07/28","摩根大通",20,92,-72
"21363","6180橘子","110/07/28","新光",57,18,39
"21364","6180橘子","110/07/28","大慶-台中",0,33,-33
"21365","6180橘子","110/07/28","美商高盛",49,12,37
"21366","6180橘子","110/07/28","兆豐證券",0,25,-25
"21367","6180橘子","110/07/28","第一金-安和",20,0,20
"21368","6180橘子","110/07/28","元大-上新莊",0,22,-22
"21369","6180橘子","110/07/28","元富-桃園",20,0,20
"21370","6180橘子","110/07/28","新加坡商瑞銀",23,44,-21
"21371","6180橘子","110/07/28","第一金-員林",19,0,19
"21372","6180橘子","110/07/28","富邦-內湖",0,21,-21
"21373","6180橘子","110/07/28","富邦-嘉義",22,4,18
"21374","6180橘子","110/07/28","第一金-新興",0,20,-20
"21375","6180橘子","110/07/28","統一-嘉義",16,0,16
"21376","6180橘子","110/07/28","臺銀-臺南",5,22,-17
"21377","6180橘子","110/07/28","國票-九鼎",15,0,15
"21378","6180橘子","110/07/28","第一金-忠孝",0,10,-10
"21379","6180橘子","110/07/28","華南永昌-朴子",14,0,14
"21380","6180橘子","110/07/28","元富-屏東",0,10,-10
"21381","6180橘子","110/07/28","群益金鼎-台南",13,0,13
"21382","6180橘子","110/07/28","凱基-八德",1,11,-10
"21383","6180橘子","110/07/28","富邦-建國",13,1,12
"21384","6180橘子","110/07/28","元大-和平",1,11,-10
"21385","6180橘子","110/07/28","富邦-板橋",16,5,11
"21386","6180橘子","110/07/28","元大-台中中港",0,10,-10
"21387","6180橘子","110/07/28","元富-新店",10,0,10
"21388","6180橘子","110/07/28","元大-南屯",0,9,-9
"21389","6180橘子","110/07/28","元大-台南",10,0,10
"21390","6180橘子","110/07/28","永豐金-屏東",0,9,-9
"21391","2390云辰","110/07/28","摩根大通",1589,780,809
"21392","2390云辰","110/07/28","華南永昌-鳳山",34,290,-256
"21393","2390云辰","110/07/28","凱基-台北",457,300,157
"21394","2390云辰","110/07/28","凱基-基隆",0,224,-224
"21395","2390云辰","110/07/28","美林",330,206,124
"21396","2390云辰","110/07/28","元富-高雄",56,177,-121
"21397","2390云辰","110/07/28","元富-同大",159,35,124
"21398","2390云辰","110/07/28","元富-中港",1,100,-99
"21399","2390云辰","110/07/28","台灣摩根士丹利",193,71,122
"21400","2390云辰","110/07/28","兆豐-公益",4,100,-96
"21401","2390云辰","110/07/28","元大-前金",150,49,101
"21402","2390云辰","110/07/28","統一-新台中",180,274,-94
"21403","2390云辰","110/07/28","永豐金-鳳山",110,18,92
"21404","2390云辰","110/07/28","日盛-新莊",4,76,-72
"21405","2390云辰","110/07/28","元大-林園",99,11,88
"21406","2390云辰","110/07/28","永豐金-新店",0,57,-57
"21407","2390云辰","110/07/28","元大-信義",121,35,86
"21408","2390云辰","110/07/28","華南永昌-內壢",0,56,-56
"21409","2390云辰","110/07/28","美商高盛",206,123,83
"21410","2390云辰","110/07/28","第一金-豐原",9,63,-54
"21411","2390云辰","110/07/28","統一-城中",101,37,64
"21412","2390云辰","110/07/28","華南永昌-中正",13,67,-54
"21413","2390云辰","110/07/28","元大-竹山",75,20,55
"21414","2390云辰","110/07/28","元大-大益",7,59,-52
"21415","2390云辰","110/07/28","豐農",79,25,54
"21416","2390云辰","110/07/28","大慶",0,50,-50
"21417","2390云辰","110/07/28","新加坡商瑞銀",68,15,53
"21418","2390云辰","110/07/28","凱基-豐中",3,49,-46
"21419","2390云辰","110/07/28","統一-屏東",54,5,49
"21420","2390云辰","110/07/28","元大-彰化民生",7,51,-44
"21421","1471首利","110/07/27","永全-八德",50,0,50
"21422","1471首利","110/07/27","國票-九鼎",0,306,-306
"21423","1471首利","110/07/27","中國信託-松江",48,0,48
"21424","1471首利","110/07/27","兆豐-天母",1,115,-114
"21425","1471首利","110/07/27","富邦-嘉義",40,0,40
"21426","1471首利","110/07/27","美林",0,42,-42
"21427","1471首利","110/07/27","富邦-台南",33,0,33
"21428","1471首利","110/07/27","摩根大通",45,75,-30
"21429","1471首利","110/07/27","(牛牛牛)亞-鑫豐",32,0,32
"21430","1471首利","110/07/27","凱基-八德",0,30,-30
"21431","1471首利","110/07/27","台灣企銀-太平",25,0,25
"21432","1471首利","110/07/27","中國信託-高雄",0,25,-25
"21433","1471首利","110/07/27","群益金鼎-台中",23,0,23
"21434","1471首利","110/07/27","統一-新台中",0,24,-24
"21435","1471首利","110/07/27","元富-潮州",20,0,20
"21436","1471首利","110/07/27","聯邦-高雄",0,21,-21
"21437","1471首利","110/07/27","凱基-信義",20,0,20
"21438","1471首利","110/07/27","德信-中正",0,20,-20
"21439","1471首利","110/07/27","富邦-基隆",26,8,18
"21440","1471首利","110/07/27","元大-福營",3,20,-17
"21441","1471首利","110/07/27","日盛-高雄",17,0,17
"21442","1471首利","110/07/27","凱基-宜蘭",0,16,-16
"21443","1471首利","110/07/27","國泰-敦南",16,2,14
"21444","1471首利","110/07/27","凱基-天母",0,15,-15
"21445","1471首利","110/07/27","元大-大甲",13,0,13
"21446","1471首利","110/07/27","第一金-高雄",6,20,-14
"21447","1471首利","110/07/27","合庫-鳳山",12,0,12
"21448","1471首利","110/07/27","元大-中壢",0,13,-13
"21449","1471首利","110/07/27","日盛-大墩",12,0,12
"21450","1471首利","110/07/27","元富-安南",0,12,-12
"21451","2883開發金","110/07/27","元富",1762,67,1695
"21452","2883開發金","110/07/27","美林",0,11931,-11931
"21453","2883開發金","110/07/27","福邦證券",1450,0,1450
"21454","2883開發金","110/07/27","新加坡商瑞銀",1513,8370,-6857
"21455","2883開發金","110/07/27","凱基",1422,0,1422
"21456","2883開發金","110/07/27","凱基-台北",1081,5265,-4184
"21457","2883開發金","110/07/27","瑞士信貸",2044,731,1313
"21458","2883開發金","110/07/27","摩根大通",612,3392,-2780
"21459","2883開發金","110/07/27","台灣摩根士丹利",2112,921,1191
"21460","2883開發金","110/07/27","統一-仁愛",31,2002,-1971
"21461","2883開發金","110/07/27","新光",1474,461,1013
"21462","2883開發金","110/07/27","兆豐證券",192,1910,-1718
"21463","2883開發金","110/07/27","國票-長城",1003,20,983
"21464","2883開發金","110/07/27","(牛牛牛)亞-鑫豐",276,1815,-1539
"21465","2883開發金","110/07/27","台新證券",1207,362,845
"21466","2883開發金","110/07/27","永豐金-板橋",197,1610,-1413
"21467","2883開發金","110/07/27","港商野村",2209,1498,711
"21468","2883開發金","110/07/27","美商高盛",16,1337,-1321
"21469","2883開發金","110/07/27","永豐金-彰化",680,26,654
"21470","2883開發金","110/07/27","兆豐-北高雄",60,1360,-1300
"21471","2883開發金","110/07/27","台新-高雄",918,265,653
"21472","2883開發金","110/07/27","兆豐-景美",26,1070,-1044
"21473","2883開發金","110/07/27","國泰-敦南",1273,634,639
"21474","2883開發金","110/07/27","亞東-新竹",7,1001,-994
"21475","2883開發金","110/07/27","元大證券",876,246,630
"21476","2883開發金","110/07/27","富邦-羅東",201,1098,-897
"21477","2883開發金","110/07/27","致和證券",684,92,592
"21478","2883開發金","110/07/27","統一",159,811,-652
"21479","2883開發金","110/07/27","元大-民生",550,2,548
"21480","2883開發金","110/07/27","香港上海匯豐",0,584,-584
"21481","6205詮欣","110/07/27","土銀-和平",20,0,20
"21482","6205詮欣","110/07/27","摩根大通",3,22,-19
"21483","6205詮欣","110/07/27","臺銀-民權",20,6,14
"21484","6205詮欣","110/07/27","瑞士信貸",5,16,-11
"21485","6205詮欣","110/07/27","台新證券",5,0,5
"21486","6205詮欣","110/07/27","臺銀-鳳山",0,6,-6
"21487","6205詮欣","110/07/27","華南永昌-小港",5,0,5
"21488","6205詮欣","110/07/27","臺銀-新竹",0,5,-5
"21489","6205詮欣","110/07/27","日盛-新莊",4,0,4
"21490","6205詮欣","110/07/27","國票-和平",0,4,-4
"21491","6205詮欣","110/07/27","元富-三重",4,0,4
"21492","6205詮欣","110/07/27","凱基-東門",0,4,-4
"21493","6205詮欣","110/07/27","致和-佳里",4,1,3
"21494","6205詮欣","110/07/27","富邦-花蓮",0,3,-3
"21495","6205詮欣","110/07/27","華南永昌-岡山",3,0,3
"21496","6205詮欣","110/07/27","元大-北投",0,3,-3
"21497","6205詮欣","110/07/27","元大-成功",3,0,3
"21498","6205詮欣","110/07/27","元大-民生",2,5,-3
"21499","6205詮欣","110/07/27","土銀-嘉義",2,0,2
"21500","6205詮欣","110/07/27","日盛-三重",0,2,-2
"21501","6205詮欣","110/07/27","第一金-光復",2,0,2
"21502","6205詮欣","110/07/27","日盛-北高雄",0,2,-2
"21503","6205詮欣","110/07/27","統一-屏東",2,0,2
"21504","6205詮欣","110/07/27","港商野村",0,2,-2
"21505","6205詮欣","110/07/27","元富-新莊",2,0,2
"21506","6205詮欣","110/07/27","統一-彰化",0,2,-2
"21507","6205詮欣","110/07/27","兆豐-竹北",2,0,2
"21508","6205詮欣","110/07/27","永全",0,2,-2
"21509","6205詮欣","110/07/27","新光",2,0,2
"21510","6205詮欣","110/07/27","兆豐-西螺",0,2,-2
"21511","1540喬福","110/07/27","富邦-員林",10,0,10
"21512","1540喬福","110/07/27","合庫-台中",0,26,-26
"21513","1540喬福","110/07/27","元大-中壢",10,0,10
"21514","1540喬福","110/07/27","統一-新台中",0,25,-25
"21515","1540喬福","110/07/27","凱基-台中",8,0,8
"21516","1540喬福","110/07/27","元大-斗六",0,10,-10
"21517","1540喬福","110/07/27","大慶-中壢",5,0,5
"21518","1540喬福","110/07/27","凱基-中港",0,9,-9
"21519","1540喬福","110/07/27","兆豐-北高雄",5,0,5
"21520","1540喬福","110/07/27","國票-中正",0,8,-8
"21521","1540喬福","110/07/27","兆豐-三民",5,0,5
"21522","1540喬福","110/07/27","臺銀-臺中",0,5,-5
"21523","1540喬福","110/07/27","台新-台中",5,0,5
"21524","1540喬福","110/07/27","元富-中原",0,5,-5
"21525","1540喬福","110/07/27","國票-九鼎",4,0,4
"21526","1540喬福","110/07/27","新光-桃園",0,5,-5
"21527","1540喬福","110/07/27","富邦-高雄",5,1,4
"21528","1540喬福","110/07/27","大昌-新竹",0,4,-4
"21529","1540喬福","110/07/27","永豐金-羅東",4,0,4
"21530","1540喬福","110/07/27","元大-員林中山",0,4,-4
"21531","1540喬福","110/07/27","台新證券",3,0,3
"21532","1540喬福","110/07/27","群益金鼎-瑞豐",0,3,-3
"21533","1540喬福","110/07/27","華南永昌-台中",3,0,3
"21534","1540喬福","110/07/27","凱基-台北",0,3,-3
"21535","1540喬福","110/07/27","富邦-台東",3,0,3
"21536","1540喬福","110/07/27","富邦-建國",0,3,-3
"21537","1540喬福","110/07/27","元大-台中中港",3,0,3
"21538","1540喬福","110/07/27","國票-北投",0,2,-2
"21539","1540喬福","110/07/27","亞東",2,0,2
"21540","1540喬福","110/07/27","元大-鳳山",0,2,-2
"21541","2888新光金","110/07/27","台灣摩根士丹利",11737,746,10991
"21542","2888新光金","110/07/27","玉山-城中",112,6002,-5890
"21543","2888新光金","110/07/27","美林",3692,417,3275
"21544","2888新光金","110/07/27","新加坡商瑞銀",120,5935,-5815
"21545","2888新光金","110/07/27","凱基-台北",4378,2713,1665
"21546","2888新光金","110/07/27","摩根大通",1586,7187,-5601
"21547","2888新光金","110/07/27","凱基-台南",1551,3,1548
"21548","2888新光金","110/07/27","富邦-建國",298,5641,-5343
"21549","2888新光金","110/07/27","台新證券",1494,124,1370
"21550","2888新光金","110/07/27","第一金-高雄",81,5014,-4933
"21551","2888新光金","110/07/27","新光",2434,1212,1222
"21552","2888新光金","110/07/27","瑞士信貸",191,4524,-4333
"21553","2888新光金","110/07/27","元大-四維",1246,25,1221
"21554","2888新光金","110/07/27","兆豐-鹿港",45,2632,-2587
"21555","2888新光金","110/07/27","富隆-長安",1070,0,1070
"21556","2888新光金","110/07/27","國票-彰化",3,1803,-1800
"21557","2888新光金","110/07/27","永豐金-萬盛",1052,0,1052
"21558","2888新光金","110/07/27","港商野村",0,1434,-1434
"21559","2888新光金","110/07/27","法銀巴黎",1116,120,996
"21560","2888新光金","110/07/27","統一-高雄",173,1511,-1338
"21561","2888新光金","110/07/27","凱基-竹科",853,4,849
"21562","2888新光金","110/07/27","群益金鼎-古亭",40,1202,-1162
"21563","2888新光金","110/07/27","元大-斗信",874,50,824
"21564","2888新光金","110/07/27","日盛-樹林",34,1034,-1000
"21565","2888新光金","110/07/27","日盛-景美",811,119,692
"21566","2888新光金","110/07/27","統一-土城",18,1000,-982
"21567","2888新光金","110/07/27","元富-世貿",568,2,566
"21568","2888新光金","110/07/27","元大-鹿港",125,1057,-932
"21569","2888新光金","110/07/27","日盛-雙和",567,2,565
"21570","2888新光金","110/07/27","新光-桃園",91,993,-902
"21571","1340勝悅","110/07/27","亞東-台中",15,0,15
"21572","1340勝悅","110/07/27","凱基-岡山",0,25,-25
"21573","1340勝悅","110/07/27","元大-路竹",15,0,15
"21574","1340勝悅","110/07/27","合庫-嘉義",0,14,-14
"21575","1340勝悅","110/07/27","臺銀-臺中",7,0,7
"21576","1340勝悅","110/07/27","元大-北港",0,14,-14
"21577","1340勝悅","110/07/27","台新-台中",7,0,7
"21578","1340勝悅","110/07/27","凱基-台北",0,12,-12
"21579","1340勝悅","110/07/27","元大-屏南",6,0,6
"21580","1340勝悅","110/07/27","兆豐-三民",0,7,-7
"21581","1340勝悅","110/07/27","臺灣企銀-埔墘",5,0,5
"21582","1340勝悅","110/07/27","華南永昌-台中",1,7,-6
"21583","1340勝悅","110/07/27","日盛-板橋",5,0,5
"21584","1340勝悅","110/07/27","日盛-信義",0,5,-5
"21585","1340勝悅","110/07/27","日盛-新莊",5,0,5
"21586","1340勝悅","110/07/27","德信-和平",0,5,-5
"21587","1340勝悅","110/07/27","臺銀-鳳山",4,0,4
"21588","1340勝悅","110/07/27","台新證券",0,5,-5
"21589","1340勝悅","110/07/27","玉山-城中",4,0,4
"21590","1340勝悅","110/07/27","新光-高雄",0,4,-4
"21591","1340勝悅","110/07/27","美商高盛",3,0,3
"21592","1340勝悅","110/07/27","瑞士信貸",0,2,-2
"21593","1340勝悅","110/07/27","(牛牛牛)亞-鑫豐",3,0,3
"21594","1340勝悅","110/07/27","港商野村",0,2,-2
"21595","1340勝悅","110/07/27","國票-長城",2,0,2
"21596","1340勝悅","110/07/27","台新-高雄",1,3,-2
"21597","1340勝悅","110/07/27","新光",2,0,2
"21598","1340勝悅","110/07/27","玉山證券",0,2,-2
"21599","1340勝悅","110/07/27","群益金鼎-館前",2,0,2
"21600","1340勝悅","110/07/27","玉山-南京東路",0,2,-2
"21601","6246臺龍","110/07/27","永豐金-桃園",135,0,135
"21602","6246臺龍","110/07/27","元大-木柵",0,59,-59
"21603","6246臺龍","110/07/27","港商野村",111,30,81
"21604","6246臺龍","110/07/27","日盛-景美",0,52,-52
"21605","6246臺龍","110/07/27","元大-西螺",31,0,31
"21606","6246臺龍","110/07/27","華南永昌-彰化",0,46,-46
"21607","6246臺龍","110/07/27","群益金鼎-鳳山",27,0,27
"21608","6246臺龍","110/07/27","兆豐-松德",0,43,-43
"21609","6246臺龍","110/07/27","永豐金-虎尾",27,0,27
"21610","6246臺龍","110/07/27","華南永昌-公誠",5,35,-30
"21611","6246臺龍","110/07/27","玉山-台南",28,2,26
"21612","6246臺龍","110/07/27","凱基-幸福",0,28,-28
"21613","6246臺龍","110/07/27","元大-西屯",25,0,25
"21614","6246臺龍","110/07/27","元富-安南",0,22,-22
"21615","6246臺龍","110/07/27","國泰-忠孝",23,0,23
"21616","6246臺龍","110/07/27","日盛-文化",0,20,-20
"21617","6246臺龍","110/07/27","元大-大里",21,0,21
"21618","6246臺龍","110/07/27","兆豐-寶成",0,20,-20
"21619","6246臺龍","110/07/27","兆豐-竹北",20,0,20
"21620","6246臺龍","110/07/27","華南永昌-虎尾",0,20,-20
"21621","6246臺龍","110/07/27","元大-員林",20,0,20
"21622","6246臺龍","110/07/27","永豐金-埔里",0,19,-19
"21623","6246臺龍","110/07/27","永豐金-敦南",20,0,20
"21624","6246臺龍","110/07/27","兆豐-新營",2,20,-18
"21625","6246臺龍","110/07/27","永豐金-羅東",23,5,18
"21626","6246臺龍","110/07/27","新光-台中",3,20,-17
"21627","6246臺龍","110/07/27","永豐金-桃盛",18,0,18
"21628","6246臺龍","110/07/27","凱基-市政",0,17,-17
"21629","6246臺龍","110/07/27","統一",16,0,16
"21630","6246臺龍","110/07/27","元大-蘆洲",0,16,-16
"21631","00715L期街口布蘭特正2","110/07/27","元大證券",10436,28,10408
"21632","00715L期街口布蘭特正2","110/07/27","元大-萬華",0,751,-751
"21633","00715L期街口布蘭特正2","110/07/27","凱基-台北",4269,129,4140
"21634","00715L期街口布蘭特正2","110/07/27","元大-大里德芳",0,734,-734
"21635","00715L期街口布蘭特正2","110/07/27","群益金鼎",3798,0,3798
"21636","00715L期街口布蘭特正2","110/07/27","新光",380,1105,-725
"21637","00715L期街口布蘭特正2","110/07/27","永豐金證券",2610,22,2588
"21638","00715L期街口布蘭特正2","110/07/27","(牛牛牛)亞-網路",10,697,-687
"21639","00715L期街口布蘭特正2","110/07/27","國票",2605,21,2584
"21640","00715L期街口布蘭特正2","110/07/27","日盛-新莊",5,550,-545
"21641","00715L期街口布蘭特正2","110/07/27","富邦證券",1522,0,1522
"21642","00715L期街口布蘭特正2","110/07/27","玉山-高雄",7,494,-487
"21643","00715L期街口布蘭特正2","110/07/27","合庫證券",1507,239,1268
"21644","00715L期街口布蘭特正2","110/07/27","華南永昌",1,471,-470
"21645","00715L期街口布蘭特正2","110/07/27","元富",1102,0,1102
"21646","00715L期街口布蘭特正2","110/07/27","華南永昌-竹北",0,469,-469
"21647","00715L期街口布蘭特正2","110/07/27","凱基",980,0,980
"21648","00715L期街口布蘭特正2","110/07/27","兆豐-嘉義",0,420,-420
"21649","00715L期街口布蘭特正2","110/07/27","國票-博愛",702,0,702
"21650","00715L期街口布蘭特正2","110/07/27","國票-九鼎",0,409,-409
"21651","00715L期街口布蘭特正2","110/07/27","統一",796,117,679
"21652","00715L期街口布蘭特正2","110/07/27","統一-高雄",0,405,-405
"21653","00715L期街口布蘭特正2","110/07/27","華南永昌-長虹",810,185,625
"21654","00715L期街口布蘭特正2","110/07/27","富邦-彰化",0,402,-402
"21655","00715L期街口布蘭特正2","110/07/27","港商野村",1076,494,582
"21656","00715L期街口布蘭特正2","110/07/27","元大-羅東",0,400,-400
"21657","00715L期街口布蘭特正2","110/07/27","永豐金-三重",500,16,484
"21658","00715L期街口布蘭特正2","110/07/27","富邦-高雄",0,398,-398
"21659","00715L期街口布蘭特正2","110/07/27","元大-敦化",420,0,420
"21660","00715L期街口布蘭特正2","110/07/27","新光-台中",17,391,-374
"21661","8941關中","110/07/27","富邦-仁愛",4,0,4
"21662","8941關中","110/07/27","光和-溪湖",0,2,-2
"21663","8941關中","110/07/27","日盛-新莊",1,0,1
"21664","8941關中","110/07/27","富邦-園區",0,2,-2
"21665","8941關中","110/07/27","台新-高雄",1,0,1
"21666","8941關中","110/07/27","合庫-高雄",0,1,-1
"21667","8941關中","110/07/27","元大-金華",1,0,1
"21668","8941關中","110/07/27","凱基-台北",0,1,-1
"21669","8941關中","110/07/27","臺銀-鳳山",0,0,0
"21670","8941關中","110/07/27","富邦-台東",0,1,-1
"21671","8941關中","110/07/27","日盛-花蓮",0,0,0
"21672","8941關中","110/07/27","臺銀-鳳山",0,0,0
"21673","8941關中","110/07/27","康和-板橋",0,0,0
"21674","8941關中","110/07/27","日盛-花蓮",0,0,0
"21675","8941關中","110/07/27","富邦-宜蘭",0,0,0
"21676","8941關中","110/07/27","康和-板橋",0,0,0
"21677","8941關中","110/07/27","元大-新竹經國",0,0,0
"21678","8941關中","110/07/27","富邦-宜蘭",0,0,0
"21679","8941關中","110/07/27","永豐金-萬盛",0,0,0
"21680","8941關中","110/07/27","元大-新竹經國",0,0,0
"21681","8941關中","110/07/27","永豐金-桃盛",0,0,0
"21682","8941關中","110/07/27","永豐金-萬盛",0,0,0
"21683","8941關中","110/07/27","",NA,NA,NA
"21684","8941關中","110/07/27","永豐金-桃盛",0,0,0
"21685","8941關中","110/07/27","",NA,NA,NA
"21686","8941關中","110/07/27","",NA,NA,NA
"21687","8941關中","110/07/27","",NA,NA,NA
"21688","8941關中","110/07/27","",NA,NA,NA
"21689","8941關中","110/07/27","",NA,NA,NA
"21690","8941關中","110/07/27","",NA,NA,NA
"21691","8936國統","110/07/27","日盛-景美",100,0,100
"21692","8936國統","110/07/27","摩根大通",115,220,-105
"21693","8936國統","110/07/27","大慶-蘆洲",90,0,90
"21694","8936國統","110/07/27","玉山-桃園",0,75,-75
"21695","8936國統","110/07/27","台新-建北",60,0,60
"21696","8936國統","110/07/27","凱基-台北",13,77,-64
"21697","8936國統","110/07/27","日盛-忠孝",40,1,39
"21698","8936國統","110/07/27","元富-大昌",2,50,-48
"21699","8936國統","110/07/27","新加坡商瑞銀",109,71,38
"21700","8936國統","110/07/27","華南永昌-台中",4,45,-41
"21701","8936國統","110/07/27","華南永昌",30,0,30
"21702","8936國統","110/07/27","新光-台中",26,66,-40
"21703","8936國統","110/07/27","兆豐-來福",29,0,29
"21704","8936國統","110/07/27","台灣摩根士丹利",20,54,-34
"21705","8936國統","110/07/27","元大-旗山",28,0,28
"21706","8936國統","110/07/27","元大-東蘆",0,34,-34
"21707","8936國統","110/07/27","元大-松江",27,0,27
"21708","8936國統","110/07/27","富邦-仁愛",1,34,-33
"21709","8936國統","110/07/27","新光",41,19,22
"21710","8936國統","110/07/27","凱基-板橋",0,31,-31
"21711","8936國統","110/07/27","元富-林園",20,0,20
"21712","8936國統","110/07/27","凱基-信義",0,30,-30
"21713","8936國統","110/07/27","玉山-高雄",20,0,20
"21714","8936國統","110/07/27","瑞士信貸",1,30,-29
"21715","8936國統","110/07/27","凱基-桃園",23,3,20
"21716","8936國統","110/07/27","元大-花蓮",2,24,-22
"21717","8936國統","110/07/27","永豐金-永康",20,0,20
"21718","8936國統","110/07/27","元富-緯城",0,20,-20
"21719","8936國統","110/07/27","日盛-屏東",23,4,19
"21720","8936國統","110/07/27","群益金鼎-宜蘭",0,20,-20
"21721","6226光鼎","110/07/27","第一金-忠孝",405,4,401
"21722","6226光鼎","110/07/27","華南永昌-台南",5,240,-235
"21723","6226光鼎","110/07/27","台新-台中",272,75,197
"21724","6226光鼎","110/07/27","大慶-泰山",0,201,-201
"21725","6226光鼎","110/07/27","凱基-和平",155,7,148
"21726","6226光鼎","110/07/27","富邦-員林",2,151,-149
"21727","6226光鼎","110/07/27","新加坡商瑞銀",133,0,133
"21728","6226光鼎","110/07/27","群益金鼎-東大",23,165,-142
"21729","6226光鼎","110/07/27","統一-敦南",126,3,123
"21730","6226光鼎","110/07/27","元大-景美",3,132,-129
"21731","6226光鼎","110/07/27","台灣摩根士丹利",129,8,121
"21732","6226光鼎","110/07/27","台新-高雄",84,186,-102
"21733","6226光鼎","110/07/27","統一-新竹",117,1,116
"21734","6226光鼎","110/07/27","合庫證券",27,121,-94
"21735","6226光鼎","110/07/27","日盛證券",122,13,109
"21736","6226光鼎","110/07/27","致和-佳里",5,81,-76
"21737","6226光鼎","110/07/27","元大-潮州",101,1,100
"21738","6226光鼎","110/07/27","永豐金-南投",3,77,-74
"21739","6226光鼎","110/07/27","國泰-敦南",232,145,87
"21740","6226光鼎","110/07/27","台新-新莊",1,57,-56
"21741","6226光鼎","110/07/27","摩根大通",86,0,86
"21742","6226光鼎","110/07/27","日盛-中壢",11,64,-53
"21743","6226光鼎","110/07/27","元富",80,0,80
"21744","6226光鼎","110/07/27","日進",11,63,-52
"21745","6226光鼎","110/07/27","華南永昌-嘉義",80,1,79
"21746","6226光鼎","110/07/27","高橋",13,64,-51
"21747","6226光鼎","110/07/27","元大-高雄",70,3,67
"21748","6226光鼎","110/07/27","元大-土城",1,52,-51
"21749","6226光鼎","110/07/27","華南永昌",82,21,61
"21750","6226光鼎","110/07/27","華南永昌-林口",11,60,-49
"21751","2363矽統","110/07/27","國泰-敦南",541,118,423
"21752","2363矽統","110/07/27","摩根大通",317,1405,-1088
"21753","2363矽統","110/07/27","台新證券",564,333,231
"21754","2363矽統","110/07/27","美林",210,1095,-885
"21755","2363矽統","110/07/27","元大-沙鹿",196,9,187
"21756","2363矽統","110/07/27","港商野村",275,1065,-790
"21757","2363矽統","110/07/27","新光",300,151,149
"21758","2363矽統","110/07/27","凱基-台北",518,1192,-674
"21759","2363矽統","110/07/27","華南永昌-台南",108,3,105
"21760","2363矽統","110/07/27","新加坡商瑞銀",213,703,-490
"21761","2363矽統","110/07/27","華南永昌-朴子",140,43,97
"21762","2363矽統","110/07/27","富邦-南屯",6,272,-266
"21763","2363矽統","110/07/27","華南永昌-公誠",109,13,96
"21764","2363矽統","110/07/27","美商高盛",31,233,-202
"21765","2363矽統","110/07/27","元富-松德",95,1,94
"21766","2363矽統","110/07/27","元大證券",38,235,-197
"21767","2363矽統","110/07/27","中國信託-永康",102,8,94
"21768","2363矽統","110/07/27","永豐金證券",15,201,-186
"21769","2363矽統","110/07/27","台新-三民",111,21,90
"21770","2363矽統","110/07/27","亞東",46,206,-160
"21771","2363矽統","110/07/27","凱基-中港",85,3,82
"21772","2363矽統","110/07/27","群益金鼎",21,169,-148
"21773","2363矽統","110/07/27","元富-烏日",87,6,81
"21774","2363矽統","110/07/27","第一金-嘉義",0,100,-100
"21775","2363矽統","110/07/27","富邦-台北",135,56,79
"21776","2363矽統","110/07/27","凱基-彰化",9,100,-91
"21777","2363矽統","110/07/27","元大-復北",81,12,69
"21778","2363矽統","110/07/27","元富-佳里",27,97,-70
"21779","2363矽統","110/07/27","中國信託-忠孝",94,26,68
"21780","2363矽統","110/07/27","合庫-桃園",8,76,-68
"21781","8112至上","110/07/27","凱基-竹科",300,10,290
"21782","8112至上","110/07/27","凱基-三重",1,501,-500
"21783","8112至上","110/07/27","台灣摩根士丹利",271,49,222
"21784","8112至上","110/07/27","美林",21,339,-318
"21785","8112至上","110/07/27","摩根大通",488,427,61
"21786","8112至上","110/07/27","凱基-台北",423,615,-192
"21787","8112至上","110/07/27","香港上海匯豐",61,0,61
"21788","8112至上","110/07/27","港商野村",83,183,-100
"21789","8112至上","110/07/27","日盛證券",62,4,58
"21790","8112至上","110/07/27","永豐金-台南",2,79,-77
"21791","8112至上","110/07/27","元大-基隆孝二",52,0,52
"21792","8112至上","110/07/27","福邦證券",0,71,-71
"21793","8112至上","110/07/27","永豐金-中正",59,7,52
"21794","8112至上","110/07/27","兆豐-天母",0,50,-50
"21795","8112至上","110/07/27","群益金鼎-高盛",47,0,47
"21796","8112至上","110/07/27","元富-林園",3,52,-49
"21797","8112至上","110/07/27","永豐金-內湖",47,0,47
"21798","8112至上","110/07/27","永豐金-苓雅",1,50,-49
"21799","8112至上","110/07/27","富邦-台北",45,5,40
"21800","8112至上","110/07/27","元大-新莊",9,53,-44
"21801","8112至上","110/07/27","台新證券",78,39,39
"21802","8112至上","110/07/27","第一金-路竹",20,57,-37
"21803","8112至上","110/07/27","新光-台中",44,7,37
"21804","8112至上","110/07/27","新光-桃園",2,36,-34
"21805","8112至上","110/07/27","元大-羅東",38,1,37
"21806","8112至上","110/07/27","元大-東港",0,27,-27
"21807","8112至上","110/07/27","新光",101,65,36
"21808","8112至上","110/07/27","國泰-松江",2,28,-26
"21809","8112至上","110/07/27","元大-新竹",63,28,35
"21810","8112至上","110/07/27","群益金鼎-潭子",2,28,-26
"21811","1570力肯","110/07/27","國票-北高雄",7,0,7
"21812","1570力肯","110/07/27","元大-高雄",0,16,-16
"21813","1570力肯","110/07/27","富邦-陽明",5,0,5
"21814","1570力肯","110/07/27","國票-新莊",0,5,-5
"21815","1570力肯","110/07/27","元大-民雄",3,0,3
"21816","1570力肯","110/07/27","凱基-台北",0,5,-5
"21817","1570力肯","110/07/27","凱基-大里",3,0,3
"21818","1570力肯","110/07/27","美林",0,2,-2
"21819","1570力肯","110/07/27","凱基-長庚",3,0,3
"21820","1570力肯","110/07/27","富邦-南屯",0,2,-2
"21821","1570力肯","110/07/27","元大-新莊",2,0,2
"21822","1570力肯","110/07/27","元大-南崁",0,2,-2
"21823","1570力肯","110/07/27","大昌-樹林",2,0,2
"21824","1570力肯","110/07/27","元大-板橋",0,2,-2
"21825","1570力肯","110/07/27","台新-台中",2,0,2
"21826","1570力肯","110/07/27","新光",0,1,-1
"21827","1570力肯","110/07/27","新光-新竹",2,0,2
"21828","1570力肯","110/07/27","國泰-板橋",0,1,-1
"21829","1570力肯","110/07/27","富邦-左營",2,0,2
"21830","1570力肯","110/07/27","凱基-鳳山",0,1,-1
"21831","1570力肯","110/07/27","群益金鼎-土城",1,0,1
"21832","1570力肯","110/07/27","(牛牛牛)亞-鑫豐",2,2,0
"21833","1570力肯","110/07/27","凱基-竹東",1,0,1
"21834","1570力肯","110/07/27","元大-新盛",1,1,0
"21835","1570力肯","110/07/27","日盛-員林",1,0,1
"21836","1570力肯","110/07/27","",NA,NA,NA
"21837","1570力肯","110/07/27","玉山-板橋",1,0,1
"21838","1570力肯","110/07/27","",NA,NA,NA
"21839","1570力肯","110/07/27","元富-同大",1,0,1
"21840","1570力肯","110/07/27","",NA,NA,NA
"21841","2929淘帝","110/07/27","元大-民生",28,0,28
"21842","2929淘帝","110/07/27","元大-鳳山",0,20,-20
"21843","2929淘帝","110/07/27","臺銀-民權",18,0,18
"21844","2929淘帝","110/07/27","港商野村",1,18,-17
"21845","2929淘帝","110/07/27","合庫-高雄",13,0,13
"21846","2929淘帝","110/07/27","玉山-板橋",0,15,-15
"21847","2929淘帝","110/07/27","永興-水湳",10,0,10
"21848","2929淘帝","110/07/27","美林",0,10,-10
"21849","2929淘帝","110/07/27","富邦-陽明",10,0,10
"21850","2929淘帝","110/07/27","凱基-八德",0,10,-10
"21851","2929淘帝","110/07/27","元大-中和",10,0,10
"21852","2929淘帝","110/07/27","永豐金證券",0,9,-9
"21853","2929淘帝","110/07/27","國泰-館前",6,0,6
"21854","2929淘帝","110/07/27","新加坡商瑞銀",10,18,-8
"21855","2929淘帝","110/07/27","富邦-內湖",6,0,6
"21856","2929淘帝","110/07/27","富邦-台北",0,8,-8
"21857","2929淘帝","110/07/27","合庫-台南",5,0,5
"21858","2929淘帝","110/07/27","宏遠-台中",0,7,-7
"21859","2929淘帝","110/07/27","凱基-東門",5,0,5
"21860","2929淘帝","110/07/27","元富-潮州",0,7,-7
"21861","2929淘帝","110/07/27","元大-大益",5,0,5
"21862","2929淘帝","110/07/27","群益金鼎-延平",0,6,-6
"21863","2929淘帝","110/07/27","元大-屏南",5,0,5
"21864","2929淘帝","110/07/27","元大-文心",0,6,-6
"21865","2929淘帝","110/07/27","永豐金-板盛",5,0,5
"21866","2929淘帝","110/07/27","永豐金-中壢",0,6,-6
"21867","2929淘帝","110/07/27","臺銀",4,0,4
"21868","2929淘帝","110/07/27","美商高盛",0,5,-5
"21869","2929淘帝","110/07/27","永豐金-市政",4,0,4
"21870","2929淘帝","110/07/27","兆豐-南門",0,5,-5
"21871","5410國眾","110/07/27","摩根大通",47,0,47
"21872","5410國眾","110/07/27","元富-嘉義",0,48,-48
"21873","5410國眾","110/07/27","兆豐-城中",43,0,43
"21874","5410國眾","110/07/27","統一-平鎮",0,20,-20
"21875","5410國眾","110/07/27","香港上海匯豐",36,0,36
"21876","5410國眾","110/07/27","元大-大益",0,18,-18
"21877","5410國眾","110/07/27","港商麥格理",26,0,26
"21878","5410國眾","110/07/27","凱基-台北",0,16,-16
"21879","5410國眾","110/07/27","元富-大昌",21,0,21
"21880","5410國眾","110/07/27","凱基-站前",0,15,-15
"21881","5410國眾","110/07/27","元富-四維",20,0,20
"21882","5410國眾","110/07/27","元大-南勢角",0,13,-13
"21883","5410國眾","110/07/27","新光-台中",20,0,20
"21884","5410國眾","110/07/27","日盛-忠孝",0,11,-11
"21885","5410國眾","110/07/27","統一-金門",15,0,15
"21886","5410國眾","110/07/27","玉山-板橋",0,11,-11
"21887","5410國眾","110/07/27","玉山-高雄",15,0,15
"21888","5410國眾","110/07/27","元大-崇德",0,11,-11
"21889","5410國眾","110/07/27","凱基-竹北",15,0,15
"21890","5410國眾","110/07/27","元大-大天母",0,11,-11
"21891","5410國眾","110/07/27","元大-新莊",14,1,13
"21892","5410國眾","110/07/27","元富-松德",0,10,-10
"21893","5410國眾","110/07/27","華南永昌-中正",14,4,10
"21894","5410國眾","110/07/27","豐農",0,10,-10
"21895","5410國眾","110/07/27","元大-屏南",10,0,10
"21896","5410國眾","110/07/27","新光-新竹",0,10,-10
"21897","5410國眾","110/07/27","元大-中和",10,0,10
"21898","5410國眾","110/07/27","凱基-虎尾",0,10,-10
"21899","5410國眾","110/07/27","台新證券",10,1,9
"21900","5410國眾","110/07/27","元大-善化",0,10,-10
"21901","2841台開","110/07/27","日盛證券",620,0,620
"21902","2841台開","110/07/27","玉山-新竹",0,312,-312
"21903","2841台開","110/07/27","永豐金-豐原",65,0,65
"21904","2841台開","110/07/27","港商野村",0,216,-216
"21905","2841台開","110/07/27","元大-南投",50,0,50
"21906","2841台開","110/07/27","永興-水湳",0,90,-90
"21907","2841台開","110/07/27","台灣摩根士丹利",40,0,40
"21908","2841台開","110/07/27","凱基-興隆",0,64,-64
"21909","2841台開","110/07/27","玉山-高雄",29,0,29
"21910","2841台開","110/07/27","美林",0,30,-30
"21911","2841台開","110/07/27","第一金-台中",20,0,20
"21912","2841台開","110/07/27","國泰-松江",5,35,-30
"21913","2841台開","110/07/27","凱基-市政",20,0,20
"21914","2841台開","110/07/27","台新-左楠",0,25,-25
"21915","2841台開","110/07/27","群益金鼎-大甲",18,1,17
"21916","2841台開","110/07/27","大昌-樹林",0,20,-20
"21917","2841台開","110/07/27","台中銀",16,1,15
"21918","2841台開","110/07/27","富邦-仁愛",0,20,-20
"21919","2841台開","110/07/27","國泰-板橋",12,0,12
"21920","2841台開","110/07/27","致和-南京",0,16,-16
"21921","2841台開","110/07/27","群益金鼎-基隆",10,0,10
"21922","2841台開","110/07/27","凱基-台北",2,16,-14
"21923","2841台開","110/07/27","華南永昌-新莊",10,0,10
"21924","2841台開","110/07/27","日盛-台南",0,10,-10
"21925","2841台開","110/07/27","元大-福營",10,0,10
"21926","2841台開","110/07/27","國票-台東",0,10,-10
"21927","2841台開","110/07/27","元大-歸仁",10,0,10
"21928","2841台開","110/07/27","台新-台中",5,15,-10
"21929","2841台開","110/07/27","中國信託-文心",5,0,5
"21930","2841台開","110/07/27","凱基-台中",0,10,-10
"21931","6207雷科","110/07/27","摩根大通",249,119,130
"21932","6207雷科","110/07/27","永豐金-台南",2,82,-80
"21933","6207雷科","110/07/27","群益金鼎-丹鳳",70,0,70
"21934","6207雷科","110/07/27","永豐金-內湖",39,109,-70
"21935","6207雷科","110/07/27","群益金鼎-東門",42,0,42
"21936","6207雷科","110/07/27","新加坡商瑞銀",22,76,-54
"21937","6207雷科","110/07/27","永豐金-敦南",38,4,34
"21938","6207雷科","110/07/27","新光-高雄",4,57,-53
"21939","6207雷科","110/07/27","凱基-復興",30,0,30
"21940","6207雷科","110/07/27","瑞士信貸",0,40,-40
"21941","6207雷科","110/07/27","元大-東門",30,0,30
"21942","6207雷科","110/07/27","凱基-高雄",4,43,-39
"21943","6207雷科","110/07/27","大昌-桃園",33,8,25
"21944","6207雷科","110/07/27","華南永昌-高雄",4,40,-36
"21945","6207雷科","110/07/27","富邦-虎尾",24,0,24
"21946","6207雷科","110/07/27","新光",11,44,-33
"21947","6207雷科","110/07/27","凱基-羅東",24,2,22
"21948","6207雷科","110/07/27","日盛-板橋中山",0,29,-29
"21949","6207雷科","110/07/27","群益金鼎-延平",21,0,21
"21950","6207雷科","110/07/27","元大-六合",3,30,-27
"21951","6207雷科","110/07/27","群益金鼎-屏東",20,0,20
"21952","6207雷科","110/07/27","中國信託-新竹",7,33,-26
"21953","6207雷科","110/07/27","永豐金-埔里",20,0,20
"21954","6207雷科","110/07/27","元富-城中",0,23,-23
"21955","6207雷科","110/07/27","康和-延平",21,3,18
"21956","6207雷科","110/07/27","元大-大雅",2,20,-18
"21957","6207雷科","110/07/27","群益金鼎-中壢",20,2,18
"21958","6207雷科","110/07/27","永豐金-新莊",2,20,-18
"21959","6207雷科","110/07/27","宏遠證券",31,15,16
"21960","6207雷科","110/07/27","富邦-台中",5,21,-16
"21961","3679新至陞","110/07/27","凱基-市政",25,0,25
"21962","3679新至陞","110/07/27","瑞士信貸",0,13,-13
"21963","3679新至陞","110/07/27","兆豐-高雄",10,0,10
"21964","3679新至陞","110/07/27","元大-天母",0,9,-9
"21965","3679新至陞","110/07/27","光和-溪湖",8,0,8
"21966","3679新至陞","110/07/27","元大-彰化民生",0,6,-6
"21967","3679新至陞","110/07/27","臺銀-新竹",7,0,7
"21968","3679新至陞","110/07/27","康和-澎湖",2,7,-5
"21969","3679新至陞","110/07/27","新加坡商瑞銀",7,0,7
"21970","3679新至陞","110/07/27","聯邦-大業",0,5,-5
"21971","3679新至陞","110/07/27","永豐金-板橋",6,0,6
"21972","3679新至陞","110/07/27","元大-成功",0,5,-5
"21973","3679新至陞","110/07/27","宏遠-光隆",5,0,5
"21974","3679新至陞","110/07/27","康和-板橋",0,4,-4
"21975","3679新至陞","110/07/27","統一",5,0,5
"21976","3679新至陞","110/07/27","凱基-新豐",0,4,-4
"21977","3679新至陞","110/07/27","統一-新竹",5,0,5
"21978","3679新至陞","110/07/27","統一-高雄",0,3,-3
"21979","3679新至陞","110/07/27","元富-松德",5,0,5
"21980","3679新至陞","110/07/27","統一-新台中",0,3,-3
"21981","3679新至陞","110/07/27","元大-淡水",5,0,5
"21982","3679新至陞","110/07/27","元富-安南",0,3,-3
"21983","3679新至陞","110/07/27","日盛證券",4,0,4
"21984","3679新至陞","110/07/27","國票-北高雄",0,3,-3
"21985","3679新至陞","110/07/27","國泰-板橋",4,0,4
"21986","3679新至陞","110/07/27","玉山-新莊",0,3,-3
"21987","3679新至陞","110/07/27","(牛牛牛)亞-網路",3,0,3
"21988","3679新至陞","110/07/27","凱基-屏東",0,3,-3
"21989","3679新至陞","110/07/27","國票-九鼎",3,0,3
"21990","3679新至陞","110/07/27","台灣摩根士丹利",0,2,-2
"21991","2727王品","110/07/27","台灣摩根士丹利",103,12,91
"21992","2727王品","110/07/27","元大-彰化民生",11,420,-409
"21993","2727王品","110/07/27","華南永昌-麻豆",33,0,33
"21994","2727王品","110/07/27","美商高盛",0,247,-247
"21995","2727王品","110/07/27","元大-龍潭",31,1,30
"21996","2727王品","110/07/27","華南永昌",7,193,-186
"21997","2727王品","110/07/27","國泰-敦南",38,11,27
"21998","2727王品","110/07/27","花旗環球",0,86,-86
"21999","2727王品","110/07/27","群益金鼎-基隆",27,1,26
"22000","2727王品","110/07/27","凱基-台北",81,139,-58
"22001","2727王品","110/07/27","富邦-台中",26,0,26
"22002","2727王品","110/07/27","元大證券",23,64,-41
"22003","2727王品","110/07/27","元富",31,6,25
"22004","2727王品","110/07/27","瑞士信貸",0,37,-37
"22005","2727王品","110/07/27","元大-桃園",25,0,25
"22006","2727王品","110/07/27","富邦-建國",8,35,-27
"22007","2727王品","110/07/27","凱基-大直",21,1,20
"22008","2727王品","110/07/27","凱基-埔墘",6,29,-23
"22009","2727王品","110/07/27","日盛-士林",16,0,16
"22010","2727王品","110/07/27","美林",5,26,-21
"22011","2727王品","110/07/27","國票-敦北法人",17,1,16
"22012","2727王品","110/07/27","港商野村",12,30,-18
"22013","2727王品","110/07/27","群益金鼎-高雄",16,0,16
"22014","2727王品","110/07/27","華南永昌-林口",3,21,-18
"22015","2727王品","110/07/27","永豐金-忠孝",18,2,16
"22016","2727王品","110/07/27","彰銀-台中",4,20,-16
"22017","2727王品","110/07/27","臺銀-高雄",16,1,15
"22018","2727王品","110/07/27","統一",3,17,-14
"22019","2727王品","110/07/27","台新-台中",18,3,15
"22020","2727王品","110/07/27","富邦-新竹華信",2,15,-13
"22021","1570力肯","110/07/27","國票-北高雄",7,0,7
"22022","1570力肯","110/07/27","元大-高雄",0,16,-16
"22023","1570力肯","110/07/27","富邦-陽明",5,0,5
"22024","1570力肯","110/07/27","國票-新莊",0,5,-5
"22025","1570力肯","110/07/27","元大-民雄",3,0,3
"22026","1570力肯","110/07/27","凱基-台北",0,5,-5
"22027","1570力肯","110/07/27","凱基-大里",3,0,3
"22028","1570力肯","110/07/27","美林",0,2,-2
"22029","1570力肯","110/07/27","凱基-長庚",3,0,3
"22030","1570力肯","110/07/27","富邦-南屯",0,2,-2
"22031","1570力肯","110/07/27","元大-新莊",2,0,2
"22032","1570力肯","110/07/27","元大-南崁",0,2,-2
"22033","1570力肯","110/07/27","大昌-樹林",2,0,2
"22034","1570力肯","110/07/27","元大-板橋",0,2,-2
"22035","1570力肯","110/07/27","台新-台中",2,0,2
"22036","1570力肯","110/07/27","新光",0,1,-1
"22037","1570力肯","110/07/27","新光-新竹",2,0,2
"22038","1570力肯","110/07/27","國泰-板橋",0,1,-1
"22039","1570力肯","110/07/27","富邦-左營",2,0,2
"22040","1570力肯","110/07/27","凱基-鳳山",0,1,-1
"22041","1570力肯","110/07/27","群益金鼎-土城",1,0,1
"22042","1570力肯","110/07/27","(牛牛牛)亞-鑫豐",2,2,0
"22043","1570力肯","110/07/27","凱基-竹東",1,0,1
"22044","1570力肯","110/07/27","元大-新盛",1,1,0
"22045","1570力肯","110/07/27","日盛-員林",1,0,1
"22046","1570力肯","110/07/27","",NA,NA,NA
"22047","1570力肯","110/07/27","玉山-板橋",1,0,1
"22048","1570力肯","110/07/27","",NA,NA,NA
"22049","1570力肯","110/07/27","元富-同大",1,0,1
"22050","1570力肯","110/07/27","",NA,NA,NA
"22051","6180橘子","110/07/27","新加坡商瑞銀",166,24,142
"22052","6180橘子","110/07/27","花旗環球",31,87,-56
"22053","6180橘子","110/07/27","彰銀-台中",50,1,49
"22054","6180橘子","110/07/27","凱基-台北",53,108,-55
"22055","6180橘子","110/07/27","日盛-文化",48,8,40
"22056","6180橘子","110/07/27","新光",39,81,-42
"22057","6180橘子","110/07/27","美林",39,0,39
"22058","6180橘子","110/07/27","富邦-台北",1,25,-24
"22059","6180橘子","110/07/27","元大-草屯",54,17,37
"22060","6180橘子","110/07/27","第一金-員林",0,22,-22
"22061","6180橘子","110/07/27","美商高盛",35,1,34
"22062","6180橘子","110/07/27","富邦-新竹華信",7,28,-21
"22063","6180橘子","110/07/27","元大-上新莊",32,0,32
"22064","6180橘子","110/07/27","凱基-中山",5,24,-19
"22065","6180橘子","110/07/27","台灣摩根士丹利",30,0,30
"22066","6180橘子","110/07/27","國泰-敦南",22,37,-15
"22067","6180橘子","110/07/27","摩根大通",49,21,28
"22068","6180橘子","110/07/27","合庫-自強",2,16,-14
"22069","6180橘子","110/07/27","兆豐-大同",30,4,26
"22070","6180橘子","110/07/27","大昌-安康",1,14,-13
"22071","6180橘子","110/07/27","元大-羅東",21,0,21
"22072","6180橘子","110/07/27","高橋",0,11,-11
"22073","6180橘子","110/07/27","日盛-頭份",16,0,16
"22074","6180橘子","110/07/27","土銀-新竹",0,10,-10
"22075","6180橘子","110/07/27","瑞士信貸",24,8,16
"22076","6180橘子","110/07/27","兆豐-麻豆",0,10,-10
"22077","6180橘子","110/07/27","群益金鼎-士林",15,0,15
"22078","6180橘子","110/07/27","康和-永和",0,10,-10
"22079","6180橘子","110/07/27","永豐金-南京",15,1,14
"22080","6180橘子","110/07/27","永豐金-竹科",2,12,-10
"22081","2390云辰","110/07/27","凱基-基隆",207,3,204
"22082","2390云辰","110/07/27","凱基-台北",248,732,-484
"22083","2390云辰","110/07/27","摩根大通",730,560,170
"22084","2390云辰","110/07/27","美林",17,218,-201
"22085","2390云辰","110/07/27","華南永昌-中正",182,43,139
"22086","2390云辰","110/07/27","港商野村",85,277,-192
"22087","2390云辰","110/07/27","兆豐-北高雄",124,1,123
"22088","2390云辰","110/07/27","玉山-新莊",4,87,-83
"22089","2390云辰","110/07/27","元大-信義",108,5,103
"22090","2390云辰","110/07/27","新光",96,163,-67
"22091","2390云辰","110/07/27","富邦-陽明",94,22,72
"22092","2390云辰","110/07/27","新光-新竹",7,74,-67
"22093","2390云辰","110/07/27","日盛證券",140,71,69
"22094","2390云辰","110/07/27","富邦-左營",46,107,-61
"22095","2390云辰","110/07/27","第一金-豐原",56,0,56
"22096","2390云辰","110/07/27","大昌-新店",9,64,-55
"22097","2390云辰","110/07/27","統一-新台中",67,22,45
"22098","2390云辰","110/07/27","日盛-和美",28,81,-53
"22099","2390云辰","110/07/27","元大-復北",47,2,45
"22100","2390云辰","110/07/27","元大-台南",3,54,-51
"22101","2390云辰","110/07/27","富邦-建國",54,10,44
"22102","2390云辰","110/07/27","元富-世貿",10,60,-50
"22103","2390云辰","110/07/27","兆豐-桃鶯",46,5,41
"22104","2390云辰","110/07/27","華南永昌-鳳山",41,90,-49
"22105","2390云辰","110/07/27","富邦-中壢",45,4,41
"22106","2390云辰","110/07/27","聯邦商銀",6,52,-46
"22107","2390云辰","110/07/27","富邦-新竹華信",46,11,35
"22108","2390云辰","110/07/27","合庫-高雄",7,50,-43
"22109","2390云辰","110/07/27","第一金-華江",30,2,28
"22110","2390云辰","110/07/27","瑞士信貸",0,42,-42
"22111","2363矽統","110/07/26","凱基-台北",1994,468,1526
"22112","2363矽統","110/07/26","富邦-南屯",5,375,-370
"22113","2363矽統","110/07/26","新加坡商瑞銀",1537,208,1329
"22114","2363矽統","110/07/26","聯邦-興中",0,203,-203
"22115","2363矽統","110/07/26","摩根大通",2033,997,1036
"22116","2363矽統","110/07/26","台新證券",427,622,-195
"22117","2363矽統","110/07/26","瑞士信貸",930,0,930
"22118","2363矽統","110/07/26","元大-鳳中",10,203,-193
"22119","2363矽統","110/07/26","美林",985,76,909
"22120","2363矽統","110/07/26","國泰-板橋",69,209,-140
"22121","2363矽統","110/07/26","港商野村",1072,282,790
"22122","2363矽統","110/07/26","北城證券",6,132,-126
"22123","2363矽統","110/07/26","美商高盛",711,7,704
"22124","2363矽統","110/07/26","華南永昌-朴子",30,152,-122
"22125","2363矽統","110/07/26","新光",570,278,292
"22126","2363矽統","110/07/26","台新-台中",27,145,-118
"22127","2363矽統","110/07/26","台新-台南",244,39,205
"22128","2363矽統","110/07/26","群益金鼎-萬華",13,128,-115
"22129","2363矽統","110/07/26","元大證券",243,52,191
"22130","2363矽統","110/07/26","日盛-樹林",7,116,-109
"22131","2363矽統","110/07/26","永豐金證券",189,27,162
"22132","2363矽統","110/07/26","群益金鼎-屏東",200,303,-103
"22133","2363矽統","110/07/26","元大-楊梅",177,16,161
"22134","2363矽統","110/07/26","元大-潮州",6,102,-96
"22135","2363矽統","110/07/26","群益金鼎",158,21,137
"22136","2363矽統","110/07/26","新光-桃園",22,117,-95
"22137","2363矽統","110/07/26","元富-城東",107,8,99
"22138","2363矽統","110/07/26","凱基-和平",45,140,-95
"22139","2363矽統","110/07/26","日盛-雙和",109,14,95
"22140","2363矽統","110/07/26","合庫-台南",5,95,-90
"22141","8112至上","110/07/26","摩根大通",1728,41,1687
"22142","8112至上","110/07/26","玉山-左營",3,600,-597
"22143","8112至上","110/07/26","台灣摩根士丹利",408,10,398
"22144","8112至上","110/07/26","凱基-三重",1,527,-526
"22145","8112至上","110/07/26","凱基-台北",693,311,382
"22146","8112至上","110/07/26","中國信託-忠孝",0,103,-103
"22147","8112至上","110/07/26","港商法國興業",376,1,375
"22148","8112至上","110/07/26","凱基-站前",7,105,-98
"22149","8112至上","110/07/26","美商高盛",172,26,146
"22150","8112至上","110/07/26","國票-中港",0,96,-96
"22151","8112至上","110/07/26","新加坡商瑞銀",201,69,132
"22152","8112至上","110/07/26","兆豐-公益",3,84,-81
"22153","8112至上","110/07/26","美林",192,62,130
"22154","8112至上","110/07/26","玉山證券",2,65,-63
"22155","8112至上","110/07/26","港商野村",142,58,84
"22156","8112至上","110/07/26","統一-台中",1,62,-61
"22157","8112至上","110/07/26","凱基-永和",75,0,75
"22158","8112至上","110/07/26","富邦-陽明",3,60,-57
"22159","8112至上","110/07/26","凱基-竹科",65,2,63
"22160","8112至上","110/07/26","新光-新竹",86,141,-55
"22161","8112至上","110/07/26","華南永昌-敦南",63,1,62
"22162","8112至上","110/07/26","富邦-台北",2,57,-55
"22163","8112至上","110/07/26","兆豐-天母",50,0,50
"22164","8112至上","110/07/26","玉山-板橋",2,51,-49
"22165","8112至上","110/07/26","新光-桃園",57,11,46
"22166","8112至上","110/07/26","台新-新營",6,47,-41
"22167","8112至上","110/07/26","光和",35,1,34
"22168","8112至上","110/07/26","元大-虎尾",4,42,-38
"22169","8112至上","110/07/26","華南永昌-新莊",31,3,28
"22170","8112至上","110/07/26","日盛-新竹",1,38,-37
"22171","1570力肯","110/07/26","元大-民雄",10,0,10
"22172","1570力肯","110/07/26","元大-高雄",0,33,-33
"22173","1570力肯","110/07/26","新光-台中",10,1,9
"22174","1570力肯","110/07/26","日盛-宜蘭",0,8,-8
"22175","1570力肯","110/07/26","富邦-陽明",9,0,9
"22176","1570力肯","110/07/26","美林",0,5,-5
"22177","1570力肯","110/07/26","大慶-蘆洲",8,0,8
"22178","1570力肯","110/07/26","凱基-永康",0,5,-5
"22179","1570力肯","110/07/26","福勝",8,0,8
"22180","1570力肯","110/07/26","台新證券",0,4,-4
"22181","1570力肯","110/07/26","凱基-桃園",7,0,7
"22182","1570力肯","110/07/26","元大-汐止",0,4,-4
"22183","1570力肯","110/07/26","中國信託-永康",3,0,3
"22184","1570力肯","110/07/26","元大-桃興",0,3,-3
"22185","1570力肯","110/07/26","兆豐-台中港",3,0,3
"22186","1570力肯","110/07/26","元富-吉利",0,2,-2
"22187","1570力肯","110/07/26","國票-北高雄",3,0,3
"22188","1570力肯","110/07/26","國泰-板橋",0,2,-2
"22189","1570力肯","110/07/26","富邦-員林",3,0,3
"22190","1570力肯","110/07/26","元大-台中",0,2,-2
"22191","1570力肯","110/07/26","瑞士信貸",2,0,2
"22192","1570力肯","110/07/26","元大-西螺",0,2,-2
"22193","1570力肯","110/07/26","大昌-樹林",2,0,2
"22194","1570力肯","110/07/26","元大-苑裡",0,2,-2
"22195","1570力肯","110/07/26","兆豐-忠孝",2,0,2
"22196","1570力肯","110/07/26","合庫-三重",0,1,-1
"22197","1570力肯","110/07/26","新光",2,0,2
"22198","1570力肯","110/07/26","臺銀-臺南",0,1,-1
"22199","1570力肯","110/07/26","凱基-台北",2,0,2
"22200","1570力肯","110/07/26","元富-永和",0,1,-1
"22201","2929淘帝","110/07/26","合庫-高雄",47,0,47
"22202","2929淘帝","110/07/26","港商野村",11,42,-31
"22203","2929淘帝","110/07/26","元大-民生",28,0,28
"22204","2929淘帝","110/07/26","凱基-林口",0,30,-30
"22205","2929淘帝","110/07/26","臺銀-鳳山",10,0,10
"22206","2929淘帝","110/07/26","美林",1,28,-27
"22207","2929淘帝","110/07/26","華南永昌-鶯歌",10,0,10
"22208","2929淘帝","110/07/26","富邦-竹北",0,20,-20
"22209","2929淘帝","110/07/26","元大-永和",10,0,10
"22210","2929淘帝","110/07/26","凱基-台北",0,12,-12
"22211","2929淘帝","110/07/26","永豐金證券",8,0,8
"22212","2929淘帝","110/07/26","中國信託-永康",0,10,-10
"22213","2929淘帝","110/07/26","元大-太平",8,1,7
"22214","2929淘帝","110/07/26","摩根大通",0,10,-10
"22215","2929淘帝","110/07/26","德信-和平",6,0,6
"22216","2929淘帝","110/07/26","群益金鼎-高雄",0,10,-10
"22217","2929淘帝","110/07/26","兆豐-南門",6,0,6
"22218","2929淘帝","110/07/26","富邦-宜蘭",0,10,-10
"22219","2929淘帝","110/07/26","元大-新竹經國",6,0,6
"22220","2929淘帝","110/07/26","新加坡商瑞銀",4,13,-9
"22221","2929淘帝","110/07/26","合庫-台南",5,0,5
"22222","2929淘帝","110/07/26","元富-敦南",0,7,-7
"22223","2929淘帝","110/07/26","第一金-新興",5,0,5
"22224","2929淘帝","110/07/26","元大-基隆",0,6,-6
"22225","2929淘帝","110/07/26","玉山-新竹",5,0,5
"22226","2929淘帝","110/07/26","新光-台中",1,6,-5
"22227","2929淘帝","110/07/26","元大-金門",5,0,5
"22228","2929淘帝","110/07/26","華南永昌",0,5,-5
"22229","2929淘帝","110/07/26","台新-台中",4,0,4
"22230","2929淘帝","110/07/26","永豐金-中和",0,5,-5
"22231","5410國眾","110/07/26","摩根大通",71,0,71
"22232","5410國眾","110/07/26","日盛-忠孝",0,142,-142
"22233","5410國眾","110/07/26","凱基-台北",67,4,63
"22234","5410國眾","110/07/26","元富-嘉義",0,55,-55
"22235","5410國眾","110/07/26","兆豐-城中",47,0,47
"22236","5410國眾","110/07/26","國泰-敦南",2,30,-28
"22237","5410國眾","110/07/26","永豐金-內湖",45,0,45
"22238","5410國眾","110/07/26","群益金鼎-板橋",0,15,-15
"22239","5410國眾","110/07/26","元大-新莊",26,0,26
"22240","5410國眾","110/07/26","華南永昌-三重",0,11,-11
"22241","5410國眾","110/07/26","兆豐-麻豆",10,0,10
"22242","5410國眾","110/07/26","永全-南崁",0,10,-10
"22243","5410國眾","110/07/26","新光-台中",10,0,10
"22244","5410國眾","110/07/26","台新-建北",1,11,-10
"22245","5410國眾","110/07/26","元大-屏南",10,0,10
"22246","5410國眾","110/07/26","臺銀-臺南",0,8,-8
"22247","5410國眾","110/07/26","港商野村",9,0,9
"22248","5410國眾","110/07/26","群益金鼎-東大",0,7,-7
"22249","5410國眾","110/07/26","新光",13,4,9
"22250","5410國眾","110/07/26","永豐金-中正",0,7,-7
"22251","5410國眾","110/07/26","華南永昌-小港",7,0,7
"22252","5410國眾","110/07/26","永豐金-桃園",0,7,-7
"22253","5410國眾","110/07/26","玉山-左營",6,0,6
"22254","5410國眾","110/07/26","第一金-高雄",0,6,-6
"22255","5410國眾","110/07/26","土銀-台南",5,0,5
"22256","5410國眾","110/07/26","台中銀-豐原",0,6,-6
"22257","5410國眾","110/07/26","新加坡商瑞銀",5,0,5
"22258","5410國眾","110/07/26","亞東-高雄",0,5,-5
"22259","5410國眾","110/07/26","元富-三重",8,3,5
"22260","5410國眾","110/07/26","國票-北高雄",0,5,-5
"22261","2841台開","110/07/26","台新-台中",282,5,277
"22262","2841台開","110/07/26","港商野村",0,128,-128
"22263","2841台開","110/07/26","凱基-台北",41,0,41
"22264","2841台開","110/07/26","富邦-仁愛",0,70,-70
"22265","2841台開","110/07/26","台灣摩根士丹利",40,0,40
"22266","2841台開","110/07/26","元大-彰化",0,60,-60
"22267","2841台開","110/07/26","元富-緯城",40,0,40
"22268","2841台開","110/07/26","永興-水湳",0,30,-30
"22269","2841台開","110/07/26","玉山-高雄",38,0,38
"22270","2841台開","110/07/26","富邦-新竹華信",0,23,-23
"22271","2841台開","110/07/26","日盛-樹林",21,0,21
"22272","2841台開","110/07/26","宏遠-光隆",0,20,-20
"22273","2841台開","110/07/26","元大-松江",20,0,20
"22274","2841台開","110/07/26","玉山證券",0,20,-20
"22275","2841台開","110/07/26","元大-歸仁",20,0,20
"22276","2841台開","110/07/26","富邦-板橋",0,20,-20
"22277","2841台開","110/07/26","國泰-桃園",20,3,17
"22278","2841台開","110/07/26","元大-台中中港",0,19,-19
"22279","2841台開","110/07/26","新光-台中",15,0,15
"22280","2841台開","110/07/26","臺銀-臺南",0,18,-18
"22281","2841台開","110/07/26","群益金鼎-東門",11,0,11
"22282","2841台開","110/07/26","永豐金-敦南",3,19,-16
"22283","2841台開","110/07/26","華南永昌-內壢",11,0,11
"22284","2841台開","110/07/26","統一-桃園",0,13,-13
"22285","2841台開","110/07/26","元富-烏日",10,0,10
"22286","2841台開","110/07/26","國泰-台中",0,11,-11
"22287","2841台開","110/07/26","國泰-忠孝",10,2,8
"22288","2841台開","110/07/26","元大-福營",0,11,-11
"22289","2841台開","110/07/26","元大-潮州",6,0,6
"22290","2841台開","110/07/26","凱基-站前",0,10,-10
"22291","6207雷科","110/07/26","元大-向上",70,0,70
"22292","6207雷科","110/07/26","摩根大通",45,241,-196
"22293","6207雷科","110/07/26","國票-中和",67,5,62
"22294","6207雷科","110/07/26","華南永昌-台中",16,180,-164
"22295","6207雷科","110/07/26","永豐金-台南",63,2,61
"22296","6207雷科","110/07/26","瑞士信貸",4,69,-65
"22297","6207雷科","110/07/26","國泰-板橋",32,0,32
"22298","6207雷科","110/07/26","國票-天祥",11,76,-65
"22299","6207雷科","110/07/26","華南永昌-朴子",24,0,24
"22300","6207雷科","110/07/26","新加坡商瑞銀",15,78,-63
"22301","6207雷科","110/07/26","台新證券",35,12,23
"22302","6207雷科","110/07/26","凱基-台北",86,134,-48
"22303","6207雷科","110/07/26","永豐金-板盛",24,1,23
"22304","6207雷科","110/07/26","富邦-台中",58,100,-42
"22305","6207雷科","110/07/26","康和-台中",24,2,22
"22306","6207雷科","110/07/26","兆豐-大安",0,41,-41
"22307","6207雷科","110/07/26","台新-台南",22,2,20
"22308","6207雷科","110/07/26","群益金鼎-館前",0,40,-40
"22309","6207雷科","110/07/26","元大-大統",22,2,20
"22310","6207雷科","110/07/26","富邦-羅東",2,39,-37
"22311","6207雷科","110/07/26","元富-桃園",19,0,19
"22312","6207雷科","110/07/26","國票-台東",0,30,-30
"22313","6207雷科","110/07/26","高橋",17,0,17
"22314","6207雷科","110/07/26","凱基-士林",1,30,-29
"22315","6207雷科","110/07/26","元富-同大",30,13,17
"22316","6207雷科","110/07/26","元大-南京",3,31,-28
"22317","6207雷科","110/07/26","元大-內湖",17,0,17
"22318","6207雷科","110/07/26","宏遠-桃園",0,24,-24
"22319","6207雷科","110/07/26","永豐金-內湖",19,2,17
"22320","6207雷科","110/07/26","國票-和平",0,23,-23
"22321","3679新至陞","110/07/26","元富-板橋",16,0,16
"22322","3679新至陞","110/07/26","台新-台中",0,19,-19
"22323","3679新至陞","110/07/26","華南永昌-淡水",10,0,10
"22324","3679新至陞","110/07/26","元大-成功",0,10,-10
"22325","3679新至陞","110/07/26","光和-溪湖",8,0,8
"22326","3679新至陞","110/07/26","日進",0,9,-9
"22327","3679新至陞","110/07/26","宏遠-光隆",6,0,6
"22328","3679新至陞","110/07/26","臺銀-臺中",0,5,-5
"22329","3679新至陞","110/07/26","玉山-嘉義",5,0,5
"22330","3679新至陞","110/07/26","港商法國興業",0,4,-4
"22331","3679新至陞","110/07/26","元富-安南",3,0,3
"22332","3679新至陞","110/07/26","統一-新台中",0,3,-3
"22333","3679新至陞","110/07/26","摩根大通",4,1,3
"22334","3679新至陞","110/07/26","大慶-苗栗",1,3,-2
"22335","3679新至陞","110/07/26","凱基-台北",5,2,3
"22336","3679新至陞","110/07/26","元富-松德",0,2,-2
"22337","3679新至陞","110/07/26","凱基-站前",2,0,2
"22338","3679新至陞","110/07/26","富邦-仁愛",0,2,-2
"22339","3679新至陞","110/07/26","華南永昌",2,0,2
"22340","3679新至陞","110/07/26","元大-文心興安",0,2,-2
"22341","3679新至陞","110/07/26","元大-上新莊",2,0,2
"22342","3679新至陞","110/07/26","永豐金證券",0,2,-2
"22343","3679新至陞","110/07/26","美林",4,3,1
"22344","3679新至陞","110/07/26","臺銀-高雄",0,1,-1
"22345","3679新至陞","110/07/26","台灣摩根士丹利",2,1,1
"22346","3679新至陞","110/07/26","台灣企銀-屏東",0,1,-1
"22347","3679新至陞","110/07/26","美商高盛",1,0,1
"22348","3679新至陞","110/07/26","大慶-富順",0,1,-1
"22349","3679新至陞","110/07/26","富邦-台北",1,0,1
"22350","3679新至陞","110/07/26","統一-彰化",0,1,-1
"22351","2727王品","110/07/26","兆豐-南京",300,0,300
"22352","2727王品","110/07/26","元富-安南",0,62,-62
"22353","2727王品","110/07/26","凱基-台北",74,29,45
"22354","2727王品","110/07/26","瑞士信貸",0,44,-44
"22355","2727王品","110/07/26","富邦-建國",25,2,23
"22356","2727王品","110/07/26","新加坡商瑞銀",0,44,-44
"22357","2727王品","110/07/26","台灣摩根士丹利",22,0,22
"22358","2727王品","110/07/26","統一",11,54,-43
"22359","2727王品","110/07/26","永豐金-屏東",14,1,13
"22360","2727王品","110/07/26","美林",4,39,-35
"22361","2727王品","110/07/26","富邦-桃園",12,1,11
"22362","2727王品","110/07/26","第一金",0,30,-30
"22363","2727王品","110/07/26","日盛-鳳山",11,1,10
"22364","2727王品","110/07/26","康和-台中",0,30,-30
"22365","2727王品","110/07/26","元富-城中",10,0,10
"22366","2727王品","110/07/26","國泰證券",1,31,-30
"22367","2727王品","110/07/26","元大-龍潭",11,1,10
"22368","2727王品","110/07/26","元大證券",37,67,-30
"22369","2727王品","110/07/26","新光-台中",15,6,9
"22370","2727王品","110/07/26","康和",1,29,-28
"22371","2727王品","110/07/26","富邦-台中",10,1,9
"22372","2727王品","110/07/26","永豐金證券",0,27,-27
"22373","2727王品","110/07/26","元大-基隆孝二",10,1,9
"22374","2727王品","110/07/26","安泰",1,26,-25
"22375","2727王品","110/07/26","臺銀-臺中",10,2,8
"22376","2727王品","110/07/26","永豐金-古亭",2,20,-18
"22377","2727王品","110/07/26","元大-花蓮",8,0,8
"22378","2727王品","110/07/26","國票-天祥",0,16,-16
"22379","2727王品","110/07/26","元大-斗信",9,1,8
"22380","2727王品","110/07/26","摩根大通",17,33,-16
"22381","1570力肯","110/07/26","元大-民雄",10,0,10
"22382","1570力肯","110/07/26","元大-高雄",0,33,-33
"22383","1570力肯","110/07/26","新光-台中",10,1,9
"22384","1570力肯","110/07/26","日盛-宜蘭",0,8,-8
"22385","1570力肯","110/07/26","富邦-陽明",9,0,9
"22386","1570力肯","110/07/26","美林",0,5,-5
"22387","1570力肯","110/07/26","大慶-蘆洲",8,0,8
"22388","1570力肯","110/07/26","凱基-永康",0,5,-5
"22389","1570力肯","110/07/26","福勝",8,0,8
"22390","1570力肯","110/07/26","台新證券",0,4,-4
"22391","1570力肯","110/07/26","凱基-桃園",7,0,7
"22392","1570力肯","110/07/26","元大-汐止",0,4,-4
"22393","1570力肯","110/07/26","中國信託-永康",3,0,3
"22394","1570力肯","110/07/26","元大-桃興",0,3,-3
"22395","1570力肯","110/07/26","兆豐-台中港",3,0,3
"22396","1570力肯","110/07/26","元富-吉利",0,2,-2
"22397","1570力肯","110/07/26","國票-北高雄",3,0,3
"22398","1570力肯","110/07/26","國泰-板橋",0,2,-2
"22399","1570力肯","110/07/26","富邦-員林",3,0,3
"22400","1570力肯","110/07/26","元大-台中",0,2,-2
"22401","1570力肯","110/07/26","瑞士信貸",2,0,2
"22402","1570力肯","110/07/26","元大-西螺",0,2,-2
"22403","1570力肯","110/07/26","大昌-樹林",2,0,2
"22404","1570力肯","110/07/26","元大-苑裡",0,2,-2
"22405","1570力肯","110/07/26","兆豐-忠孝",2,0,2
"22406","1570力肯","110/07/26","合庫-三重",0,1,-1
"22407","1570力肯","110/07/26","新光",2,0,2
"22408","1570力肯","110/07/26","臺銀-臺南",0,1,-1
"22409","1570力肯","110/07/26","凱基-台北",2,0,2
"22410","1570力肯","110/07/26","元富-永和",0,1,-1
"22411","6180橘子","110/07/26","凱基-台北",121,1,120
"22412","6180橘子","110/07/26","元大-竹山",0,35,-35
"22413","6180橘子","110/07/26","新加坡商瑞銀",71,2,69
"22414","6180橘子","110/07/26","元大-和平",0,30,-30
"22415","6180橘子","110/07/26","摩根大通",70,4,66
"22416","6180橘子","110/07/26","元大-草屯",3,27,-24
"22417","6180橘子","110/07/26","美林",33,0,33
"22418","6180橘子","110/07/26","華南永昌-高雄",0,21,-21
"22419","6180橘子","110/07/26","台灣摩根士丹利",20,4,16
"22420","6180橘子","110/07/26","兆豐-埔墘",0,18,-18
"22421","6180橘子","110/07/26","合庫-高雄",11,0,11
"22422","6180橘子","110/07/26","元富-林園",0,17,-17
"22423","6180橘子","110/07/26","港商野村",10,0,10
"22424","6180橘子","110/07/26","元富-成功",0,16,-16
"22425","6180橘子","110/07/26","富邦-宜蘭",10,0,10
"22426","6180橘子","110/07/26","群益金鼎-台南",0,13,-13
"22427","6180橘子","110/07/26","統一-彰化",10,1,9
"22428","6180橘子","110/07/26","元大-開元",0,13,-13
"22429","6180橘子","110/07/26","兆豐-北高雄",9,1,8
"22430","6180橘子","110/07/26","富邦-台中",0,12,-12
"22431","6180橘子","110/07/26","元大-新店中正",10,2,8
"22432","6180橘子","110/07/26","(牛牛牛)亞-鑫豐",1,12,-11
"22433","6180橘子","110/07/26","國泰-敦南",10,3,7
"22434","6180橘子","110/07/26","台新-台南",0,11,-11
"22435","6180橘子","110/07/26","合庫-自強",5,0,5
"22436","6180橘子","110/07/26","聯邦-興中",0,11,-11
"22437","6180橘子","110/07/26","大慶-蘆洲",5,0,5
"22438","6180橘子","110/07/26","日盛-中和",0,10,-10
"22439","6180橘子","110/07/26","統一-中壢",5,0,5
"22440","6180橘子","110/07/26","康和-台北",0,10,-10
"22441","2390云辰","110/07/26","元大-大同",311,3,308
"22442","2390云辰","110/07/26","摩根大通",139,570,-431
"22443","2390云辰","110/07/26","華南永昌-鳳山",276,4,272
"22444","2390云辰","110/07/26","美林",103,243,-140
"22445","2390云辰","110/07/26","永豐金-竹北",201,6,195
"22446","2390云辰","110/07/26","元大-彰化民生",0,117,-117
"22447","2390云辰","110/07/26","富邦-左營",107,17,90
"22448","2390云辰","110/07/26","元富-中港",0,102,-102
"22449","2390云辰","110/07/26","元富-高雄",82,5,77
"22450","2390云辰","110/07/26","凱基-台北",161,249,-88
"22451","2390云辰","110/07/26","元大-太平",75,10,65
"22452","2390云辰","110/07/26","國票-新莊",15,78,-63
"22453","2390云辰","110/07/26","元大-大益",63,13,50
"22454","2390云辰","110/07/26","第一金-豐原",1,59,-58
"22455","2390云辰","110/07/26","元富-新竹",41,1,40
"22456","2390云辰","110/07/26","統一-竹南",5,48,-43
"22457","2390云辰","110/07/26","日盛-永康",42,4,38
"22458","2390云辰","110/07/26","第一金-台南",28,62,-34
"22459","2390云辰","110/07/26","群益金鼎-中壢",50,12,38
"22460","2390云辰","110/07/26","台灣摩根士丹利",38,70,-32
"22461","2390云辰","110/07/26","元大-鑫永和",54,18,36
"22462","2390云辰","110/07/26","群益金鼎-士林",20,52,-32
"22463","2390云辰","110/07/26","元富-同大",34,1,33
"22464","2390云辰","110/07/26","群益金鼎-延平",2,31,-29
"22465","2390云辰","110/07/26","致和-崇德",52,21,31
"22466","2390云辰","110/07/26","凱基-豐中",12,40,-28
"22467","2390云辰","110/07/26","永豐金-松山",32,2,30
"22468","2390云辰","110/07/26","富邦-中壢",19,47,-28
"22469","2390云辰","110/07/26","凱基-三重",36,8,28
"22470","2390云辰","110/07/26","統一-基隆",2,27,-25
"22471","2363矽統","110/07/20","第一金-忠孝",400,115,285
"22472","2363矽統","110/07/20","國票-長城",3,452,-449
"22473","2363矽統","110/07/20","第一金-高雄",188,0,188
"22474","2363矽統","110/07/20","美林",158,531,-373
"22475","2363矽統","110/07/20","凱基-高美館",199,14,185
"22476","2363矽統","110/07/20","台新-左楠",13,310,-297
"22477","2363矽統","110/07/20","凱基-台北",434,326,108
"22478","2363矽統","110/07/20","玉山-台大",4,228,-224
"22479","2363矽統","110/07/20","元富-松德",105,0,105
"22480","2363矽統","110/07/20","群益金鼎-大甲",11,227,-216
"22481","2363矽統","110/07/20","元大-竹科",109,7,102
"22482","2363矽統","110/07/20","群益金鼎-中港",2,111,-109
"22483","2363矽統","110/07/20","元大-成功",102,2,100
"22484","2363矽統","110/07/20","元大-大天母",0,109,-109
"22485","2363矽統","110/07/20","富邦-仁愛",116,17,99
"22486","2363矽統","110/07/20","國泰-敦南",114,218,-104
"22487","2363矽統","110/07/20","元大-上新莊",102,16,86
"22488","2363矽統","110/07/20","港商野村",250,350,-100
"22489","2363矽統","110/07/20","台新證券",286,208,78
"22490","2363矽統","110/07/20","康和-澎湖",0,90,-90
"22491","2363矽統","110/07/20","元大-新營",81,9,72
"22492","2363矽統","110/07/20","凱基-中壢",15,99,-84
"22493","2363矽統","110/07/20","華南永昌-鳳山",76,5,71
"22494","2363矽統","110/07/20","元大-學甲",0,81,-81
"22495","2363矽統","110/07/20","富邦-員林",65,2,63
"22496","2363矽統","110/07/20","凱基-三重",22,91,-69
"22497","2363矽統","110/07/20","元富-成功",67,6,61
"22498","2363矽統","110/07/20","永豐金-嘉義",24,92,-68
"22499","2363矽統","110/07/20","新光-新竹",62,1,61
"22500","2363矽統","110/07/20","大慶-蘆洲",23,89,-66
"22501","8112至上","110/07/20","摩根大通",1226,293,933
"22502","8112至上","110/07/20","凱基-三重",27,502,-475
"22503","8112至上","110/07/20","新加坡商瑞銀",358,83,275
"22504","8112至上","110/07/20","宏遠證券",0,418,-418
"22505","8112至上","110/07/20","台灣摩根士丹利",159,9,150
"22506","8112至上","110/07/20","台新-台中",11,291,-280
"22507","8112至上","110/07/20","統一-新竹",115,5,110
"22508","8112至上","110/07/20","美林",44,194,-150
"22509","8112至上","110/07/20","新光",233,126,107
"22510","8112至上","110/07/20","凱基-新莊",0,100,-100
"22511","8112至上","110/07/20","凱基-台北",367,260,107
"22512","8112至上","110/07/20","富邦-永和",14,104,-90
"22513","8112至上","110/07/20","兆豐-西螺",104,10,94
"22514","8112至上","110/07/20","國票-敦北法人",4,88,-84
"22515","8112至上","110/07/20","永豐金-中正",87,6,81
"22516","8112至上","110/07/20","凱基-市政",3,80,-77
"22517","8112至上","110/07/20","富邦-新店",102,24,78
"22518","8112至上","110/07/20","台新證券",68,142,-74
"22519","8112至上","110/07/20","元大-大同",83,5,78
"22520","8112至上","110/07/20","永豐金-中壢",11,80,-69
"22521","8112至上","110/07/20","富邦-園區",64,2,62
"22522","8112至上","110/07/20","永豐金-台南",22,91,-69
"22523","8112至上","110/07/20","新光-台南",73,14,59
"22524","8112至上","110/07/20","元大-大雅",22,87,-65
"22525","8112至上","110/07/20","統一-台中",60,2,58
"22526","8112至上","110/07/20","光和",10,67,-57
"22527","8112至上","110/07/20","元大-北成功",58,4,54
"22528","8112至上","110/07/20","元大-竹科",27,74,-47
"22529","8112至上","110/07/20","元富-林園",53,0,53
"22530","8112至上","110/07/20","兆豐-公益",1,47,-46
"22531","1570力肯","110/07/20","國票-北高雄",36,0,36
"22532","1570力肯","110/07/20","國泰-敦南",0,19,-19
"22533","1570力肯","110/07/20","群益金鼎-高雄",16,0,16
"22534","1570力肯","110/07/20","中國信託-永康",0,12,-12
"22535","1570力肯","110/07/20","臺銀-鳳山",10,0,10
"22536","1570力肯","110/07/20","第一金-路竹",0,10,-10
"22537","1570力肯","110/07/20","群益金鼎-新竹",6,0,6
"22538","1570力肯","110/07/20","福勝",0,10,-10
"22539","1570力肯","110/07/20","大昌-樹林",5,0,5
"22540","1570力肯","110/07/20","群益金鼎-板橋",0,10,-10
"22541","1570力肯","110/07/20","華南永昌-楠梓",5,0,5
"22542","1570力肯","110/07/20","日盛-鳳山",0,8,-8
"22543","1570力肯","110/07/20","元大-基隆孝二",5,0,5
"22544","1570力肯","110/07/20","永豐金-新竹",6,14,-8
"22545","1570力肯","110/07/20","元大-新竹經國",4,0,4
"22546","1570力肯","110/07/20","第一金-彰化",0,7,-7
"22547","1570力肯","110/07/20","土銀-高雄",2,0,2
"22548","1570力肯","110/07/20","元富-吉利",0,7,-7
"22549","1570力肯","110/07/20","台灣企銀-太平",2,0,2
"22550","1570力肯","110/07/20","台中銀-員林",0,7,-7
"22551","1570力肯","110/07/20","兆豐-忠孝",2,0,2
"22552","1570力肯","110/07/20","玉山證券",1,8,-7
"22553","1570力肯","110/07/20","玉山-城中",2,0,2
"22554","1570力肯","110/07/20","統一-三重",0,5,-5
"22555","1570力肯","110/07/20","國泰-板橋",2,0,2
"22556","1570力肯","110/07/20","光和-溪湖",0,3,-3
"22557","1570力肯","110/07/20","凱基-台北",2,0,2
"22558","1570力肯","110/07/20","康和-澎湖",0,3,-3
"22559","1570力肯","110/07/20","華南永昌-高雄",2,0,2
"22560","1570力肯","110/07/20","摩根大通",0,2,-2
"22561","2929淘帝","110/07/20","玉山-新竹",59,0,59
"22562","2929淘帝","110/07/20","臺銀",0,45,-45
"22563","2929淘帝","110/07/20","兆豐-新莊",50,0,50
"22564","2929淘帝","110/07/20","光和-嘉義",0,29,-29
"22565","2929淘帝","110/07/20","元大-大甲",30,0,30
"22566","2929淘帝","110/07/20","新加坡商瑞銀",27,55,-28
"22567","2929淘帝","110/07/20","元大-民生",29,0,29
"22568","2929淘帝","110/07/20","華南永昌-潮州",0,20,-20
"22569","2929淘帝","110/07/20","元大-員林",20,0,20
"22570","2929淘帝","110/07/20","玉山-高雄",0,14,-14
"22571","2929淘帝","110/07/20","元富-台南",18,0,18
"22572","2929淘帝","110/07/20","富邦-南屯",2,13,-11
"22573","2929淘帝","110/07/20","港商野村",63,50,13
"22574","2929淘帝","110/07/20","高橋-龍潭",0,10,-10
"22575","2929淘帝","110/07/20","高橋",10,0,10
"22576","2929淘帝","110/07/20","台新-建北",0,10,-10
"22577","2929淘帝","110/07/20","元富-林園",10,0,10
"22578","2929淘帝","110/07/20","群益金鼎-台中",0,10,-10
"22579","2929淘帝","110/07/20","玉山-台南",10,0,10
"22580","2929淘帝","110/07/20","華南永昌-苗栗",0,10,-10
"22581","2929淘帝","110/07/20","群益金鼎-士林",10,0,10
"22582","2929淘帝","110/07/20","群益金鼎-西松",0,9,-9
"22583","2929淘帝","110/07/20","凱基-台北",16,6,10
"22584","2929淘帝","110/07/20","台新-三民",0,8,-8
"22585","2929淘帝","110/07/20","合庫證券",9,0,9
"22586","2929淘帝","110/07/20","群益金鼎",0,8,-8
"22587","2929淘帝","110/07/20","永豐金證券",9,2,7
"22588","2929淘帝","110/07/20","富邦-永和",0,7,-7
"22589","2929淘帝","110/07/20","凱基-基隆",6,0,6
"22590","2929淘帝","110/07/20","國泰-台中",6,12,-6
"22591","5410國眾","110/07/20","日盛-內湖",27,0,27
"22592","5410國眾","110/07/20","永豐金-內湖",0,23,-23
"22593","5410國眾","110/07/20","富邦-新營",20,0,20
"22594","5410國眾","110/07/20","兆豐-台中港",0,20,-20
"22595","5410國眾","110/07/20","大昌",17,0,17
"22596","5410國眾","110/07/20","元富-嘉義",0,15,-15
"22597","5410國眾","110/07/20","永豐金-台南",17,0,17
"22598","5410國眾","110/07/20","元富-吉利",0,11,-11
"22599","5410國眾","110/07/20","凱基-站前",15,0,15
"22600","5410國眾","110/07/20","凱基-長庚",0,10,-10
"22601","5410國眾","110/07/20","凱基-竹北",11,0,11
"22602","5410國眾","110/07/20","元大-八德",0,10,-10
"22603","5410國眾","110/07/20","元富-民權",9,0,9
"22604","5410國眾","110/07/20","元大-天母",0,10,-10
"22605","5410國眾","110/07/20","群益金鼎-嘉義",6,0,6
"22606","5410國眾","110/07/20","國泰-桃園",0,9,-9
"22607","5410國眾","110/07/20","元大-土城學府",6,0,6
"22608","5410國眾","110/07/20","新光",5,12,-7
"22609","5410國眾","110/07/20","第一金-豐原",5,0,5
"22610","5410國眾","110/07/20","玉山-桃園",0,7,-7
"22611","5410國眾","110/07/20","華南永昌-林口",5,0,5
"22612","5410國眾","110/07/20","玉山-雙和",0,6,-6
"22613","5410國眾","110/07/20","元大-博愛",5,0,5
"22614","5410國眾","110/07/20","臺銀-臺南",0,5,-5
"22615","5410國眾","110/07/20","元大-竹南",5,0,5
"22616","5410國眾","110/07/20","彰銀-七賢",0,5,-5
"22617","5410國眾","110/07/20","元大-新店中正",5,0,5
"22618","5410國眾","110/07/20","宏遠證券",0,5,-5
"22619","5410國眾","110/07/20","元富-烏日",4,0,4
"22620","5410國眾","110/07/20","摩根大通",0,5,-5
"22621","2841台開","110/07/20","中國信託-忠孝",145,0,145
"22622","2841台開","110/07/20","凱基-松山",0,100,-100
"22623","2841台開","110/07/20","第一金-台中",68,0,68
"22624","2841台開","110/07/20","第一金-自由",0,33,-33
"22625","2841台開","110/07/20","美商高盛",37,0,37
"22626","2841台開","110/07/20","港商野村",0,29,-29
"22627","2841台開","110/07/20","台中銀",32,0,32
"22628","2841台開","110/07/20","國泰-敦南",11,31,-20
"22629","2841台開","110/07/20","台新-台中",20,0,20
"22630","2841台開","110/07/20","華南永昌-台中",0,20,-20
"22631","2841台開","110/07/20","凱基-東港",10,0,10
"22632","2841台開","110/07/20","元大-發財",0,15,-15
"22633","2841台開","110/07/20","大昌-安康",10,3,7
"22634","2841台開","110/07/20","元大-福營",9,23,-14
"22635","2841台開","110/07/20","豐農",7,0,7
"22636","2841台開","110/07/20","永豐金-敦南",5,18,-13
"22637","2841台開","110/07/20","元大-歸仁",7,0,7
"22638","2841台開","110/07/20","統一-城中",0,11,-11
"22639","2841台開","110/07/20","日盛-木柵",5,0,5
"22640","2841台開","110/07/20","日盛-台南",0,10,-10
"22641","2841台開","110/07/20","台新-台南",4,0,4
"22642","2841台開","110/07/20","兆豐-寶成",0,10,-10
"22643","2841台開","110/07/20","日盛證券",3,0,3
"22644","2841台開","110/07/20","國票-中港",0,10,-10
"22645","2841台開","110/07/20","台新證券",8,5,3
"22646","2841台開","110/07/20","群益金鼎",0,10,-10
"22647","2841台開","110/07/20","元大-沙鹿",3,0,3
"22648","2841台開","110/07/20","玉山證券",1,10,-9
"22649","2841台開","110/07/20","國泰-台中",2,0,2
"22650","2841台開","110/07/20","大昌-新店",0,6,-6
"22651","6207雷科","110/07/20","元大-西門",100,4,96
"22652","6207雷科","110/07/20","永豐金-內湖",0,109,-109
"22653","6207雷科","110/07/20","凱基-復興",50,0,50
"22654","6207雷科","110/07/20","國泰證券",0,90,-90
"22655","6207雷科","110/07/20","凱基-台北",47,1,46
"22656","6207雷科","110/07/20","元大-頭份",0,55,-55
"22657","6207雷科","110/07/20","玉山-城中",43,1,42
"22658","6207雷科","110/07/20","永豐金-虎尾",0,50,-50
"22659","6207雷科","110/07/20","華南永昌-長虹",44,5,39
"22660","6207雷科","110/07/20","元富-世貿",0,33,-33
"22661","6207雷科","110/07/20","凱基-板橋",38,1,37
"22662","6207雷科","110/07/20","元大-南崁",0,22,-22
"22663","6207雷科","110/07/20","元富-信義",39,3,36
"22664","6207雷科","110/07/20","永豐金-鳳山",0,21,-21
"22665","6207雷科","110/07/20","元富-彰化",35,0,35
"22666","6207雷科","110/07/20","永豐金-三重",6,27,-21
"22667","6207雷科","110/07/20","凱基-高美館",34,0,34
"22668","6207雷科","110/07/20","第一金-澎湖",0,20,-20
"22669","6207雷科","110/07/20","富邦-中壢",26,2,24
"22670","6207雷科","110/07/20","群益金鼎-東大",0,20,-20
"22671","6207雷科","110/07/20","大昌-桃園",23,0,23
"22672","6207雷科","110/07/20","兆豐-民生",0,19,-19
"22673","6207雷科","110/07/20","元大-四維",39,17,22
"22674","6207雷科","110/07/20","元大-北成功",1,20,-19
"22675","6207雷科","110/07/20","台灣摩根士丹利",18,0,18
"22676","6207雷科","110/07/20","元大-虎尾",1,18,-17
"22677","6207雷科","110/07/20","國票-中和",16,0,16
"22678","6207雷科","110/07/20","元大-文心興安",0,15,-15
"22679","6207雷科","110/07/20","永豐金-大園",16,0,16
"22680","6207雷科","110/07/20","瑞士信貸",0,14,-14
"22681","3679新至陞","110/07/20","國票-敦北法人",18,0,18
"22682","3679新至陞","110/07/20","華南永昌-台中",0,32,-32
"22683","3679新至陞","110/07/20","台中銀-員林",17,3,14
"22684","3679新至陞","110/07/20","凱基-台北",12,32,-20
"22685","3679新至陞","110/07/20","群益金鼎-高盛",13,0,13
"22686","3679新至陞","110/07/20","摩根大通",2,14,-12
"22687","3679新至陞","110/07/20","康和-澎湖",8,0,8
"22688","3679新至陞","110/07/20","國泰-桃園",0,11,-11
"22689","3679新至陞","110/07/20","台新證券",6,0,6
"22690","3679新至陞","110/07/20","群益金鼎-台南",0,10,-10
"22691","3679新至陞","110/07/20","宏遠-光隆",4,0,4
"22692","3679新至陞","110/07/20","群益金鼎-大安",0,10,-10
"22693","3679新至陞","110/07/20","玉山-大里",4,0,4
"22694","3679新至陞","110/07/20","永豐金證券",4,14,-10
"22695","3679新至陞","110/07/20","台中銀-豐原",3,0,3
"22696","3679新至陞","110/07/20","兆豐-大同",1,6,-5
"22697","3679新至陞","110/07/20","玉山-新莊",3,0,3
"22698","3679新至陞","110/07/20","群益金鼎-館前",0,4,-4
"22699","3679新至陞","110/07/20","凱基-中山",3,0,3
"22700","3679新至陞","110/07/20","富邦-南屯",0,4,-4
"22701","3679新至陞","110/07/20","富邦-台北",3,0,3
"22702","3679新至陞","110/07/20","瑞士信貸",3,6,-3
"22703","3679新至陞","110/07/20","元大-板橋",3,0,3
"22704","3679新至陞","110/07/20","國泰-板橋",0,3,-3
"22705","3679新至陞","110/07/20","日盛-八德",2,0,2
"22706","3679新至陞","110/07/20","富邦-中壢",1,4,-3
"22707","3679新至陞","110/07/20","日盛-復興",2,0,2
"22708","3679新至陞","110/07/20","台灣企銀",0,2,-2
"22709","3679新至陞","110/07/20","康和-板橋",2,0,2
"22710","3679新至陞","110/07/20","日盛-大墩",0,2,-2
"22711","2727王品","110/07/20","兆豐-南京",200,0,200
"22712","2727王品","110/07/20","凱基-市政",1,75,-74
"22713","2727王品","110/07/20","富邦證券",88,0,88
"22714","2727王品","110/07/20","美商高盛",6,38,-32
"22715","2727王品","110/07/20","台新證券",142,55,87
"22716","2727王品","110/07/20","富邦-陽明",7,38,-31
"22717","2727王品","110/07/20","瑞士信貸",50,0,50
"22718","2727王品","110/07/20","永豐金-中正",3,34,-31
"22719","2727王品","110/07/20","港商野村",106,57,49
"22720","2727王品","110/07/20","永豐金-潮州",0,31,-31
"22721","2727王品","110/07/20","凱基-台北",67,27,40
"22722","2727王品","110/07/20","兆豐-大安",0,30,-30
"22723","2727王品","110/07/20","永豐金-大園",29,2,27
"22724","2727王品","110/07/20","摩根大通",50,73,-23
"22725","2727王品","110/07/20","康和-高雄",20,0,20
"22726","2727王品","110/07/20","日盛證券",4,24,-20
"22727","2727王品","110/07/20","第一金-高雄",20,3,17
"22728","2727王品","110/07/20","凱基-大里",0,20,-20
"22729","2727王品","110/07/20","富邦-板橋",21,4,17
"22730","2727王品","110/07/20","群益金鼎-大甲",0,18,-18
"22731","2727王品","110/07/20","永豐金-桃盛",15,0,15
"22732","2727王品","110/07/20","統一",18,29,-11
"22733","2727王品","110/07/20","凱基",13,0,13
"22734","2727王品","110/07/20","國泰-台中",12,23,-11
"22735","2727王品","110/07/20","新加坡商瑞銀",23,11,12
"22736","2727王品","110/07/20","元大-彰化",0,11,-11
"22737","2727王品","110/07/20","亞東",10,0,10
"22738","2727王品","110/07/20","國泰-館前",4,14,-10
"22739","2727王品","110/07/20","康和-台中",13,4,9
"22740","2727王品","110/07/20","元大-學甲",0,10,-10
"22741","1570力肯","110/07/20","國票-北高雄",36,0,36
"22742","1570力肯","110/07/20","國泰-敦南",0,19,-19
"22743","1570力肯","110/07/20","群益金鼎-高雄",16,0,16
"22744","1570力肯","110/07/20","中國信託-永康",0,12,-12
"22745","1570力肯","110/07/20","臺銀-鳳山",10,0,10
"22746","1570力肯","110/07/20","第一金-路竹",0,10,-10
"22747","1570力肯","110/07/20","群益金鼎-新竹",6,0,6
"22748","1570力肯","110/07/20","福勝",0,10,-10
"22749","1570力肯","110/07/20","大昌-樹林",5,0,5
"22750","1570力肯","110/07/20","群益金鼎-板橋",0,10,-10
"22751","1570力肯","110/07/20","華南永昌-楠梓",5,0,5
"22752","1570力肯","110/07/20","日盛-鳳山",0,8,-8
"22753","1570力肯","110/07/20","元大-基隆孝二",5,0,5
"22754","1570力肯","110/07/20","永豐金-新竹",6,14,-8
"22755","1570力肯","110/07/20","元大-新竹經國",4,0,4
"22756","1570力肯","110/07/20","第一金-彰化",0,7,-7
"22757","1570力肯","110/07/20","土銀-高雄",2,0,2
"22758","1570力肯","110/07/20","元富-吉利",0,7,-7
"22759","1570力肯","110/07/20","台灣企銀-太平",2,0,2
"22760","1570力肯","110/07/20","台中銀-員林",0,7,-7
"22761","1570力肯","110/07/20","兆豐-忠孝",2,0,2
"22762","1570力肯","110/07/20","玉山證券",1,8,-7
"22763","1570力肯","110/07/20","玉山-城中",2,0,2
"22764","1570力肯","110/07/20","統一-三重",0,5,-5
"22765","1570力肯","110/07/20","國泰-板橋",2,0,2
"22766","1570力肯","110/07/20","光和-溪湖",0,3,-3
"22767","1570力肯","110/07/20","凱基-台北",2,0,2
"22768","1570力肯","110/07/20","康和-澎湖",0,3,-3
"22769","1570力肯","110/07/20","華南永昌-高雄",2,0,2
"22770","1570力肯","110/07/20","摩根大通",0,2,-2
"22771","6180橘子","110/07/20","摩根大通",89,31,58
"22772","6180橘子","110/07/20","群益金鼎-中山",0,80,-80
"22773","6180橘子","110/07/20","美商高盛",27,0,27
"22774","6180橘子","110/07/20","台中銀-台北",0,30,-30
"22775","6180橘子","110/07/20","新加坡商瑞銀",28,1,27
"22776","6180橘子","110/07/20","日盛-新莊",1,22,-21
"22777","6180橘子","110/07/20","新光",41,16,25
"22778","6180橘子","110/07/20","元富-緯城",2,20,-18
"22779","6180橘子","110/07/20","日盛-文化",21,0,21
"22780","6180橘子","110/07/20","日盛-新竹",2,15,-13
"22781","6180橘子","110/07/20","元富-潮州",20,0,20
"22782","6180橘子","110/07/20","元大-汐止",0,12,-12
"22783","6180橘子","110/07/20","凱基-台北",31,11,20
"22784","6180橘子","110/07/20","元大-豐原站前",0,12,-12
"22785","6180橘子","110/07/20","元大-草屯",18,0,18
"22786","6180橘子","110/07/20","德信-中正",0,10,-10
"22787","6180橘子","110/07/20","花旗環球",13,0,13
"22788","6180橘子","110/07/20","新光-台南",0,10,-10
"22789","6180橘子","110/07/20","元大-桃園",12,0,12
"22790","6180橘子","110/07/20","玉山-雙和",0,10,-10
"22791","6180橘子","110/07/20","群益金鼎",10,0,10
"22792","6180橘子","110/07/20","元大-四維",0,10,-10
"22793","6180橘子","110/07/20","元大-高雄",10,0,10
"22794","6180橘子","110/07/20","元大-永春",2,12,-10
"22795","6180橘子","110/07/20","群益金鼎-嘉義",9,0,9
"22796","6180橘子","110/07/20","凱基-高美館",0,8,-8
"22797","6180橘子","110/07/20","富邦-嘉義",9,0,9
"22798","6180橘子","110/07/20","華南永昌",2,10,-8
"22799","6180橘子","110/07/20","元富-草屯",10,2,8
"22800","6180橘子","110/07/20","富邦-台北",0,8,-8
"22801","2390云辰","110/07/20","元大證券",6043,11,6032
"22802","2390云辰","110/07/20","華南永昌-鳳山",2,312,-310
"22803","2390云辰","110/07/20","兆豐-復興",998,0,998
"22804","2390云辰","110/07/20","台灣摩根士丹利",0,247,-247
"22805","2390云辰","110/07/20","富邦-嘉義",775,7,768
"22806","2390云辰","110/07/20","元大-復北",4,239,-235
"22807","2390云辰","110/07/20","統一-台中",350,6,344
"22808","2390云辰","110/07/20","富邦-建國",25,236,-211
"22809","2390云辰","110/07/20","兆豐-城中",240,0,240
"22810","2390云辰","110/07/20","元富-中港",0,202,-202
"22811","2390云辰","110/07/20","群益金鼎-館前",204,2,202
"22812","2390云辰","110/07/20","國泰-敦南",20,194,-174
"22813","2390云辰","110/07/20","凱基-大直",187,0,187
"22814","2390云辰","110/07/20","元大-土城學府",10,156,-146
"22815","2390云辰","110/07/20","永豐金證券",160,10,150
"22816","2390云辰","110/07/20","中國信託-松江",0,130,-130
"22817","2390云辰","110/07/20","日盛-高雄",104,2,102
"22818","2390云辰","110/07/20","凱基-基隆",0,130,-130
"22819","2390云辰","110/07/20","凱基-中山",100,3,97
"22820","2390云辰","110/07/20","永豐金-中正",1,117,-116
"22821","2390云辰","110/07/20","元大-基隆",85,7,78
"22822","2390云辰","110/07/20","富邦-陽明",1,94,-93
"22823","2390云辰","110/07/20","群益金鼎-東大",64,2,62
"22824","2390云辰","110/07/20","元大-潮州",20,112,-92
"22825","2390云辰","110/07/20","元大-前金",60,1,59
"22826","2390云辰","110/07/20","宏遠證券",0,89,-89
"22827","2390云辰","110/07/20","國票-北高雄",63,14,49
"22828","2390云辰","110/07/20","兆豐-台中",0,75,-75
"22829","2390云辰","110/07/20","群益金鼎-三重",40,6,34
"22830","2390云辰","110/07/20","新光",8,82,-74
"22831","2363矽統","110/07/19","第一金-忠孝",210,0,210
"22832","2363矽統","110/07/19","富邦-仁愛",32,575,-543
"22833","2363矽統","110/07/19","中國信託-文心",191,9,182
"22834","2363矽統","110/07/19","新加坡商瑞銀",53,486,-433
"22835","2363矽統","110/07/19","華南永昌-鳳山",116,1,115
"22836","2363矽統","110/07/19","摩根大通",42,320,-278
"22837","2363矽統","110/07/19","元大-新竹",113,12,101
"22838","2363矽統","110/07/19","元大-竹科",3,201,-198
"22839","2363矽統","110/07/19","凱基-中山",89,1,88
"22840","2363矽統","110/07/19","元大-成功",7,183,-176
"22841","2363矽統","110/07/19","永豐金-嘉義",82,7,75
"22842","2363矽統","110/07/19","凱基-大里",0,150,-150
"22843","2363矽統","110/07/19","凱基-台南",72,4,68
"22844","2363矽統","110/07/19","瑞士信貸",80,215,-135
"22845","2363矽統","110/07/19","元富-城東",84,17,67
"22846","2363矽統","110/07/19","日盛-新莊",4,135,-131
"22847","2363矽統","110/07/19","群益金鼎-東湖",61,0,61
"22848","2363矽統","110/07/19","宏遠-桃園",20,150,-130
"22849","2363矽統","110/07/19","兆豐-中壢",55,0,55
"22850","2363矽統","110/07/19","凱基-三重",7,107,-100
"22851","2363矽統","110/07/19","康和-內湖",55,1,54
"22852","2363矽統","110/07/19","凱基-台北",384,476,-92
"22853","2363矽統","110/07/19","群益金鼎-桃園",55,2,53
"22854","2363矽統","110/07/19","合庫-台中",3,84,-81
"22855","2363矽統","110/07/19","群益金鼎-大興",50,0,50
"22856","2363矽統","110/07/19","致和-金華",1,80,-79
"22857","2363矽統","110/07/19","台新-台中",81,32,49
"22858","2363矽統","110/07/19","凱基-員林",5,77,-72
"22859","2363矽統","110/07/19","北城證券",58,10,48
"22860","2363矽統","110/07/19","華南永昌-合泰",2,70,-68
"22861","8112至上","110/07/19","摩根大通",1413,144,1269
"22862","8112至上","110/07/19","凱基-三重",3,600,-597
"22863","8112至上","110/07/19","凱基-台北",1053,266,787
"22864","8112至上","110/07/19","元大-府城",0,165,-165
"22865","8112至上","110/07/19","新加坡商瑞銀",523,2,521
"22866","8112至上","110/07/19","台灣企銀-台中",0,150,-150
"22867","8112至上","110/07/19","台灣摩根士丹利",487,8,479
"22868","8112至上","110/07/19","(牛牛牛)亞-鑫豐",26,119,-93
"22869","8112至上","110/07/19","美林",529,93,436
"22870","8112至上","110/07/19","永豐金-台南",15,95,-80
"22871","8112至上","110/07/19","港商野村",358,36,322
"22872","8112至上","110/07/19","亞東-板橋",2,81,-79
"22873","8112至上","110/07/19","美商高盛",276,3,273
"22874","8112至上","110/07/19","陽信",0,70,-70
"22875","8112至上","110/07/19","兆豐-公益",180,7,173
"22876","8112至上","110/07/19","元富-佳里",0,69,-69
"22877","8112至上","110/07/19","國泰-板橋",116,15,101
"22878","8112至上","110/07/19","臺銀-鳳山",7,72,-65
"22879","8112至上","110/07/19","凱基-新莊",100,1,99
"22880","8112至上","110/07/19","兆豐-竹北",4,65,-61
"22881","8112至上","110/07/19","凱基-市政",89,0,89
"22882","8112至上","110/07/19","國泰-新莊",2,62,-60
"22883","8112至上","110/07/19","玉山證券",73,7,66
"22884","8112至上","110/07/19","元富-大裕",2,60,-58
"22885","8112至上","110/07/19","花旗環球",64,0,64
"22886","8112至上","110/07/19","臺灣企銀-桃園",0,55,-55
"22887","8112至上","110/07/19","合庫-台中",55,3,52
"22888","8112至上","110/07/19","康和-台南",4,59,-55
"22889","8112至上","110/07/19","永豐金-中壢",50,1,49
"22890","8112至上","110/07/19","第一金-華江",3,55,-52
"22891","1570力肯","110/07/19","國票-北高雄",34,0,34
"22892","1570力肯","110/07/19","合庫-三重",0,8,-8
"22893","1570力肯","110/07/19","新光",30,3,27
"22894","1570力肯","110/07/19","元大-高雄",0,8,-8
"22895","1570力肯","110/07/19","凱基-台北",24,1,23
"22896","1570力肯","110/07/19","合庫-台中",0,7,-7
"22897","1570力肯","110/07/19","台灣摩根士丹利",7,0,7
"22898","1570力肯","110/07/19","臺銀-臺中",0,6,-6
"22899","1570力肯","110/07/19","元大-林森",5,0,5
"22900","1570力肯","110/07/19","摩根大通",6,11,-5
"22901","1570力肯","110/07/19","元大-士林",4,0,4
"22902","1570力肯","110/07/19","元富-緯城",0,4,-4
"22903","1570力肯","110/07/19","玉山證券",8,5,3
"22904","1570力肯","110/07/19","玉山-台大",0,4,-4
"22905","1570力肯","110/07/19","統一-城中",2,0,2
"22906","1570力肯","110/07/19","群益金鼎-三重",0,4,-4
"22907","1570力肯","110/07/19","元大-基隆孝二",2,0,2
"22908","1570力肯","110/07/19","凱基-鳳山",1,5,-4
"22909","1570力肯","110/07/19","土銀-建國",1,0,1
"22910","1570力肯","110/07/19","元大-板橋",0,4,-4
"22911","1570力肯","110/07/19","日盛-復興",1,0,1
"22912","1570力肯","110/07/19","日盛-和美",0,3,-3
"22913","1570力肯","110/07/19","瑞士信貸",1,0,1
"22914","1570力肯","110/07/19","元富-新店",2,5,-3
"22915","1570力肯","110/07/19","元富-四維",1,0,1
"22916","1570力肯","110/07/19","元大-新莊",0,3,-3
"22917","1570力肯","110/07/19","群益金鼎-北高雄",1,0,1
"22918","1570力肯","110/07/19","永豐金-敦南",0,3,-3
"22919","1570力肯","110/07/19","凱基-高美館",1,0,1
"22920","1570力肯","110/07/19","永豐金-台中",0,3,-3
"22921","2929淘帝","110/07/19","元大-民生",28,0,28
"22922","2929淘帝","110/07/19","元大-六合",0,40,-40
"22923","2929淘帝","110/07/19","宏遠-光隆",25,0,25
"22924","2929淘帝","110/07/19","新光-新竹",0,35,-35
"22925","2929淘帝","110/07/19","華南永昌-苗栗",20,0,20
"22926","2929淘帝","110/07/19","新加坡商瑞銀",1,30,-29
"22927","2929淘帝","110/07/19","元大-員林",20,0,20
"22928","2929淘帝","110/07/19","永豐金-永康",0,27,-27
"22929","2929淘帝","110/07/19","合庫-高雄",18,0,18
"22930","2929淘帝","110/07/19","凱基-復興",0,24,-24
"22931","2929淘帝","110/07/19","臺銀-鳳山",18,0,18
"22932","2929淘帝","110/07/19","日盛-豐原",0,22,-22
"22933","2929淘帝","110/07/19","日盛-雙和",17,0,17
"22934","2929淘帝","110/07/19","富邦-南屯",1,22,-21
"22935","2929淘帝","110/07/19","華南永昌-林口",15,0,15
"22936","2929淘帝","110/07/19","新光",1,21,-20
"22937","2929淘帝","110/07/19","元大-屏南",15,0,15
"22938","2929淘帝","110/07/19","華南永昌",0,20,-20
"22939","2929淘帝","110/07/19","台新-中壢",12,0,12
"22940","2929淘帝","110/07/19","富邦-竹東",2,22,-20
"22941","2929淘帝","110/07/19","新光-台中",11,0,11
"22942","2929淘帝","110/07/19","凱基-士林",0,16,-16
"22943","2929淘帝","110/07/19","凱基-台北",20,9,11
"22944","2929淘帝","110/07/19","福勝",0,15,-15
"22945","2929淘帝","110/07/19","富邦-台北",11,0,11
"22946","2929淘帝","110/07/19","港商野村",25,37,-12
"22947","2929淘帝","110/07/19","合庫-自強",10,0,10
"22948","2929淘帝","110/07/19","群益金鼎-建成",0,11,-11
"22949","2929淘帝","110/07/19","凱基-豐中",10,0,10
"22950","2929淘帝","110/07/19","華南永昌-朴子",0,11,-11
"22951","5410國眾","110/07/19","香港上海匯豐",28,0,28
"22952","5410國眾","110/07/19","群益金鼎-內湖",0,80,-80
"22953","5410國眾","110/07/19","大昌",26,0,26
"22954","5410國眾","110/07/19","永豐金-屏東",0,14,-14
"22955","5410國眾","110/07/19","兆豐-公益",20,0,20
"22956","5410國眾","110/07/19","永豐金-南京",0,10,-10
"22957","5410國眾","110/07/19","合庫-嘉義",10,0,10
"22958","5410國眾","110/07/19","元大-內湖",0,9,-9
"22959","5410國眾","110/07/19","台新-左楠",20,10,10
"22960","5410國眾","110/07/19","富邦-永和",0,8,-8
"22961","5410國眾","110/07/19","摩根大通",15,6,9
"22962","5410國眾","110/07/19","日盛-景美",0,6,-6
"22963","5410國眾","110/07/19","台灣企銀-民雄",8,0,8
"22964","5410國眾","110/07/19","光和",1,7,-6
"22965","5410國眾","110/07/19","元大-竹科",8,0,8
"22966","5410國眾","110/07/19","元大-士林",0,6,-6
"22967","5410國眾","110/07/19","凱基-台北",9,3,6
"22968","5410國眾","110/07/19","新光-台中",0,5,-5
"22969","5410國眾","110/07/19","元大-博愛",6,0,6
"22970","5410國眾","110/07/19","元大-景美",0,5,-5
"22971","5410國眾","110/07/19","台新-三民",5,0,5
"22972","5410國眾","110/07/19","大慶-蘆洲",0,4,-4
"22973","5410國眾","110/07/19","群益金鼎-中壢",5,0,5
"22974","5410國眾","110/07/19","中國信託-新竹",0,4,-4
"22975","5410國眾","110/07/19","群益金鼎-嘉義",5,0,5
"22976","5410國眾","110/07/19","新光",6,10,-4
"22977","5410國眾","110/07/19","日盛證券",4,0,4
"22978","5410國眾","110/07/19","元大-基隆孝二",0,4,-4
"22979","5410國眾","110/07/19","群益金鼎-新店",4,0,4
"22980","5410國眾","110/07/19","土銀-台中",0,3,-3
"22981","2841台開","110/07/19","元富-城東",150,0,150
"22982","2841台開","110/07/19","日進",0,80,-80
"22983","2841台開","110/07/19","中國信託-忠孝",80,0,80
"22984","2841台開","110/07/19","港商野村",0,77,-77
"22985","2841台開","110/07/19","凱基-台北",52,0,52
"22986","2841台開","110/07/19","摩根大通",0,41,-41
"22987","2841台開","110/07/19","美商高盛",48,0,48
"22988","2841台開","110/07/19","元大-三重",1,38,-37
"22989","2841台開","110/07/19","台中銀",43,0,43
"22990","2841台開","110/07/19","元大-福營",0,30,-30
"22991","2841台開","110/07/19","永豐金-豐原",32,0,32
"22992","2841台開","110/07/19","新光",4,28,-24
"22993","2841台開","110/07/19","豐農",20,0,20
"22994","2841台開","110/07/19","元大-竹科",0,22,-22
"22995","2841台開","110/07/19","台新-台中",30,10,20
"22996","2841台開","110/07/19","永豐金-敦南",33,55,-22
"22997","2841台開","110/07/19","華南永昌-新莊",20,0,20
"22998","2841台開","110/07/19","日盛-二林",0,15,-15
"22999","2841台開","110/07/19","第一金-台中",12,0,12
"23000","2841台開","110/07/19","元富-虎尾",0,15,-15
"23001","2841台開","110/07/19","國泰-台中",12,0,12
"23002","2841台開","110/07/19","華南永昌-世貿",0,15,-15
"23003","2841台開","110/07/19","日茂",10,0,10
"23004","2841台開","110/07/19","統一-三多",0,12,-12
"23005","2841台開","110/07/19","凱基-埔墘",10,0,10
"23006","2841台開","110/07/19","台中銀-豐原",0,10,-10
"23007","2841台開","110/07/19","永豐金-內湖",8,0,8
"23008","2841台開","110/07/19","元大-頭份",0,10,-10
"23009","2841台開","110/07/19","合庫-台中",7,0,7
"23010","2841台開","110/07/19","合庫-台南",0,8,-8
"23011","6207雷科","110/07/19","元富-信義",92,0,92
"23012","6207雷科","110/07/19","新加坡商瑞銀",5,104,-99
"23013","6207雷科","110/07/19","國泰證券",90,0,90
"23014","6207雷科","110/07/19","富邦-彰化",2,97,-95
"23015","6207雷科","110/07/19","元富-城中",80,4,76
"23016","6207雷科","110/07/19","永豐金-內湖",6,85,-79
"23017","6207雷科","110/07/19","元大-福營",71,5,66
"23018","6207雷科","110/07/19","摩根大通",102,164,-62
"23019","6207雷科","110/07/19","凱基-復興",60,0,60
"23020","6207雷科","110/07/19","瑞士信貸",0,51,-51
"23021","6207雷科","110/07/19","凱基-台北",91,46,45
"23022","6207雷科","110/07/19","凱基-板橋",10,55,-45
"23023","6207雷科","110/07/19","玉山-城中",42,0,42
"23024","6207雷科","110/07/19","華南永昌-大安",0,40,-40
"23025","6207雷科","110/07/19","華南永昌-長虹",40,0,40
"23026","6207雷科","110/07/19","群益金鼎-東大",1,40,-39
"23027","6207雷科","110/07/19","永豐金-羅東",38,0,38
"23028","6207雷科","110/07/19","台新-高雄",15,47,-32
"23029","6207雷科","110/07/19","日盛-忠孝",36,2,34
"23030","6207雷科","110/07/19","玉山-嘉義",1,32,-31
"23031","6207雷科","110/07/19","凱基-羅東",37,3,34
"23032","6207雷科","110/07/19","凱基-中港",0,30,-30
"23033","6207雷科","110/07/19","第一金-新竹",30,0,30
"23034","6207雷科","110/07/19","元大-六合",7,36,-29
"23035","6207雷科","110/07/19","玉山-數位",27,1,26
"23036","6207雷科","110/07/19","元富-花蓮",0,28,-28
"23037","6207雷科","110/07/19","凱基-長庚",22,0,22
"23038","6207雷科","110/07/19","群益金鼎-瑞豐",6,34,-28
"23039","6207雷科","110/07/19","台灣企銀-北高雄",20,0,20
"23040","6207雷科","110/07/19","新百王",0,26,-26
"23041","3679新至陞","110/07/19","元大-成功",7,0,7
"23042","3679新至陞","110/07/19","群益金鼎-大安",0,15,-15
"23043","3679新至陞","110/07/19","美商高盛",6,0,6
"23044","3679新至陞","110/07/19","凱基-民權",0,10,-10
"23045","3679新至陞","110/07/19","台新-高雄",5,0,5
"23046","3679新至陞","110/07/19","元大-西門",0,10,-10
"23047","3679新至陞","110/07/19","凱基-松山",5,0,5
"23048","3679新至陞","110/07/19","瑞士信貸",0,6,-6
"23049","3679新至陞","110/07/19","日盛-員林",4,0,4
"23050","3679新至陞","110/07/19","兆豐-高雄",0,6,-6
"23051","3679新至陞","110/07/19","台中銀-員林",4,0,4
"23052","3679新至陞","110/07/19","群益金鼎",0,5,-5
"23053","3679新至陞","110/07/19","(牛牛牛)亞-網路",3,0,3
"23054","3679新至陞","110/07/19","元大-永春",0,4,-4
"23055","3679新至陞","110/07/19","大昌-新店",3,0,3
"23056","3679新至陞","110/07/19","凱基-台北",2,5,-3
"23057","3679新至陞","110/07/19","凱基-埔墘",3,0,3
"23058","3679新至陞","110/07/19","港商法國興業",0,2,-2
"23059","3679新至陞","110/07/19","元大-板橋",3,0,3
"23060","3679新至陞","110/07/19","摩根大通",2,4,-2
"23061","3679新至陞","110/07/19","臺銀-金山",2,0,2
"23062","3679新至陞","110/07/19","元大-金門",0,2,-2
"23063","3679新至陞","110/07/19","日盛-樹林",2,0,2
"23064","3679新至陞","110/07/19","元大-土城",0,2,-2
"23065","3679新至陞","110/07/19","致和-東門",2,0,2
"23066","3679新至陞","110/07/19","日盛-鳳山",0,1,-1
"23067","3679新至陞","110/07/19","國票-敦北法人",2,0,2
"23068","3679新至陞","110/07/19","美林",1,2,-1
"23069","3679新至陞","110/07/19","台新證券",2,0,2
"23070","3679新至陞","110/07/19","第一金",0,1,-1
"23071","2727王品","110/07/19","台新證券",374,33,341
"23072","2727王品","110/07/19","台灣摩根士丹利",25,188,-163
"23073","2727王品","110/07/19","瑞士信貸",217,1,216
"23074","2727王品","110/07/19","港商野村",74,198,-124
"23075","2727王品","110/07/19","兆豐-南京",200,0,200
"23076","2727王品","110/07/19","統一",6,80,-74
"23077","2727王品","110/07/19","第一金",70,1,69
"23078","2727王品","110/07/19","合庫-台中",8,79,-71
"23079","2727王品","110/07/19","元大-小港",59,1,58
"23080","2727王品","110/07/19","凱基-台北",178,231,-53
"23081","2727王品","110/07/19","玉山-桃園",42,6,36
"23082","2727王品","110/07/19","富邦-中壢",3,52,-49
"23083","2727王品","110/07/19","永豐金-大園",31,0,31
"23084","2727王品","110/07/19","凱基-永華",0,43,-43
"23085","2727王品","110/07/19","兆豐-大安",30,0,30
"23086","2727王品","110/07/19","土銀-台中",0,36,-36
"23087","2727王品","110/07/19","美商高盛",38,15,23
"23088","2727王品","110/07/19","美林",8,41,-33
"23089","2727王品","110/07/19","康和-澎湖",23,1,22
"23090","2727王品","110/07/19","中國信託-忠孝",1,33,-32
"23091","2727王品","110/07/19","第一金-高雄",21,0,21
"23092","2727王品","110/07/19","新光",31,61,-30
"23093","2727王品","110/07/19","國票-內壢",21,0,21
"23094","2727王品","110/07/19","第一金-豐原",0,26,-26
"23095","2727王品","110/07/19","元大-桃興",19,3,16
"23096","2727王品","110/07/19","富邦-彰化",0,26,-26
"23097","2727王品","110/07/19","凱基-三重",16,1,15
"23098","2727王品","110/07/19","摩根大通",78,97,-19
"23099","2727王品","110/07/19","永豐金-南投",16,1,15
"23100","2727王品","110/07/19","國泰證券",2,21,-19
"23101","1570力肯","110/07/19","國票-北高雄",34,0,34
"23102","1570力肯","110/07/19","合庫-三重",0,8,-8
"23103","1570力肯","110/07/19","新光",30,3,27
"23104","1570力肯","110/07/19","元大-高雄",0,8,-8
"23105","1570力肯","110/07/19","凱基-台北",24,1,23
"23106","1570力肯","110/07/19","合庫-台中",0,7,-7
"23107","1570力肯","110/07/19","台灣摩根士丹利",7,0,7
"23108","1570力肯","110/07/19","臺銀-臺中",0,6,-6
"23109","1570力肯","110/07/19","元大-林森",5,0,5
"23110","1570力肯","110/07/19","摩根大通",6,11,-5
"23111","1570力肯","110/07/19","元大-士林",4,0,4
"23112","1570力肯","110/07/19","元富-緯城",0,4,-4
"23113","1570力肯","110/07/19","玉山證券",8,5,3
"23114","1570力肯","110/07/19","玉山-台大",0,4,-4
"23115","1570力肯","110/07/19","統一-城中",2,0,2
"23116","1570力肯","110/07/19","群益金鼎-三重",0,4,-4
"23117","1570力肯","110/07/19","元大-基隆孝二",2,0,2
"23118","1570力肯","110/07/19","凱基-鳳山",1,5,-4
"23119","1570力肯","110/07/19","土銀-建國",1,0,1
"23120","1570力肯","110/07/19","元大-板橋",0,4,-4
"23121","1570力肯","110/07/19","日盛-復興",1,0,1
"23122","1570力肯","110/07/19","日盛-和美",0,3,-3
"23123","1570力肯","110/07/19","瑞士信貸",1,0,1
"23124","1570力肯","110/07/19","元富-新店",2,5,-3
"23125","1570力肯","110/07/19","元富-四維",1,0,1
"23126","1570力肯","110/07/19","元大-新莊",0,3,-3
"23127","1570力肯","110/07/19","群益金鼎-北高雄",1,0,1
"23128","1570力肯","110/07/19","永豐金-敦南",0,3,-3
"23129","1570力肯","110/07/19","凱基-高美館",1,0,1
"23130","1570力肯","110/07/19","永豐金-台中",0,3,-3
"23131","6180橘子","110/07/19","兆豐證券",55,0,55
"23132","6180橘子","110/07/19","石橋證券",0,80,-80
"23133","6180橘子","110/07/19","凱基-台北",89,35,54
"23134","6180橘子","110/07/19","永豐金-大園",2,50,-48
"23135","6180橘子","110/07/19","合庫-自強",36,0,36
"23136","6180橘子","110/07/19","群益金鼎-屏東",0,40,-40
"23137","6180橘子","110/07/19","新光",50,25,25
"23138","6180橘子","110/07/19","國泰-敦南",0,19,-19
"23139","6180橘子","110/07/19","日盛-龍潭",20,0,20
"23140","6180橘子","110/07/19","日盛-新竹",2,20,-18
"23141","6180橘子","110/07/19","元大-斗信",16,1,15
"23142","6180橘子","110/07/19","摩根大通",17,35,-18
"23143","6180橘子","110/07/19","康和-台中",12,0,12
"23144","6180橘子","110/07/19","富邦-陽明",0,17,-17
"23145","6180橘子","110/07/19","國泰-台中",14,2,12
"23146","6180橘子","110/07/19","美商高盛",11,27,-16
"23147","6180橘子","110/07/19","富邦-嘉義",12,0,12
"23148","6180橘子","110/07/19","統一-宜蘭",0,14,-14
"23149","6180橘子","110/07/19","元大-草屯",12,0,12
"23150","6180橘子","110/07/19","凱基-興隆",0,12,-12
"23151","6180橘子","110/07/19","元富-桃園",11,0,11
"23152","6180橘子","110/07/19","台中銀-豐原",1,11,-10
"23153","6180橘子","110/07/19","兆豐-城中",10,0,10
"23154","6180橘子","110/07/19","永豐金-豐原",0,10,-10
"23155","6180橘子","110/07/19","元大-旗山",10,0,10
"23156","6180橘子","110/07/19","永豐金-竹科",0,10,-10
"23157","6180橘子","110/07/19","元大-大安",10,0,10
"23158","6180橘子","110/07/19","臺銀-鳳山",1,10,-9
"23159","6180橘子","110/07/19","大昌-新店",9,0,9
"23160","6180橘子","110/07/19","群益金鼎-台南",0,9,-9
"23161","2390云辰","110/07/19","摩根大通",1135,266,869
"23162","2390云辰","110/07/19","元富-成功",15,119,-104
"23163","2390云辰","110/07/19","台灣摩根士丹利",232,40,192
"23164","2390云辰","110/07/19","元富-中港",5,101,-96
"23165","2390云辰","110/07/19","凱基-台北",669,504,165
"23166","2390云辰","110/07/19","元富-嘉義",5,85,-80
"23167","2390云辰","110/07/19","美林",290,159,131
"23168","2390云辰","110/07/19","美商高盛",11,62,-51
"23169","2390云辰","110/07/19","統一",111,8,103
"23170","2390云辰","110/07/19","群益金鼎-西松",4,54,-50
"23171","2390云辰","110/07/19","元富-埔里",102,0,102
"23172","2390云辰","110/07/19","聯邦商銀",0,48,-48
"23173","2390云辰","110/07/19","華南永昌-台中",126,26,100
"23174","2390云辰","110/07/19","元大-萬華",15,57,-42
"23175","2390云辰","110/07/19","永豐金-豐原",100,32,68
"23176","2390云辰","110/07/19","群益金鼎-高雄",2,42,-40
"23177","2390云辰","110/07/19","台新-台南",87,25,62
"23178","2390云辰","110/07/19","國泰-敦南",117,154,-37
"23179","2390云辰","110/07/19","台新-左楠",67,11,56
"23180","2390云辰","110/07/19","中國信託-文心",5,40,-35
"23181","2390云辰","110/07/19","國泰-忠孝",52,0,52
"23182","2390云辰","110/07/19","凱基-城中",16,51,-35
"23183","2390云辰","110/07/19","台新證券",105,54,51
"23184","2390云辰","110/07/19","瑞士信貸",0,31,-31
"23185","2390云辰","110/07/19","華南永昌-頭份",53,3,50
"23186","2390云辰","110/07/19","中國信託-永康",1,32,-31
"23187","2390云辰","110/07/19","新光-台南",44,0,44
"23188","2390云辰","110/07/19","統一-彰化",2,32,-30
"23189","2390云辰","110/07/19","合庫-西台中",50,8,42
"23190","2390云辰","110/07/19","元大-館前",7,37,-30
"23191","2363矽統","110/07/16","國票-長城",461,21,440
"23192","2363矽統","110/07/16","新加坡商瑞銀",155,482,-327
"23193","2363矽統","110/07/16","凱基-豐中",201,3,198
"23194","2363矽統","110/07/16","港商野村",253,546,-293
"23195","2363矽統","110/07/16","凱基-土城",132,9,123
"23196","2363矽統","110/07/16","摩根大通",116,401,-285
"23197","2363矽統","110/07/16","台新證券",199,78,121
"23198","2363矽統","110/07/16","瑞士信貸",291,533,-242
"23199","2363矽統","110/07/16","日盛-中和",74,0,74
"23200","2363矽統","110/07/16","日盛-竹北",19,248,-229
"23201","2363矽統","110/07/16","日盛-員林",66,3,63
"23202","2363矽統","110/07/16","臺銀-金山",4,211,-207
"23203","2363矽統","110/07/16","國票-中和",60,3,57
"23204","2363矽統","110/07/16","元大-大統",13,138,-125
"23205","2363矽統","110/07/16","新光",240,184,56
"23206","2363矽統","110/07/16","永豐金證券",11,125,-114
"23207","2363矽統","110/07/16","富邦-竹東",65,9,56
"23208","2363矽統","110/07/16","兆豐-民生",2,101,-99
"23209","2363矽統","110/07/16","華南永昌-鳳山",56,1,55
"23210","2363矽統","110/07/16","群益金鼎-松山",2,100,-98
"23211","2363矽統","110/07/16","凱基-台北",520,466,54
"23212","2363矽統","110/07/16","元大-花蓮",8,99,-91
"23213","2363矽統","110/07/16","元富-城東",63,12,51
"23214","2363矽統","110/07/16","華南永昌-虎尾",68,154,-86
"23215","2363矽統","110/07/16","群益金鼎-桃園",56,5,51
"23216","2363矽統","110/07/16","富邦-新竹華信",7,89,-82
"23217","2363矽統","110/07/16","北城證券",60,10,50
"23218","2363矽統","110/07/16","元大-佳里",3,81,-78
"23219","2363矽統","110/07/16","國票-九鼎",57,7,50
"23220","2363矽統","110/07/16","玉山-南京東路",0,73,-73
"23221","8112至上","110/07/16","宏遠證券",551,6,545
"23222","8112至上","110/07/16","玉山-桃園",42,318,-276
"23223","8112至上","110/07/16","台灣摩根士丹利",317,11,306
"23224","8112至上","110/07/16","美林",64,305,-241
"23225","8112至上","110/07/16","新加坡商瑞銀",378,73,305
"23226","8112至上","110/07/16","宏遠-館前",16,212,-196
"23227","8112至上","110/07/16","凱基-台北",758,553,205
"23228","8112至上","110/07/16","玉山-嘉義",19,95,-76
"23229","8112至上","110/07/16","富邦證券",127,0,127
"23230","8112至上","110/07/16","群益金鼎-三民",7,82,-75
"23231","8112至上","110/07/16","台新證券",129,30,99
"23232","8112至上","110/07/16","日盛-二林",1,73,-72
"23233","8112至上","110/07/16","花旗環球",97,0,97
"23234","8112至上","110/07/16","玉山-台大",8,76,-68
"23235","8112至上","110/07/16","永豐金-台南",97,8,89
"23236","8112至上","110/07/16","元富-台南",1,68,-67
"23237","8112至上","110/07/16","元大-大天母",93,15,78
"23238","8112至上","110/07/16","玉山-板橋",4,71,-67
"23239","8112至上","110/07/16","亞東-板橋",72,2,70
"23240","8112至上","110/07/16","臺灣企銀-埔墘",0,60,-60
"23241","8112至上","110/07/16","永豐金-中正",64,9,55
"23242","8112至上","110/07/16","華南永昌-鶯歌",11,64,-53
"23243","8112至上","110/07/16","大昌-樹林",53,2,51
"23244","8112至上","110/07/16","元大-士林",7,59,-52
"23245","8112至上","110/07/16","凱基-永和",56,5,51
"23246","8112至上","110/07/16","元富-新店",8,57,-49
"23247","8112至上","110/07/16","兆豐-竹北",53,3,50
"23248","8112至上","110/07/16","富邦-陽明",9,58,-49
"23249","8112至上","110/07/16","日盛-豐原",48,0,48
"23250","8112至上","110/07/16","元大-發財",0,49,-49
"23251","1570力肯","110/07/16","新光",71,6,65
"23252","1570力肯","110/07/16","元大-高雄",0,23,-23
"23253","1570力肯","110/07/16","國票-北高雄",21,0,21
"23254","1570力肯","110/07/16","合庫-台南",0,20,-20
"23255","1570力肯","110/07/16","凱基-台北",17,1,16
"23256","1570力肯","110/07/16","元富-新店",0,15,-15
"23257","1570力肯","110/07/16","群益金鼎-高雄",15,0,15
"23258","1570力肯","110/07/16","元大-東港",0,10,-10
"23259","1570力肯","110/07/16","富邦-建國",10,0,10
"23260","1570力肯","110/07/16","中國信託",0,7,-7
"23261","1570力肯","110/07/16","元大-士林",5,0,5
"23262","1570力肯","110/07/16","台新證券",0,6,-6
"23263","1570力肯","110/07/16","瑞士信貸",3,0,3
"23264","1570力肯","110/07/16","日盛-信義",0,5,-5
"23265","1570力肯","110/07/16","臺銀-高雄",2,0,2
"23266","1570力肯","110/07/16","宏遠-館前",0,5,-5
"23267","1570力肯","110/07/16","華南永昌",2,0,2
"23268","1570力肯","110/07/16","國泰-館前",0,5,-5
"23269","1570力肯","110/07/16","元富-同大",1,0,1
"23270","1570力肯","110/07/16","富邦-園區",0,5,-5
"23271","1570力肯","110/07/16","兆豐-麻豆",1,0,1
"23272","1570力肯","110/07/16","永豐金-中正",0,5,-5
"23273","1570力肯","110/07/16","國泰-板橋",1,0,1
"23274","1570力肯","110/07/16","(牛牛牛)亞-鑫豐",0,4,-4
"23275","1570力肯","110/07/16","群益金鼎-東湖",1,0,1
"23276","1570力肯","110/07/16","台中銀-員林",0,3,-3
"23277","1570力肯","110/07/16","元大-東泰",1,0,1
"23278","1570力肯","110/07/16","玉山-新莊",0,3,-3
"23279","1570力肯","110/07/16","元大-南勢角",1,0,1
"23280","1570力肯","110/07/16","凱基-長庚",0,3,-3
"23281","2929淘帝","110/07/16","元大-民生",28,0,28
"23282","2929淘帝","110/07/16","玉山-新竹",0,30,-30
"23283","2929淘帝","110/07/16","元大-員林",20,0,20
"23284","2929淘帝","110/07/16","合庫證券",0,20,-20
"23285","2929淘帝","110/07/16","兆豐-桃鶯",12,0,12
"23286","2929淘帝","110/07/16","元大-六合",0,20,-20
"23287","2929淘帝","110/07/16","元大-大統",10,0,10
"23288","2929淘帝","110/07/16","摩根大通",0,12,-12
"23289","2929淘帝","110/07/16","新加坡商瑞銀",9,0,9
"23290","2929淘帝","110/07/16","永興",0,6,-6
"23291","2929淘帝","110/07/16","凱基-基隆",6,0,6
"23292","2929淘帝","110/07/16","凱基-長庚",0,5,-5
"23293","2929淘帝","110/07/16","合庫-高雄",5,0,5
"23294","2929淘帝","110/07/16","群益金鼎-潭子",0,4,-4
"23295","2929淘帝","110/07/16","台新-台中",6,1,5
"23296","2929淘帝","110/07/16","華南永昌-小港",2,6,-4
"23297","2929淘帝","110/07/16","元大-承德",5,0,5
"23298","2929淘帝","110/07/16","華南永昌-虎尾",0,4,-4
"23299","2929淘帝","110/07/16","元大-沙鹿",5,0,5
"23300","2929淘帝","110/07/16","日盛-和美",0,3,-3
"23301","2929淘帝","110/07/16","大慶-苗栗",5,1,4
"23302","2929淘帝","110/07/16","彰銀",0,3,-3
"23303","2929淘帝","110/07/16","台新-新營",4,0,4
"23304","2929淘帝","110/07/16","港商野村",7,10,-3
"23305","2929淘帝","110/07/16","凱基-台北",6,2,4
"23306","2929淘帝","110/07/16","群益金鼎-中山",1,4,-3
"23307","2929淘帝","110/07/16","兆豐-台中港",3,0,3
"23308","2929淘帝","110/07/16","凱基-嘉義",0,3,-3
"23309","2929淘帝","110/07/16","國票-北高雄",3,0,3
"23310","2929淘帝","110/07/16","元大-斗信",0,3,-3
"23311","5410國眾","110/07/16","盈溢-籬子內",49,0,49
"23312","5410國眾","110/07/16","元大-博愛",0,41,-41
"23313","5410國眾","110/07/16","香港上海匯豐",31,0,31
"23314","5410國眾","110/07/16","元富-嘉義",0,20,-20
"23315","5410國眾","110/07/16","元大-東泰",30,0,30
"23316","5410國眾","110/07/16","國泰-桃園",0,18,-18
"23317","5410國眾","110/07/16","兆豐-台中港",20,0,20
"23318","5410國眾","110/07/16","元富",0,17,-17
"23319","5410國眾","110/07/16","臺銀-臺南",11,0,11
"23320","5410國眾","110/07/16","元大-新竹",0,14,-14
"23321","5410國眾","110/07/16","富邦-新竹華信",11,0,11
"23322","5410國眾","110/07/16","安泰-大發",0,11,-11
"23323","5410國眾","110/07/16","臺銀",10,0,10
"23324","5410國眾","110/07/16","大昌-樹林",0,10,-10
"23325","5410國眾","110/07/16","凱基-台北",8,1,7
"23326","5410國眾","110/07/16","群益金鼎-內湖",0,10,-10
"23327","5410國眾","110/07/16","日盛-士林",5,0,5
"23328","5410國眾","110/07/16","元大-樹林",0,10,-10
"23329","5410國眾","110/07/16","新光-桃園",5,0,5
"23330","5410國眾","110/07/16","元大-內湖",0,9,-9
"23331","5410國眾","110/07/16","國泰-台南",5,0,5
"23332","5410國眾","110/07/16","群益金鼎-永和",0,5,-5
"23333","5410國眾","110/07/16","群益金鼎-嘉義",5,0,5
"23334","5410國眾","110/07/16","凱基-屏東",0,5,-5
"23335","5410國眾","110/07/16","元大-屏南",5,0,5
"23336","5410國眾","110/07/16","統一-員林",0,4,-4
"23337","5410國眾","110/07/16","日盛-員林",3,0,3
"23338","5410國眾","110/07/16","國泰-松江",0,4,-4
"23339","5410國眾","110/07/16","瑞士信貸",3,0,3
"23340","5410國眾","110/07/16","凱基-台南",0,4,-4
"23341","2841台開","110/07/16","日盛證券",250,0,250
"23342","2841台開","110/07/16","元大-歸仁",0,590,-590
"23343","2841台開","110/07/16","凱基-文心",204,0,204
"23344","2841台開","110/07/16","摩根大通",0,245,-245
"23345","2841台開","110/07/16","國泰-館前",114,0,114
"23346","2841台開","110/07/16","日盛-信義",0,145,-145
"23347","2841台開","110/07/16","永豐金-豐原",75,0,75
"23348","2841台開","110/07/16","港商野村",0,103,-103
"23349","2841台開","110/07/16","台新-台中",76,10,66
"23350","2841台開","110/07/16","玉山-嘉義",5,54,-49
"23351","2841台開","110/07/16","中國信託-文心",51,5,46
"23352","2841台開","110/07/16","台新證券",22,63,-41
"23353","2841台開","110/07/16","華南永昌-新莊",41,10,31
"23354","2841台開","110/07/16","美商高盛",0,39,-39
"23355","2841台開","110/07/16","富邦-嘉義",30,0,30
"23356","2841台開","110/07/16","亞東-板橋",0,30,-30
"23357","2841台開","110/07/16","新光",26,0,26
"23358","2841台開","110/07/16","永豐金-北高雄",0,30,-30
"23359","2841台開","110/07/16","富邦-板橋",25,0,25
"23360","2841台開","110/07/16","日盛-忠孝",0,20,-20
"23361","2841台開","110/07/16","新光-台中",22,0,22
"23362","2841台開","110/07/16","元富-草屯",0,15,-15
"23363","2841台開","110/07/16","元大-承德",22,0,22
"23364","2841台開","110/07/16","永豐金-板新",0,12,-12
"23365","2841台開","110/07/16","日盛-三重",20,0,20
"23366","2841台開","110/07/16","第一金-華江",0,10,-10
"23367","2841台開","110/07/16","日盛-新莊",20,0,20
"23368","2841台開","110/07/16","兆豐-南京",0,10,-10
"23369","2841台開","110/07/16","凱基-台南",20,0,20
"23370","2841台開","110/07/16","國票-中港",0,10,-10
"23371","6207雷科","110/07/16","統一-平鎮",215,4,211
"23372","6207雷科","110/07/16","凱基-台北",344,628,-284
"23373","6207雷科","110/07/16","凱基-復興",166,6,160
"23374","6207雷科","110/07/16","新加坡商瑞銀",104,370,-266
"23375","6207雷科","110/07/16","永豐金-南京",141,3,138
"23376","6207雷科","110/07/16","摩根大通",193,430,-237
"23377","6207雷科","110/07/16","永豐金-內湖",117,1,116
"23378","6207雷科","110/07/16","富邦證券",0,150,-150
"23379","6207雷科","110/07/16","日盛證券",104,2,102
"23380","6207雷科","110/07/16","華南永昌-中正",26,169,-143
"23381","6207雷科","110/07/16","群益金鼎-古亭",74,2,72
"23382","6207雷科","110/07/16","凱基-敦北",1,142,-141
"23383","6207雷科","110/07/16","群益金鼎-東門",76,12,64
"23384","6207雷科","110/07/16","凱基-板橋",0,120,-120
"23385","6207雷科","110/07/16","日盛-板橋",78,25,53
"23386","6207雷科","110/07/16","元富-大昌",30,136,-106
"23387","6207雷科","110/07/16","元大-斗六",57,6,51
"23388","6207雷科","110/07/16","元大-北成功",26,97,-71
"23389","6207雷科","110/07/16","元大-頭份",53,3,50
"23390","6207雷科","110/07/16","新光-桃園",29,93,-64
"23391","6207雷科","110/07/16","群益金鼎-東大",56,11,45
"23392","6207雷科","110/07/16","新百王",27,90,-63
"23393","6207雷科","110/07/16","永豐金-虎尾",50,8,42
"23394","6207雷科","110/07/16","玉山-左營",16,72,-56
"23395","6207雷科","110/07/16","元大-西門",39,1,38
"23396","6207雷科","110/07/16","群益金鼎-中壢",3,54,-51
"23397","6207雷科","110/07/16","凱基-竹科",38,1,37
"23398","6207雷科","110/07/16","元富-中原",21,67,-46
"23399","6207雷科","110/07/16","元富-世貿",50,15,35
"23400","6207雷科","110/07/16","大昌-桃園",26,70,-44
"23401","3679新至陞","110/07/16","元大-成功",17,1,16
"23402","3679新至陞","110/07/16","國票-桃園",0,11,-11
"23403","3679新至陞","110/07/16","玉山-台大",5,0,5
"23404","3679新至陞","110/07/16","富邦-台北",0,10,-10
"23405","3679新至陞","110/07/16","日盛-員林",4,0,4
"23406","3679新至陞","110/07/16","富邦-苗栗",0,10,-10
"23407","3679新至陞","110/07/16","凱基-台北",6,2,4
"23408","3679新至陞","110/07/16","元大-永春",0,6,-6
"23409","3679新至陞","110/07/16","台灣摩根士丹利",3,0,3
"23410","3679新至陞","110/07/16","美林",0,5,-5
"23411","3679新至陞","110/07/16","凱基-中山",3,0,3
"23412","3679新至陞","110/07/16","瑞士信貸",3,7,-4
"23413","3679新至陞","110/07/16","元大-承德",3,0,3
"23414","3679新至陞","110/07/16","宏遠-館前",0,3,-3
"23415","3679新至陞","110/07/16","元大-汐止",4,1,3
"23416","3679新至陞","110/07/16","元大-東港",0,3,-3
"23417","3679新至陞","110/07/16","日盛-大墩",2,0,2
"23418","3679新至陞","110/07/16","元大證券",0,2,-2
"23419","3679新至陞","110/07/16","玉山-城中",2,0,2
"23420","3679新至陞","110/07/16","永豐金-板新",0,2,-2
"23421","3679新至陞","110/07/16","華南永昌-內壢",2,0,2
"23422","3679新至陞","110/07/16","臺銀-民權",0,1,-1
"23423","3679新至陞","110/07/16","元大-台南",2,0,2
"23424","3679新至陞","110/07/16","日盛-台中",0,1,-1
"23425","3679新至陞","110/07/16","元大-大同",2,0,2
"23426","3679新至陞","110/07/16","日盛-鳳山",0,1,-1
"23427","3679新至陞","110/07/16","臺銀-高雄",1,0,1
"23428","3679新至陞","110/07/16","元富-古亭",0,1,-1
"23429","3679新至陞","110/07/16","日盛-樹林",1,0,1
"23430","3679新至陞","110/07/16","元富-新興",0,1,-1
"23431","2727王品","110/07/16","富邦證券",570,0,570
"23432","2727王品","110/07/16","台新證券",27,77,-50
"23433","2727王品","110/07/16","兆豐-南京",200,0,200
"23434","2727王品","110/07/16","台灣摩根士丹利",4,47,-43
"23435","2727王品","110/07/16","瑞士信貸",133,2,131
"23436","2727王品","110/07/16","永豐金-大園",0,33,-33
"23437","2727王品","110/07/16","美林",121,26,95
"23438","2727王品","110/07/16","元大-北屯",0,32,-32
"23439","2727王品","110/07/16","統一",103,43,60
"23440","2727王品","110/07/16","富邦-南屯",1,30,-29
"23441","2727王品","110/07/16","中國信託-忠孝",36,2,34
"23442","2727王品","110/07/16","元大-基隆孝二",0,29,-29
"23443","2727王品","110/07/16","元大證券",68,45,23
"23444","2727王品","110/07/16","日盛-忠孝",4,30,-26
"23445","2727王品","110/07/16","合庫-彰化",22,1,21
"23446","2727王品","110/07/16","新光-新竹",1,21,-20
"23447","2727王品","110/07/16","港商野村",126,105,21
"23448","2727王品","110/07/16","凱基-台北",94,113,-19
"23449","2727王品","110/07/16","元富-板橋",22,1,21
"23450","2727王品","110/07/16","富邦-虎尾",1,19,-18
"23451","2727王品","110/07/16","新加坡商瑞銀",36,18,18
"23452","2727王品","110/07/16","元大-南京",0,17,-17
"23453","2727王品","110/07/16","國泰證券",20,5,15
"23454","2727王品","110/07/16","日盛-鳳山",2,18,-16
"23455","2727王品","110/07/16","日盛-桃園",13,1,12
"23456","2727王品","110/07/16","新光",34,50,-16
"23457","2727王品","110/07/16","凱基-市政",12,1,11
"23458","2727王品","110/07/16","富邦-台北",2,18,-16
"23459","2727王品","110/07/16","元大-嘉義",14,3,11
"23460","2727王品","110/07/16","國票-內壢",1,15,-14
"23461","1570力肯","110/07/16","新光",71,6,65
"23462","1570力肯","110/07/16","元大-高雄",0,23,-23
"23463","1570力肯","110/07/16","國票-北高雄",21,0,21
"23464","1570力肯","110/07/16","合庫-台南",0,20,-20
"23465","1570力肯","110/07/16","凱基-台北",17,1,16
"23466","1570力肯","110/07/16","元富-新店",0,15,-15
"23467","1570力肯","110/07/16","群益金鼎-高雄",15,0,15
"23468","1570力肯","110/07/16","元大-東港",0,10,-10
"23469","1570力肯","110/07/16","富邦-建國",10,0,10
"23470","1570力肯","110/07/16","中國信託",0,7,-7
"23471","1570力肯","110/07/16","元大-士林",5,0,5
"23472","1570力肯","110/07/16","台新證券",0,6,-6
"23473","1570力肯","110/07/16","瑞士信貸",3,0,3
"23474","1570力肯","110/07/16","日盛-信義",0,5,-5
"23475","1570力肯","110/07/16","臺銀-高雄",2,0,2
"23476","1570力肯","110/07/16","宏遠-館前",0,5,-5
"23477","1570力肯","110/07/16","華南永昌",2,0,2
"23478","1570力肯","110/07/16","國泰-館前",0,5,-5
"23479","1570力肯","110/07/16","元富-同大",1,0,1
"23480","1570力肯","110/07/16","富邦-園區",0,5,-5
"23481","1570力肯","110/07/16","兆豐-麻豆",1,0,1
"23482","1570力肯","110/07/16","永豐金-中正",0,5,-5
"23483","1570力肯","110/07/16","國泰-板橋",1,0,1
"23484","1570力肯","110/07/16","(牛牛牛)亞-鑫豐",0,4,-4
"23485","1570力肯","110/07/16","群益金鼎-東湖",1,0,1
"23486","1570力肯","110/07/16","台中銀-員林",0,3,-3
"23487","1570力肯","110/07/16","元大-東泰",1,0,1
"23488","1570力肯","110/07/16","玉山-新莊",0,3,-3
"23489","1570力肯","110/07/16","元大-南勢角",1,0,1
"23490","1570力肯","110/07/16","凱基-長庚",0,3,-3
"23491","6180橘子","110/07/16","日盛-文化",71,5,66
"23492","6180橘子","110/07/16","凱基-台北",110,238,-128
"23493","6180橘子","110/07/16","新加坡商瑞銀",75,19,56
"23494","6180橘子","110/07/16","摩根大通",77,161,-84
"23495","6180橘子","110/07/16","瑞士信貸",51,0,51
"23496","6180橘子","110/07/16","元富-高雄",0,62,-62
"23497","6180橘子","110/07/16","台灣企銀-屏東",50,0,50
"23498","6180橘子","110/07/16","美商高盛",0,40,-40
"23499","6180橘子","110/07/16","元大-桃園",52,2,50
"23500","6180橘子","110/07/16","合庫-自強",0,37,-37
"23501","6180橘子","110/07/16","康和-台北",51,10,41
"23502","6180橘子","110/07/16","美林",15,48,-33
"23503","6180橘子","110/07/16","群益金鼎-屏東",61,20,41
"23504","6180橘子","110/07/16","元富-四維",0,32,-32
"23505","6180橘子","110/07/16","元大-彰化",33,2,31
"23506","6180橘子","110/07/16","新光",63,92,-29
"23507","6180橘子","110/07/16","台中銀-台北",30,0,30
"23508","6180橘子","110/07/16","新光-台南",6,28,-22
"23509","6180橘子","110/07/16","福勝",29,3,26
"23510","6180橘子","110/07/16","港商野村",28,49,-21
"23511","6180橘子","110/07/16","兆豐證券",21,0,21
"23512","6180橘子","110/07/16","統一",2,23,-21
"23513","6180橘子","110/07/16","華南永昌-頭份",20,0,20
"23514","6180橘子","110/07/16","元大-豐原站前",3,21,-18
"23515","6180橘子","110/07/16","富邦-台北",25,5,20
"23516","6180橘子","110/07/16","豐農",3,20,-17
"23517","6180橘子","110/07/16","富邦-員林",23,4,19
"23518","6180橘子","110/07/16","安泰-大發",0,17,-17
"23519","6180橘子","110/07/16","台新-新莊",20,2,18
"23520","6180橘子","110/07/16","群益金鼎",2,19,-17
"23521","2390云辰","110/07/16","兆豐-天母",642,7,635
"23522","2390云辰","110/07/16","凱基",0,5007,-5007
"23523","2390云辰","110/07/16","華南永昌-鳳山",339,35,304
"23524","2390云辰","110/07/16","凱基-台北",1224,2306,-1082
"23525","2390云辰","110/07/16","第一金-大稻埕",269,13,256
"23526","2390云辰","110/07/16","元大證券",206,1177,-971
"23527","2390云辰","110/07/16","國泰-敦南",665,427,238
"23528","2390云辰","110/07/16","摩根大通",1073,1967,-894
"23529","2390云辰","110/07/16","富邦-建國",272,50,222
"23530","2390云辰","110/07/16","台灣摩根士丹利",232,671,-439
"23531","2390云辰","110/07/16","元大-信義",180,15,165
"23532","2390云辰","110/07/16","美林",187,496,-309
"23533","2390云辰","110/07/16","瑞士信貸",155,0,155
"23534","2390云辰","110/07/16","港商野村",680,950,-270
"23535","2390云辰","110/07/16","台新證券",461,317,144
"23536","2390云辰","110/07/16","永豐金-中正",18,170,-152
"23537","2390云辰","110/07/16","兆豐-公益",148,11,137
"23538","2390云辰","110/07/16","元富-板橋",30,169,-139
"23539","2390云辰","110/07/16","元大-土城學府",197,61,136
"23540","2390云辰","110/07/16","新加坡商瑞銀",61,175,-114
"23541","2390云辰","110/07/16","元大-天母",232,122,110
"23542","2390云辰","110/07/16","聯邦商銀",54,167,-113
"23543","2390云辰","110/07/16","凱基-基隆",109,2,107
"23544","2390云辰","110/07/16","群益金鼎-大甲",13,111,-98
"23545","2390云辰","110/07/16","元富-成功",110,5,105
"23546","2390云辰","110/07/16","統一-屏東",4,92,-88
"23547","2390云辰","110/07/16","統一-新營",118,14,104
"23548","2390云辰","110/07/16","凱基-大直",3,80,-77
"23549","2390云辰","110/07/16","國泰-板橋",268,170,98
"23550","2390云辰","110/07/16","元大-桃興",46,117,-71
"23551","2363矽統","110/07/15","康和-台中",626,61,565
"23552","2363矽統","110/07/15","新加坡商瑞銀",202,838,-636
"23553","2363矽統","110/07/15","摩根大通",1271,932,339
"23554","2363矽統","110/07/15","美林",185,720,-535
"23555","2363矽統","110/07/15","瑞士信貸",530,230,300
"23556","2363矽統","110/07/15","富邦-仁愛",60,583,-523
"23557","2363矽統","110/07/15","宏遠-桃園",281,0,281
"23558","2363矽統","110/07/15","元大-板橋",35,368,-333
"23559","2363矽統","110/07/15","大展",252,19,233
"23560","2363矽統","110/07/15","花旗環球",0,308,-308
"23561","2363矽統","110/07/15","凱基-台北",683,498,185
"23562","2363矽統","110/07/15","元富-成功",2,113,-111
"23563","2363矽統","110/07/15","永豐金證券",166,11,155
"23564","2363矽統","110/07/15","富邦-新營",23,132,-109
"23565","2363矽統","110/07/15","群益金鼎",157,5,152
"23566","2363矽統","110/07/15","臺銀-金山",197,304,-107
"23567","2363矽統","110/07/15","新光",333,229,104
"23568","2363矽統","110/07/15","日盛-二林",13,116,-103
"23569","2363矽統","110/07/15","永豐金-台南",130,26,104
"23570","2363矽統","110/07/15","台新-左楠",40,126,-86
"23571","2363矽統","110/07/15","國票-南京",100,0,100
"23572","2363矽統","110/07/15","康和-南崁",15,100,-85
"23573","2363矽統","110/07/15","群益金鼎-松山",150,50,100
"23574","2363矽統","110/07/15","永豐金-員林",9,91,-82
"23575","2363矽統","110/07/15","中國信託-松江",103,5,98
"23576","2363矽統","110/07/15","光和-嘉義",5,78,-73
"23577","2363矽統","110/07/15","國票-新莊",187,92,95
"23578","2363矽統","110/07/15","日盛-板橋中山",3,73,-70
"23579","2363矽統","110/07/15","北城證券",216,126,90
"23580","2363矽統","110/07/15","元大證券",10,75,-65
"23581","8112至上","110/07/15","凱基-台北",535,32,503
"23582","8112至上","110/07/15","群益金鼎-台南",0,116,-116
"23583","8112至上","110/07/15","摩根大通",362,16,346
"23584","8112至上","110/07/15","華南永昌-高雄",2,112,-110
"23585","8112至上","110/07/15","台灣摩根士丹利",254,0,254
"23586","8112至上","110/07/15","永豐金-台南",27,128,-101
"23587","8112至上","110/07/15","花旗環球",159,0,159
"23588","8112至上","110/07/15","元大-東蘆",2,73,-71
"23589","8112至上","110/07/15","新加坡商瑞銀",95,2,93
"23590","8112至上","110/07/15","美林",3,66,-63
"23591","8112至上","110/07/15","玉山-嘉義",84,0,84
"23592","8112至上","110/07/15","元大-館前",0,62,-62
"23593","8112至上","110/07/15","新光",82,6,76
"23594","8112至上","110/07/15","元富-信義",0,50,-50
"23595","8112至上","110/07/15","瑞士信貸",80,7,73
"23596","8112至上","110/07/15","台新證券",35,82,-47
"23597","8112至上","110/07/15","美商高盛",64,0,64
"23598","8112至上","110/07/15","大慶-蘆洲",7,53,-46
"23599","8112至上","110/07/15","兆豐-小港",56,0,56
"23600","8112至上","110/07/15","國票-天祥",0,45,-45
"23601","8112至上","110/07/15","永豐金-內湖",60,11,49
"23602","8112至上","110/07/15","凱基-中山",1,45,-44
"23603","8112至上","110/07/15","永豐金-南投",46,1,45
"23604","8112至上","110/07/15","元大-士林",0,43,-43
"23605","8112至上","110/07/15","凱基-三重",40,0,40
"23606","8112至上","110/07/15","玉山-城中",4,44,-40
"23607","8112至上","110/07/15","台灣企銀",29,0,29
"23608","8112至上","110/07/15","凱基-彰化",0,39,-39
"23609","8112至上","110/07/15","元大-府城",42,14,28
"23610","8112至上","110/07/15","元富-花蓮",2,40,-38
"23611","1570力肯","110/07/15","群益金鼎-高雄",40,0,40
"23612","1570力肯","110/07/15","元大-高雄",0,12,-12
"23613","1570力肯","110/07/15","新光",40,8,32
"23614","1570力肯","110/07/15","永豐金-中正",0,10,-10
"23615","1570力肯","110/07/15","凱基-台北",20,2,18
"23616","1570力肯","110/07/15","國泰-松江",0,9,-9
"23617","1570力肯","110/07/15","凱基-天母",6,0,6
"23618","1570力肯","110/07/15","台新證券",0,8,-8
"23619","1570力肯","110/07/15","元富-新店",5,0,5
"23620","1570力肯","110/07/15","玉山證券",0,7,-7
"23621","1570力肯","110/07/15","凱基-中港",5,0,5
"23622","1570力肯","110/07/15","元大-府城",0,7,-7
"23623","1570力肯","110/07/15","富邦-園區",5,0,5
"23624","1570力肯","110/07/15","元大-板橋",0,6,-6
"23625","1570力肯","110/07/15","瑞士信貸",4,0,4
"23626","1570力肯","110/07/15","日盛-信義",0,5,-5
"23627","1570力肯","110/07/15","第一金-路竹",3,0,3
"23628","1570力肯","110/07/15","國票-和平",0,5,-5
"23629","1570力肯","110/07/15","摩根大通",3,0,3
"23630","1570力肯","110/07/15","元大-民雄",0,5,-5
"23631","1570力肯","110/07/15","凱基-桃園",3,0,3
"23632","1570力肯","110/07/15","統一-台中",0,4,-4
"23633","1570力肯","110/07/15","永豐金-苓雅",3,0,3
"23634","1570力肯","110/07/15","玉山-雙和",0,4,-4
"23635","1570力肯","110/07/15","統一-員林",2,0,2
"23636","1570力肯","110/07/15","凱基-敦北",0,4,-4
"23637","1570力肯","110/07/15","元大-永春",2,0,2
"23638","1570力肯","110/07/15","富邦-新店",0,4,-4
"23639","1570力肯","110/07/15","元大-土城永寧",2,0,2
"23640","1570力肯","110/07/15","日盛-板橋",0,3,-3
"23641","2929淘帝","110/07/15","港商野村",58,4,54
"23642","2929淘帝","110/07/15","日盛-園區",0,25,-25
"23643","2929淘帝","110/07/15","元大-民生",29,0,29
"23644","2929淘帝","110/07/15","兆豐-南京",0,20,-20
"23645","2929淘帝","110/07/15","新加坡商瑞銀",22,1,21
"23646","2929淘帝","110/07/15","玉山-高雄",0,18,-18
"23647","2929淘帝","110/07/15","凱基-台北",20,2,18
"23648","2929淘帝","110/07/15","富邦-南屯",1,15,-14
"23649","2929淘帝","110/07/15","大慶-中壢",15,1,14
"23650","2929淘帝","110/07/15","富邦-員林",0,13,-13
"23651","2929淘帝","110/07/15","日盛-和美",10,0,10
"23652","2929淘帝","110/07/15","凱基-站前",0,10,-10
"23653","2929淘帝","110/07/15","元大-員林",10,0,10
"23654","2929淘帝","110/07/15","元大-台中",0,10,-10
"23655","2929淘帝","110/07/15","凱基-基隆",6,0,6
"23656","2929淘帝","110/07/15","美林",10,19,-9
"23657","2929淘帝","110/07/15","臺銀-鳳山",5,0,5
"23658","2929淘帝","110/07/15","元大-新盛",0,8,-8
"23659","2929淘帝","110/07/15","第一金-路竹",5,0,5
"23660","2929淘帝","110/07/15","台新-台南",0,7,-7
"23661","2929淘帝","110/07/15","元富-大裕",5,0,5
"23662","2929淘帝","110/07/15","元大-大天母",0,7,-7
"23663","2929淘帝","110/07/15","玉山-大里",5,0,5
"23664","2929淘帝","110/07/15","華南永昌-虎尾",0,6,-6
"23665","2929淘帝","110/07/15","元大-博愛",5,0,5
"23666","2929淘帝","110/07/15","永豐金證券",0,6,-6
"23667","2929淘帝","110/07/15","永豐金-新莊",5,0,5
"23668","2929淘帝","110/07/15","兆豐-竹北",0,5,-5
"23669","2929淘帝","110/07/15","元大-南崁",4,0,4
"23670","2929淘帝","110/07/15","元大-文心興安",0,5,-5
"23671","5410國眾","110/07/15","香港上海匯豐",18,0,18
"23672","5410國眾","110/07/15","元大-南屯",0,18,-18
"23673","5410國眾","110/07/15","摩根大通",15,0,15
"23674","5410國眾","110/07/15","亞東-新竹",0,15,-15
"23675","5410國眾","110/07/15","日盛-士林",10,0,10
"23676","5410國眾","110/07/15","兆豐-台中港",0,15,-15
"23677","5410國眾","110/07/15","群益金鼎-嘉義",10,0,10
"23678","5410國眾","110/07/15","日盛-板橋",0,12,-12
"23679","5410國眾","110/07/15","元大-高雄",10,0,10
"23680","5410國眾","110/07/15","台中銀-豐原",0,9,-9
"23681","5410國眾","110/07/15","元大-東港",10,0,10
"23682","5410國眾","110/07/15","臺銀-臺南",3,10,-7
"23683","5410國眾","110/07/15","臺銀",10,5,5
"23684","5410國眾","110/07/15","瑞士信貸",0,5,-5
"23685","5410國眾","110/07/15","台新-新營",5,0,5
"23686","5410國眾","110/07/15","統一-員林",0,5,-5
"23687","5410國眾","110/07/15","富邦-台北",5,0,5
"23688","5410國眾","110/07/15","大昌-樹林",0,5,-5
"23689","5410國眾","110/07/15","日盛-屏東",4,0,4
"23690","5410國眾","110/07/15","兆豐-來福",0,5,-5
"23691","5410國眾","110/07/15","高橋",5,1,4
"23692","5410國眾","110/07/15","豐農",0,5,-5
"23693","5410國眾","110/07/15","中國信託-新竹",4,1,3
"23694","5410國眾","110/07/15","元大-大里",0,5,-5
"23695","5410國眾","110/07/15","富邦-建國",3,0,3
"23696","5410國眾","110/07/15","港商野村",0,3,-3
"23697","5410國眾","110/07/15","永豐金-桃園",3,0,3
"23698","5410國眾","110/07/15","中農",0,3,-3
"23699","5410國眾","110/07/15","大展",2,0,2
"23700","5410國眾","110/07/15","國泰-忠孝",0,3,-3
"23701","2841台開","110/07/15","日盛證券",310,0,310
"23702","2841台開","110/07/15","港商野村",0,97,-97
"23703","2841台開","110/07/15","元富-城東",100,0,100
"23704","2841台開","110/07/15","元大-員林",0,77,-77
"23705","2841台開","110/07/15","凱基-文心",30,0,30
"23706","2841台開","110/07/15","新光",3,73,-70
"23707","2841台開","110/07/15","日盛-雙和",24,0,24
"23708","2841台開","110/07/15","永豐金-北高雄",0,30,-30
"23709","2841台開","110/07/15","第一金-台中",20,0,20
"23710","2841台開","110/07/15","華南永昌",0,25,-25
"23711","2841台開","110/07/15","豐農",20,0,20
"23712","2841台開","110/07/15","日盛-台南",0,20,-20
"23713","2841台開","110/07/15","華南永昌-新莊",19,0,19
"23714","2841台開","110/07/15","致和-佳里",0,20,-20
"23715","2841台開","110/07/15","玉山-大里",12,0,12
"23716","2841台開","110/07/15","國票-中港",0,20,-20
"23717","2841台開","110/07/15","元富-安南",10,0,10
"23718","2841台開","110/07/15","元大-歸仁",0,20,-20
"23719","2841台開","110/07/15","凱基-市政",10,0,10
"23720","2841台開","110/07/15","統一-三多",0,19,-19
"23721","2841台開","110/07/15","凱基-竹科",10,0,10
"23722","2841台開","110/07/15","凱基-城中",0,18,-18
"23723","2841台開","110/07/15","國泰-板橋",10,1,9
"23724","2841台開","110/07/15","國票-中和",0,15,-15
"23725","2841台開","110/07/15","凱基-台北",9,0,9
"23726","2841台開","110/07/15","元大-彰化",0,15,-15
"23727","2841台開","110/07/15","合庫證券",6,0,6
"23728","2841台開","110/07/15","元大-復北",0,15,-15
"23729","2841台開","110/07/15","台中銀",6,0,6
"23730","2841台開","110/07/15","土銀-花蓮",0,14,-14
"23731","6207雷科","110/07/15","凱基-板橋",210,45,165
"23732","6207雷科","110/07/15","群益金鼎-台北",20,80,-60
"23733","6207雷科","110/07/15","富邦證券",150,0,150
"23734","6207雷科","110/07/15","元大-大天母",1,56,-55
"23735","6207雷科","110/07/15","凱基-復興",140,0,140
"23736","6207雷科","110/07/15","大慶-中壢",2,50,-48
"23737","6207雷科","110/07/15","華南永昌-中正",140,0,140
"23738","6207雷科","110/07/15","元富-林園",0,47,-47
"23739","6207雷科","110/07/15","永豐金-內湖",92,10,82
"23740","6207雷科","110/07/15","元大-東門",0,40,-40
"23741","6207雷科","110/07/15","富邦-彰化",81,11,70
"23742","6207雷科","110/07/15","第一金-安和",0,37,-37
"23743","6207雷科","110/07/15","(牛牛牛)亞-網路",67,0,67
"23744","6207雷科","110/07/15","凱基-台北",61,97,-36
"23745","6207雷科","110/07/15","台新證券",60,8,52
"23746","6207雷科","110/07/15","國票-南科",0,32,-32
"23747","6207雷科","110/07/15","華南永昌",50,3,47
"23748","6207雷科","110/07/15","元大-四維",0,32,-32
"23749","6207雷科","110/07/15","新加坡商瑞銀",68,26,42
"23750","6207雷科","110/07/15","元大-板橋",0,30,-30
"23751","6207雷科","110/07/15","日盛-景美",40,0,40
"23752","6207雷科","110/07/15","元大-南崁",1,30,-29
"23753","6207雷科","110/07/15","元富-大昌",40,0,40
"23754","6207雷科","110/07/15","凱基-岡山",0,27,-27
"23755","6207雷科","110/07/15","統一-高雄",38,5,33
"23756","6207雷科","110/07/15","統一-新竹",0,26,-26
"23757","6207雷科","110/07/15","日盛證券",32,0,32
"23758","6207雷科","110/07/15","群益金鼎-三民",1,27,-26
"23759","6207雷科","110/07/15","華南永昌-頭份",31,0,31
"23760","6207雷科","110/07/15","國票-台中",0,25,-25
"23761","3679新至陞","110/07/15","群益金鼎-大安",25,0,25
"23762","3679新至陞","110/07/15","元大-成功",0,10,-10
"23763","3679新至陞","110/07/15","元大-彰化",13,0,13
"23764","3679新至陞","110/07/15","群益金鼎-東大",0,8,-8
"23765","3679新至陞","110/07/15","國票-桃園",10,0,10
"23766","3679新至陞","110/07/15","凱基-台北",4,12,-8
"23767","3679新至陞","110/07/15","群益金鼎-台南",10,0,10
"23768","3679新至陞","110/07/15","第一金-華江",0,5,-5
"23769","3679新至陞","110/07/15","華南永昌-台中",10,0,10
"23770","3679新至陞","110/07/15","兆豐-來福",0,5,-5
"23771","3679新至陞","110/07/15","港商野村",9,0,9
"23772","3679新至陞","110/07/15","元大-北三重",0,5,-5
"23773","3679新至陞","110/07/15","元大-永春",6,0,6
"23774","3679新至陞","110/07/15","瑞士信貸",0,4,-4
"23775","3679新至陞","110/07/15","(牛牛牛)亞-網路",5,0,5
"23776","3679新至陞","110/07/15","新加坡商瑞銀",0,4,-4
"23777","3679新至陞","110/07/15","凱基-高雄",5,0,5
"23778","3679新至陞","110/07/15","元大-汐止",0,4,-4
"23779","3679新至陞","110/07/15","美商高盛",6,2,4
"23780","3679新至陞","110/07/15","台中銀-員林",0,3,-3
"23781","3679新至陞","110/07/15","台新證券",3,1,2
"23782","3679新至陞","110/07/15","兆豐-忠孝",0,3,-3
"23783","3679新至陞","110/07/15","群益金鼎-大興",2,0,2
"23784","3679新至陞","110/07/15","玉山-新莊",0,3,-3
"23785","3679新至陞","110/07/15","元大-六合",2,0,2
"23786","3679新至陞","110/07/15","永豐金-屏東",0,3,-3
"23787","3679新至陞","110/07/15","彰銀",1,0,1
"23788","3679新至陞","110/07/15","永豐金-敦南",0,3,-3
"23789","3679新至陞","110/07/15","美林",2,1,1
"23790","3679新至陞","110/07/15","永豐金-萬盛",0,3,-3
"23791","2727王品","110/07/15","兆豐-南京",101,0,101
"23792","2727王品","110/07/15","富邦-左營",0,102,-102
"23793","2727王品","110/07/15","港商野村",166,73,93
"23794","2727王品","110/07/15","日盛-忠孝",2,32,-30
"23795","2727王品","110/07/15","瑞士信貸",97,8,89
"23796","2727王品","110/07/15","群益金鼎-古亭",2,24,-22
"23797","2727王品","110/07/15","玉山證券",56,12,44
"23798","2727王品","110/07/15","日盛-八德",0,21,-21
"23799","2727王品","110/07/15","第一金-高雄",43,1,42
"23800","2727王品","110/07/15","元大-新盛",2,23,-21
"23801","2727王品","110/07/15","台新證券",74,45,29
"23802","2727王品","110/07/15","摩根大通",53,72,-19
"23803","2727王品","110/07/15","康和-澎湖",27,0,27
"23804","2727王品","110/07/15","富邦-彰化",8,26,-18
"23805","2727王品","110/07/15","富邦-陽明",31,4,27
"23806","2727王品","110/07/15","富邦-台中",7,24,-17
"23807","2727王品","110/07/15","國票-北高雄",27,1,26
"23808","2727王品","110/07/15","新加坡商瑞銀",13,29,-16
"23809","2727王品","110/07/15","國泰-板橋",38,12,26
"23810","2727王品","110/07/15","國泰-敦南",35,50,-15
"23811","2727王品","110/07/15","凱基-興隆",23,0,23
"23812","2727王品","110/07/15","元大-龍潭",0,14,-14
"23813","2727王品","110/07/15","凱基-板橋",29,7,22
"23814","2727王品","110/07/15","中國信託-文心",8,21,-13
"23815","2727王品","110/07/15","合庫-彰化",21,0,21
"23816","2727王品","110/07/15","永豐金-竹科",2,15,-13
"23817","2727王品","110/07/15","土銀-南港",20,0,20
"23818","2727王品","110/07/15","臺銀-臺南",2,14,-12
"23819","2727王品","110/07/15","美林",37,18,19
"23820","2727王品","110/07/15","凱基-台北",56,68,-12
"23821","1570力肯","110/07/15","群益金鼎-高雄",40,0,40
"23822","1570力肯","110/07/15","元大-高雄",0,12,-12
"23823","1570力肯","110/07/15","新光",40,8,32
"23824","1570力肯","110/07/15","永豐金-中正",0,10,-10
"23825","1570力肯","110/07/15","凱基-台北",20,2,18
"23826","1570力肯","110/07/15","國泰-松江",0,9,-9
"23827","1570力肯","110/07/15","凱基-天母",6,0,6
"23828","1570力肯","110/07/15","台新證券",0,8,-8
"23829","1570力肯","110/07/15","元富-新店",5,0,5
"23830","1570力肯","110/07/15","玉山證券",0,7,-7
"23831","1570力肯","110/07/15","凱基-中港",5,0,5
"23832","1570力肯","110/07/15","元大-府城",0,7,-7
"23833","1570力肯","110/07/15","富邦-園區",5,0,5
"23834","1570力肯","110/07/15","元大-板橋",0,6,-6
"23835","1570力肯","110/07/15","瑞士信貸",4,0,4
"23836","1570力肯","110/07/15","日盛-信義",0,5,-5
"23837","1570力肯","110/07/15","第一金-路竹",3,0,3
"23838","1570力肯","110/07/15","國票-和平",0,5,-5
"23839","1570力肯","110/07/15","摩根大通",3,0,3
"23840","1570力肯","110/07/15","元大-民雄",0,5,-5
"23841","1570力肯","110/07/15","凱基-桃園",3,0,3
"23842","1570力肯","110/07/15","統一-台中",0,4,-4
"23843","1570力肯","110/07/15","永豐金-苓雅",3,0,3
"23844","1570力肯","110/07/15","玉山-雙和",0,4,-4
"23845","1570力肯","110/07/15","統一-員林",2,0,2
"23846","1570力肯","110/07/15","凱基-敦北",0,4,-4
"23847","1570力肯","110/07/15","元大-永春",2,0,2
"23848","1570力肯","110/07/15","富邦-新店",0,4,-4
"23849","1570力肯","110/07/15","元大-土城永寧",2,0,2
"23850","1570力肯","110/07/15","日盛-板橋",0,3,-3
"23851","6180橘子","110/07/15","兆豐證券",130,0,130
"23852","6180橘子","110/07/15","港商野村",21,137,-116
"23853","6180橘子","110/07/15","摩根大通",111,0,111
"23854","6180橘子","110/07/15","高橋",0,40,-40
"23855","6180橘子","110/07/15","石橋證券",80,0,80
"23856","6180橘子","110/07/15","臺銀",1,40,-39
"23857","6180橘子","110/07/15","凱基-台北",78,26,52
"23858","6180橘子","110/07/15","玉山-桃園",0,35,-35
"23859","6180橘子","110/07/15","新加坡商瑞銀",38,1,37
"23860","6180橘子","110/07/15","玉山-台南",2,33,-31
"23861","6180橘子","110/07/15","富邦-員林",32,0,32
"23862","6180橘子","110/07/15","統一-南京",0,30,-30
"23863","6180橘子","110/07/15","日盛-文化",23,0,23
"23864","6180橘子","110/07/15","康和-台南",0,25,-25
"23865","6180橘子","110/07/15","元富-新店",20,0,20
"23866","6180橘子","110/07/15","大昌-樹林",0,22,-22
"23867","6180橘子","110/07/15","美林",15,0,15
"23868","6180橘子","110/07/15","康和-新竹",0,20,-20
"23869","6180橘子","110/07/15","新光-新竹",17,2,15
"23870","6180橘子","110/07/15","群益金鼎-台中",0,20,-20
"23871","6180橘子","110/07/15","富邦-嘉義",12,0,12
"23872","6180橘子","110/07/15","元大-彰化民生",0,18,-18
"23873","6180橘子","110/07/15","花旗環球",11,0,11
"23874","6180橘子","110/07/15","元大-草屯",0,16,-16
"23875","6180橘子","110/07/15","第一金-新興",11,0,11
"23876","6180橘子","110/07/15","元富-潮州",0,13,-13
"23877","6180橘子","110/07/15","第一金-桃園",10,0,10
"23878","6180橘子","110/07/15","宏遠-台南",0,11,-11
"23879","6180橘子","110/07/15","永興",10,0,10
"23880","6180橘子","110/07/15","大慶-泰山",0,10,-10
"23881","2390云辰","110/07/15","凱基",5007,0,5007
"23882","2390云辰","110/07/15","凱基-台北",382,616,-234
"23883","2390云辰","110/07/15","元大證券",1006,25,981
"23884","2390云辰","110/07/15","富邦-陽明",69,265,-196
"23885","2390云辰","110/07/15","元大-天母",456,20,436
"23886","2390云辰","110/07/15","永豐金-桃園",63,255,-192
"23887","2390云辰","110/07/15","港商野村",975,675,300
"23888","2390云辰","110/07/15","富邦-仁愛",17,187,-170
"23889","2390云辰","110/07/15","摩根大通",1318,1040,278
"23890","2390云辰","110/07/15","日盛-和美",2,165,-163
"23891","2390云辰","110/07/15","國票-博愛",184,7,177
"23892","2390云辰","110/07/15","國泰-敦南",142,290,-148
"23893","2390云辰","110/07/15","群益金鼎-大甲",113,13,100
"23894","2390云辰","110/07/15","台灣摩根士丹利",51,197,-146
"23895","2390云辰","110/07/15","凱基-大直",89,2,87
"23896","2390云辰","110/07/15","國票-嘉義",4,148,-144
"23897","2390云辰","110/07/15","玉山-台中",77,8,69
"23898","2390云辰","110/07/15","台中銀",8,139,-131
"23899","2390云辰","110/07/15","聯邦商銀",70,4,66
"23900","2390云辰","110/07/15","元大-彰化民生",7,138,-131
"23901","2390云辰","110/07/15","元大-大里",88,25,63
"23902","2390云辰","110/07/15","元富-成功",2,111,-109
"23903","2390云辰","110/07/15","富邦-嘉義",542,480,62
"23904","2390云辰","110/07/15","元大-東泰",3,106,-103
"23905","2390云辰","110/07/15","新加坡商瑞銀",158,97,61
"23906","2390云辰","110/07/15","合庫-三重",1,102,-101
"23907","2390云辰","110/07/15","華南永昌-台中",86,35,51
"23908","2390云辰","110/07/15","元富-大裕",4,87,-83
"23909","2390云辰","110/07/15","群益金鼎",51,6,45
"23910","2390云辰","110/07/15","凱基-和平",17,96,-79
"23911","2363矽統","110/07/14","台灣摩根士丹利",463,0,463
"23912","2363矽統","110/07/14","新加坡商瑞銀",568,1321,-753
"23913","2363矽統","110/07/14","台新證券",750,342,408
"23914","2363矽統","110/07/14","瑞士信貸",149,864,-715
"23915","2363矽統","110/07/14","玉山-台中",363,51,312
"23916","2363矽統","110/07/14","台新-屏東",115,380,-265
"23917","2363矽統","110/07/14","元大-斗六",223,25,198
"23918","2363矽統","110/07/14","永豐金證券",16,265,-249
"23919","2363矽統","110/07/14","華南永昌-朴子",208,38,170
"23920","2363矽統","110/07/14","美林",462,701,-239
"23921","2363矽統","110/07/14","元富-西松",169,12,157
"23922","2363矽統","110/07/14","宏遠-桃園",269,500,-231
"23923","2363矽統","110/07/14","永豐金-大園",146,6,140
"23924","2363矽統","110/07/14","凱基-竹北",36,254,-218
"23925","2363矽統","110/07/14","土銀-和平",134,0,134
"23926","2363矽統","110/07/14","港商法國興業",0,214,-214
"23927","2363矽統","110/07/14","富邦-新營",130,13,117
"23928","2363矽統","110/07/14","港商野村",835,1044,-209
"23929","2363矽統","110/07/14","元富-成功",118,11,107
"23930","2363矽統","110/07/14","北城證券",212,411,-199
"23931","2363矽統","110/07/14","元富-烏日",121,18,103
"23932","2363矽統","110/07/14","(牛牛牛)亞-鑫豐",51,241,-190
"23933","2363矽統","110/07/14","日盛-二林",120,18,102
"23934","2363矽統","110/07/14","國票-博愛",24,213,-189
"23935","2363矽統","110/07/14","兆豐-忠孝",98,2,96
"23936","2363矽統","110/07/14","大慶-蘆洲",134,316,-182
"23937","2363矽統","110/07/14","大慶-楊梅",92,3,89
"23938","2363矽統","110/07/14","彰銀-台中",15,193,-178
"23939","2363矽統","110/07/14","元富-三重",120,33,87
"23940","2363矽統","110/07/14","日盛-和美",18,185,-167
"23941","8112至上","110/07/14","新加坡商瑞銀",223,17,206
"23942","8112至上","110/07/14","瑞士信貸",8,170,-162
"23943","8112至上","110/07/14","摩根大通",285,129,156
"23944","8112至上","110/07/14","美林",55,202,-147
"23945","8112至上","110/07/14","花旗環球",124,0,124
"23946","8112至上","110/07/14","凱基-台北",325,436,-111
"23947","8112至上","110/07/14","兆豐-公益",117,4,113
"23948","8112至上","110/07/14","台中銀-台北",0,98,-98
"23949","8112至上","110/07/14","香港上海匯豐",111,0,111
"23950","8112至上","110/07/14","玉山-台大",17,107,-90
"23951","8112至上","110/07/14","永豐金-內湖",117,21,96
"23952","8112至上","110/07/14","康和-內湖",1,90,-89
"23953","8112至上","110/07/14","台灣摩根士丹利",108,16,92
"23954","8112至上","110/07/14","港商野村",21,84,-63
"23955","8112至上","110/07/14","元大-東蘆",77,0,77
"23956","8112至上","110/07/14","兆豐-北高雄",1,60,-59
"23957","8112至上","110/07/14","新光",108,48,60
"23958","8112至上","110/07/14","群益金鼎-海山",1,52,-51
"23959","8112至上","110/07/14","大慶-蘆洲",59,0,59
"23960","8112至上","110/07/14","群益金鼎-大安",0,50,-50
"23961","8112至上","110/07/14","華南永昌-台中",56,3,53
"23962","8112至上","110/07/14","富邦-仁愛",2,49,-47
"23963","8112至上","110/07/14","土銀-嘉義",52,2,50
"23964","8112至上","110/07/14","元大-金華",0,42,-42
"23965","8112至上","110/07/14","美商高盛",40,0,40
"23966","8112至上","110/07/14","元大-內湖",4,43,-39
"23967","8112至上","110/07/14","臺銀",63,29,34
"23968","8112至上","110/07/14","第一金-華江",2,37,-35
"23969","8112至上","110/07/14","元富-嘉義",31,0,31
"23970","8112至上","110/07/14","永豐金-苓雅",2,34,-32
"23971","1570力肯","110/07/14","國票-北高雄",68,0,68
"23972","1570力肯","110/07/14","摩根大通",0,21,-21
"23973","1570力肯","110/07/14","日盛-八德",30,1,29
"23974","1570力肯","110/07/14","新光",1,19,-18
"23975","1570力肯","110/07/14","玉山-高雄",7,0,7
"23976","1570力肯","110/07/14","(牛牛牛)亞-鑫豐",0,17,-17
"23977","1570力肯","110/07/14","臺銀-臺南",5,0,5
"23978","1570力肯","110/07/14","日盛-士林",0,10,-10
"23979","1570力肯","110/07/14","凱基-三峽",5,0,5
"23980","1570力肯","110/07/14","統一-員林",0,10,-10
"23981","1570力肯","110/07/14","元大-和平",5,0,5
"23982","1570力肯","110/07/14","國票-新莊",0,10,-10
"23983","1570力肯","110/07/14","合庫-三重",4,0,4
"23984","1570力肯","110/07/14","凱基-高美館",0,10,-10
"23985","1570力肯","110/07/14","瑞士信貸",4,0,4
"23986","1570力肯","110/07/14","元大-屏東民生",0,5,-5
"23987","1570力肯","110/07/14","統一-三多",4,0,4
"23988","1570力肯","110/07/14","元大-古亭",0,5,-5
"23989","1570力肯","110/07/14","華南永昌-古亭",4,0,4
"23990","1570力肯","110/07/14","日盛-木柵",0,4,-4
"23991","1570力肯","110/07/14","元大-高雄",3,0,3
"23992","1570力肯","110/07/14","大昌",0,4,-4
"23993","1570力肯","110/07/14","兆豐-忠孝",2,0,2
"23994","1570力肯","110/07/14","群益金鼎-東大",0,4,-4
"23995","1570力肯","110/07/14","富邦-陽明",2,0,2
"23996","1570力肯","110/07/14","凱基-台北",0,4,-4
"23997","1570力肯","110/07/14","元大-松山",2,0,2
"23998","1570力肯","110/07/14","元大-板橋",0,4,-4
"23999","1570力肯","110/07/14","元大-忠孝",2,0,2
"24000","1570力肯","110/07/14","第一金-中山",0,3,-3
"24001","2929淘帝","110/07/14","華南永昌-林口",60,0,60
"24002","2929淘帝","110/07/14","群益金鼎",25,540,-515
"24003","2929淘帝","110/07/14","美林",87,31,56
"24004","2929淘帝","110/07/14","國泰-台南",1,30,-29
"24005","2929淘帝","110/07/14","元富-台南",40,0,40
"24006","2929淘帝","110/07/14","宏遠-桃園",0,20,-20
"24007","2929淘帝","110/07/14","元大-民生",39,0,39
"24008","2929淘帝","110/07/14","摩根大通",11,31,-20
"24009","2929淘帝","110/07/14","臺銀-鳳山",34,0,34
"24010","2929淘帝","110/07/14","台新-建北",5,20,-15
"24011","2929淘帝","110/07/14","合庫-高雄",34,1,33
"24012","2929淘帝","110/07/14","新光",1,16,-15
"24013","2929淘帝","110/07/14","華南永昌-鶯歌",28,0,28
"24014","2929淘帝","110/07/14","玉山-板橋",0,15,-15
"24015","2929淘帝","110/07/14","永興",25,0,25
"24016","2929淘帝","110/07/14","凱基-羅東",0,15,-15
"24017","2929淘帝","110/07/14","元大-新盛",25,1,24
"24018","2929淘帝","110/07/14","元大-頭份",0,15,-15
"24019","2929淘帝","110/07/14","日盛-南京",23,0,23
"24020","2929淘帝","110/07/14","第一金-台南",0,13,-13
"24021","2929淘帝","110/07/14","日茂",20,0,20
"24022","2929淘帝","110/07/14","富邦-基隆",0,12,-12
"24023","2929淘帝","110/07/14","台新-台中",20,0,20
"24024","2929淘帝","110/07/14","日茂-南投",1,12,-11
"24025","2929淘帝","110/07/14","華南永昌",20,0,20
"24026","2929淘帝","110/07/14","元大-豐原站前",0,11,-11
"24027","2929淘帝","110/07/14","福勝",15,0,15
"24028","2929淘帝","110/07/14","玉山-士林",0,10,-10
"24029","2929淘帝","110/07/14","富邦-南屯",15,0,15
"24030","2929淘帝","110/07/14","富邦-台北",0,10,-10
"24031","5410國眾","110/07/14","兆豐-城中",35,0,35
"24032","5410國眾","110/07/14","瑞士信貸",0,29,-29
"24033","5410國眾","110/07/14","新光",21,1,20
"24034","5410國眾","110/07/14","國泰-板橋",1,30,-29
"24035","5410國眾","110/07/14","國泰-敦南",21,1,20
"24036","5410國眾","110/07/14","日盛-高雄",0,20,-20
"24037","5410國眾","110/07/14","國泰-台中",20,1,19
"24038","5410國眾","110/07/14","台新-左楠",1,20,-19
"24039","5410國眾","110/07/14","元大-崇德",19,0,19
"24040","5410國眾","110/07/14","元富-大昌",1,18,-17
"24041","5410國眾","110/07/14","土銀-士林",18,0,18
"24042","5410國眾","110/07/14","富邦-建國",0,15,-15
"24043","5410國眾","110/07/14","元大-新盛",20,2,18
"24044","5410國眾","110/07/14","元富-嘉義",0,12,-12
"24045","5410國眾","110/07/14","兆豐-高雄",15,0,15
"24046","5410國眾","110/07/14","永全-南崁",0,12,-12
"24047","5410國眾","110/07/14","宏遠-中和",10,0,10
"24048","5410國眾","110/07/14","元大-員林",0,11,-11
"24049","5410國眾","110/07/14","新光-桃園",10,0,10
"24050","5410國眾","110/07/14","高橋",0,10,-10
"24051","5410國眾","110/07/14","國泰-台南",10,0,10
"24052","5410國眾","110/07/14","永興",0,10,-10
"24053","5410國眾","110/07/14","元大-復北",10,0,10
"24054","5410國眾","110/07/14","華南永昌-三重",0,10,-10
"24055","5410國眾","110/07/14","元大-竹科",8,0,8
"24056","5410國眾","110/07/14","元大-苑裡",0,7,-7
"24057","5410國眾","110/07/14","台新-新營",6,0,6
"24058","5410國眾","110/07/14","港商野村",0,6,-6
"24059","5410國眾","110/07/14","日盛-士林",5,0,5
"24060","5410國眾","110/07/14","摩根大通",5,11,-6
"24061","2841台開","110/07/14","凱基-文心",73,0,73
"24062","2841台開","110/07/14","國泰-敦南",0,50,-50
"24063","2841台開","110/07/14","元富-潮州",30,0,30
"24064","2841台開","110/07/14","凱基-中壢",0,40,-40
"24065","2841台開","110/07/14","第一金-台中",20,0,20
"24066","2841台開","110/07/14","統一-新竹",0,24,-24
"24067","2841台開","110/07/14","華南永昌-新莊",20,0,20
"24068","2841台開","110/07/14","元富-草屯",0,20,-20
"24069","2841台開","110/07/14","永豐金-豐原",20,0,20
"24070","2841台開","110/07/14","台新-台南",0,20,-20
"24071","2841台開","110/07/14","國泰-館前",15,0,15
"24072","2841台開","110/07/14","永豐金-敦南",45,63,-18
"24073","2841台開","110/07/14","群益金鼎-基隆",12,0,12
"24074","2841台開","110/07/14","國票-北高雄",0,13,-13
"24075","2841台開","110/07/14","日盛-信義",10,0,10
"24076","2841台開","110/07/14","凱基-松山",0,10,-10
"24077","2841台開","110/07/14","台新-台中",10,0,10
"24078","2841台開","110/07/14","元大證券",0,10,-10
"24079","2841台開","110/07/14","新光",10,1,9
"24080","2841台開","110/07/14","元大-中壢",0,10,-10
"24081","2841台開","110/07/14","凱基-新店",8,0,8
"24082","2841台開","110/07/14","富邦-陽明",1,10,-9
"24083","2841台開","110/07/14","元大-斗信",7,0,7
"24084","2841台開","110/07/14","富邦-建國",0,9,-9
"24085","2841台開","110/07/14","元大-三重",6,0,6
"24086","2841台開","110/07/14","富邦-台南",0,8,-8
"24087","2841台開","110/07/14","永豐金-中和",6,0,6
"24088","2841台開","110/07/14","康和-澎湖",0,7,-7
"24089","2841台開","110/07/14","元富-成功",5,0,5
"24090","2841台開","110/07/14","日盛-斗六",0,6,-6
"24091","6207雷科","110/07/14","群益金鼎-台北",60,0,60
"24092","6207雷科","110/07/14","新加坡商瑞銀",10,56,-46
"24093","6207雷科","110/07/14","台新-高雄",43,3,40
"24094","6207雷科","110/07/14","國票-中和",0,41,-41
"24095","6207雷科","110/07/14","元大-高雄",19,0,19
"24096","6207雷科","110/07/14","元大-復北",0,33,-33
"24097","6207雷科","110/07/14","福勝",15,0,15
"24098","6207雷科","110/07/14","光和-和美",0,20,-20
"24099","6207雷科","110/07/14","群益金鼎-中山",15,0,15
"24100","6207雷科","110/07/14","群益金鼎-丹鳳",0,20,-20
"24101","6207雷科","110/07/14","元大-林園",15,0,15
"24102","6207雷科","110/07/14","第一金-路竹",0,10,-10
"24103","6207雷科","110/07/14","新光",12,0,12
"24104","6207雷科","110/07/14","元大-歸仁",0,10,-10
"24105","6207雷科","110/07/14","元大-大天母",10,0,10
"24106","6207雷科","110/07/14","宏遠-館前",0,9,-9
"24107","6207雷科","110/07/14","永豐金-忠孝",9,0,9
"24108","6207雷科","110/07/14","凱基-台北",12,20,-8
"24109","6207雷科","110/07/14","永豐金-新店",7,0,7
"24110","6207雷科","110/07/14","美林",0,7,-7
"24111","6207雷科","110/07/14","玉山-嘉義",6,0,6
"24112","6207雷科","110/07/14","摩根大通",16,23,-7
"24113","6207雷科","110/07/14","元大-屏東",6,0,6
"24114","6207雷科","110/07/14","凱基-高雄",1,7,-6
"24115","6207雷科","110/07/14","凱基-大安",5,0,5
"24116","6207雷科","110/07/14","台中銀-豐原",0,5,-5
"24117","6207雷科","110/07/14","富邦-台南",5,0,5
"24118","6207雷科","110/07/14","元大-新竹經國",0,5,-5
"24119","6207雷科","110/07/14","元大-成功",5,0,5
"24120","6207雷科","110/07/14","光和-田中",0,4,-4
"24121","3679新至陞","110/07/14","凱基-台北",31,6,25
"24122","3679新至陞","110/07/14","群益金鼎-東大",0,15,-15
"24123","3679新至陞","110/07/14","華南永昌-新莊",10,0,10
"24124","3679新至陞","110/07/14","瑞士信貸",0,12,-12
"24125","3679新至陞","110/07/14","新加坡商瑞銀",11,3,8
"24126","3679新至陞","110/07/14","群益金鼎-永和",0,10,-10
"24127","3679新至陞","110/07/14","美商高盛",6,0,6
"24128","3679新至陞","110/07/14","元大-成功",5,15,-10
"24129","3679新至陞","110/07/14","第一金-中壢",6,0,6
"24130","3679新至陞","110/07/14","統一-板橋",1,10,-9
"24131","3679新至陞","110/07/14","(牛牛牛)亞-網路",4,0,4
"24132","3679新至陞","110/07/14","玉山-左營",0,5,-5
"24133","3679新至陞","110/07/14","元大-六合",3,0,3
"24134","3679新至陞","110/07/14","群益金鼎-三民",0,4,-4
"24135","3679新至陞","110/07/14","合庫-自強",2,0,2
"24136","3679新至陞","110/07/14","富邦-宜蘭",0,4,-4
"24137","3679新至陞","110/07/14","高橋-內壢",2,0,2
"24138","3679新至陞","110/07/14","永豐金-苓雅",0,3,-3
"24139","3679新至陞","110/07/14","台中銀-員林",2,0,2
"24140","3679新至陞","110/07/14","摩根大通",5,7,-2
"24141","3679新至陞","110/07/14","凱基-高美館",2,0,2
"24142","3679新至陞","110/07/14","元大-板橋三民",0,2,-2
"24143","3679新至陞","110/07/14","元大-福營",2,0,2
"24144","3679新至陞","110/07/14","宏遠-中和",0,1,-1
"24145","3679新至陞","110/07/14","永豐金-松山",2,0,2
"24146","3679新至陞","110/07/14","元富-佳里",0,1,-1
"24147","3679新至陞","110/07/14","永豐金-萬盛",2,0,2
"24148","3679新至陞","110/07/14","(牛牛牛)亞-鑫豐",0,1,-1
"24149","3679新至陞","110/07/14","元富-松德",1,0,1
"24150","3679新至陞","110/07/14","中國信託-中壢",0,1,-1
"24151","2727王品","110/07/14","富邦-左營",102,1,101
"24152","2727王品","110/07/14","統一-城中",100,234,-134
"24153","2727王品","110/07/14","國泰-板橋",105,11,94
"24154","2727王品","110/07/14","富邦-台北",1,125,-124
"24155","2727王品","110/07/14","港商野村",149,72,77
"24156","2727王品","110/07/14","台灣摩根士丹利",1,48,-47
"24157","2727王品","110/07/14","合庫-台中",66,2,64
"24158","2727王品","110/07/14","國票-新莊",0,40,-40
"24159","2727王品","110/07/14","臺銀-金山",63,8,55
"24160","2727王品","110/07/14","永豐金-忠孝",2,39,-37
"24161","2727王品","110/07/14","摩根大通",83,39,44
"24162","2727王品","110/07/14","富邦-彰化",1,34,-33
"24163","2727王品","110/07/14","凱基-台北",84,42,42
"24164","2727王品","110/07/14","康和-高雄",0,30,-30
"24165","2727王品","110/07/14","土銀-台中",35,1,34
"24166","2727王品","110/07/14","安泰",0,26,-26
"24167","2727王品","110/07/14","華南永昌-麻豆",32,1,31
"24168","2727王品","110/07/14","富邦-新竹華信",0,21,-21
"24169","2727王品","110/07/14","元大證券",85,55,30
"24170","2727王品","110/07/14","元大-南崁",1,22,-21
"24171","2727王品","110/07/14","新加坡商瑞銀",40,15,25
"24172","2727王品","110/07/14","彰銀-台中",0,18,-18
"24173","2727王品","110/07/14","日盛-八德",19,0,19
"24174","2727王品","110/07/14","元富-同大",2,20,-18
"24175","2727王品","110/07/14","統一",35,17,18
"24176","2727王品","110/07/14","玉山-嘉義",1,17,-16
"24177","2727王品","110/07/14","元富-大昌",18,1,17
"24178","2727王品","110/07/14","國泰-館前",4,20,-16
"24179","2727王品","110/07/14","玉山-板橋",15,1,14
"24180","2727王品","110/07/14","第一金-嘉義",1,13,-12
"24181","1570力肯","110/07/14","國票-北高雄",68,0,68
"24182","1570力肯","110/07/14","摩根大通",0,21,-21
"24183","1570力肯","110/07/14","日盛-八德",30,1,29
"24184","1570力肯","110/07/14","新光",1,19,-18
"24185","1570力肯","110/07/14","玉山-高雄",7,0,7
"24186","1570力肯","110/07/14","(牛牛牛)亞-鑫豐",0,17,-17
"24187","1570力肯","110/07/14","臺銀-臺南",5,0,5
"24188","1570力肯","110/07/14","日盛-士林",0,10,-10
"24189","1570力肯","110/07/14","凱基-三峽",5,0,5
"24190","1570力肯","110/07/14","統一-員林",0,10,-10
"24191","1570力肯","110/07/14","元大-和平",5,0,5
"24192","1570力肯","110/07/14","國票-新莊",0,10,-10
"24193","1570力肯","110/07/14","合庫-三重",4,0,4
"24194","1570力肯","110/07/14","凱基-高美館",0,10,-10
"24195","1570力肯","110/07/14","瑞士信貸",4,0,4
"24196","1570力肯","110/07/14","元大-屏東民生",0,5,-5
"24197","1570力肯","110/07/14","統一-三多",4,0,4
"24198","1570力肯","110/07/14","元大-古亭",0,5,-5
"24199","1570力肯","110/07/14","華南永昌-古亭",4,0,4
"24200","1570力肯","110/07/14","日盛-木柵",0,4,-4
"24201","1570力肯","110/07/14","元大-高雄",3,0,3
"24202","1570力肯","110/07/14","大昌",0,4,-4
"24203","1570力肯","110/07/14","兆豐-忠孝",2,0,2
"24204","1570力肯","110/07/14","群益金鼎-東大",0,4,-4
"24205","1570力肯","110/07/14","富邦-陽明",2,0,2
"24206","1570力肯","110/07/14","凱基-台北",0,4,-4
"24207","1570力肯","110/07/14","元大-松山",2,0,2
"24208","1570力肯","110/07/14","元大-板橋",0,4,-4
"24209","1570力肯","110/07/14","元大-忠孝",2,0,2
"24210","1570力肯","110/07/14","第一金-中山",0,3,-3
"24211","6180橘子","110/07/14","新加坡商瑞銀",84,28,56
"24212","6180橘子","110/07/14","凱基-台北",4,37,-33
"24213","6180橘子","110/07/14","日盛-信義",29,1,28
"24214","6180橘子","110/07/14","玉山-台南",1,22,-21
"24215","6180橘子","110/07/14","豐農",28,4,24
"24216","6180橘子","110/07/14","日盛-新竹",1,21,-20
"24217","6180橘子","110/07/14","新光-新竹",24,1,23
"24218","6180橘子","110/07/14","元富-潮州",0,19,-19
"24219","6180橘子","110/07/14","華南永昌-高雄",20,0,20
"24220","6180橘子","110/07/14","元大-信義",0,17,-17
"24221","6180橘子","110/07/14","元大-羅東",20,0,20
"24222","6180橘子","110/07/14","台灣企銀-台中",1,16,-15
"24223","6180橘子","110/07/14","元大-台中中港",20,0,20
"24224","6180橘子","110/07/14","元大-北港",0,15,-15
"24225","6180橘子","110/07/14","富邦-嘉義",24,5,19
"24226","6180橘子","110/07/14","富邦-高雄",0,14,-14
"24227","6180橘子","110/07/14","富邦-仁愛",15,0,15
"24228","6180橘子","110/07/14","兆豐-埔墘",0,13,-13
"24229","6180橘子","110/07/14","國票-九鼎",13,0,13
"24230","6180橘子","110/07/14","第一金-中山",0,10,-10
"24231","6180橘子","110/07/14","日盛-木柵",12,0,12
"24232","6180橘子","110/07/14","元大-彰化民生",0,10,-10
"24233","6180橘子","110/07/14","元大-成功",10,0,10
"24234","6180橘子","110/07/14","福勝",1,10,-9
"24235","6180橘子","110/07/14","港商野村",10,2,8
"24236","6180橘子","110/07/14","群益金鼎-丹鳳",1,10,-9
"24237","6180橘子","110/07/14","玉山-左營",8,0,8
"24238","6180橘子","110/07/14","群益金鼎-板橋",0,8,-8
"24239","6180橘子","110/07/14","富邦-陽明",16,8,8
"24240","6180橘子","110/07/14","合庫-鳳山",0,7,-7
"24241","2390云辰","110/07/14","摩根大通",995,198,797
"24242","2390云辰","110/07/14","新加坡商瑞銀",28,399,-371
"24243","2390云辰","110/07/14","美林",383,22,361
"24244","2390云辰","110/07/14","凱基-新豐",3,198,-195
"24245","2390云辰","110/07/14","台灣摩根士丹利",684,358,326
"24246","2390云辰","110/07/14","元大-士林",1,152,-151
"24247","2390云辰","110/07/14","凱基-台北",656,402,254
"24248","2390云辰","110/07/14","元大-竹山",80,181,-101
"24249","2390云辰","110/07/14","日盛-和美",110,5,105
"24250","2390云辰","110/07/14","群益金鼎-開元",19,95,-76
"24251","2390云辰","110/07/14","元大-天母",72,0,72
"24252","2390云辰","110/07/14","新光",77,150,-73
"24253","2390云辰","110/07/14","永豐金-松山",57,0,57
"24254","2390云辰","110/07/14","元富-高雄",0,71,-71
"24255","2390云辰","110/07/14","統一-屏東",53,0,53
"24256","2390云辰","110/07/14","元大-土城學府",130,201,-71
"24257","2390云辰","110/07/14","港商野村",486,450,36
"24258","2390云辰","110/07/14","元大-善化",12,76,-64
"24259","2390云辰","110/07/14","致和-崇德",30,0,30
"24260","2390云辰","110/07/14","華南永昌-岡山",23,81,-58
"24261","2390云辰","110/07/14","富邦-台北",40,14,26
"24262","2390云辰","110/07/14","群益金鼎-大興",82,125,-43
"24263","2390云辰","110/07/14","台新-高雄",38,13,25
"24264","2390云辰","110/07/14","大慶-中壢",0,41,-41
"24265","2390云辰","110/07/14","富邦-板橋",32,7,25
"24266","2390云辰","110/07/14","玉山-板橋",6,47,-41
"24267","2390云辰","110/07/14","陽信-石牌",24,0,24
"24268","2390云辰","110/07/14","富邦-台東",2,42,-40
"24269","2390云辰","110/07/14","凱基-屏東",32,8,24
"24270","2390云辰","110/07/14","元大-新營",3,42,-39
"24271","2363矽統","110/07/14","台灣摩根士丹利",463,0,463
"24272","2363矽統","110/07/14","新加坡商瑞銀",568,1321,-753
"24273","2363矽統","110/07/14","台新證券",750,342,408
"24274","2363矽統","110/07/14","瑞士信貸",149,864,-715
"24275","2363矽統","110/07/14","玉山-台中",363,51,312
"24276","2363矽統","110/07/14","台新-屏東",115,380,-265
"24277","2363矽統","110/07/14","元大-斗六",223,25,198
"24278","2363矽統","110/07/14","永豐金證券",16,265,-249
"24279","2363矽統","110/07/14","華南永昌-朴子",208,38,170
"24280","2363矽統","110/07/14","美林",462,701,-239
"24281","2363矽統","110/07/14","元富-西松",169,12,157
"24282","2363矽統","110/07/14","宏遠-桃園",269,500,-231
"24283","2363矽統","110/07/14","永豐金-大園",146,6,140
"24284","2363矽統","110/07/14","凱基-竹北",36,254,-218
"24285","2363矽統","110/07/14","土銀-和平",134,0,134
"24286","2363矽統","110/07/14","港商法國興業",0,214,-214
"24287","2363矽統","110/07/14","富邦-新營",130,13,117
"24288","2363矽統","110/07/14","港商野村",835,1044,-209
"24289","2363矽統","110/07/14","元富-成功",118,11,107
"24290","2363矽統","110/07/14","北城證券",212,411,-199
"24291","2363矽統","110/07/14","元富-烏日",121,18,103
"24292","2363矽統","110/07/14","(牛牛牛)亞-鑫豐",51,241,-190
"24293","2363矽統","110/07/14","日盛-二林",120,18,102
"24294","2363矽統","110/07/14","國票-博愛",24,213,-189
"24295","2363矽統","110/07/14","兆豐-忠孝",98,2,96
"24296","2363矽統","110/07/14","大慶-蘆洲",134,316,-182
"24297","2363矽統","110/07/14","大慶-楊梅",92,3,89
"24298","2363矽統","110/07/14","彰銀-台中",15,193,-178
"24299","2363矽統","110/07/14","元富-三重",120,33,87
"24300","2363矽統","110/07/14","日盛-和美",18,185,-167
"24301","8112至上","110/07/14","新加坡商瑞銀",223,17,206
"24302","8112至上","110/07/14","瑞士信貸",8,170,-162
"24303","8112至上","110/07/14","摩根大通",285,129,156
"24304","8112至上","110/07/14","美林",55,202,-147
"24305","8112至上","110/07/14","花旗環球",124,0,124
"24306","8112至上","110/07/14","凱基-台北",325,436,-111
"24307","8112至上","110/07/14","兆豐-公益",117,4,113
"24308","8112至上","110/07/14","台中銀-台北",0,98,-98
"24309","8112至上","110/07/14","香港上海匯豐",111,0,111
"24310","8112至上","110/07/14","玉山-台大",17,107,-90
"24311","8112至上","110/07/14","永豐金-內湖",117,21,96
"24312","8112至上","110/07/14","康和-內湖",1,90,-89
"24313","8112至上","110/07/14","台灣摩根士丹利",108,16,92
"24314","8112至上","110/07/14","港商野村",21,84,-63
"24315","8112至上","110/07/14","元大-東蘆",77,0,77
"24316","8112至上","110/07/14","兆豐-北高雄",1,60,-59
"24317","8112至上","110/07/14","新光",108,48,60
"24318","8112至上","110/07/14","群益金鼎-海山",1,52,-51
"24319","8112至上","110/07/14","大慶-蘆洲",59,0,59
"24320","8112至上","110/07/14","群益金鼎-大安",0,50,-50
"24321","8112至上","110/07/14","華南永昌-台中",56,3,53
"24322","8112至上","110/07/14","富邦-仁愛",2,49,-47
"24323","8112至上","110/07/14","土銀-嘉義",52,2,50
"24324","8112至上","110/07/14","元大-金華",0,42,-42
"24325","8112至上","110/07/14","美商高盛",40,0,40
"24326","8112至上","110/07/14","元大-內湖",4,43,-39
"24327","8112至上","110/07/14","臺銀",63,29,34
"24328","8112至上","110/07/14","第一金-華江",2,37,-35
"24329","8112至上","110/07/14","元富-嘉義",31,0,31
"24330","8112至上","110/07/14","永豐金-苓雅",2,34,-32
"24331","1570力肯","110/07/14","國票-北高雄",68,0,68
"24332","1570力肯","110/07/14","摩根大通",0,21,-21
"24333","1570力肯","110/07/14","日盛-八德",30,1,29
"24334","1570力肯","110/07/14","新光",1,19,-18
"24335","1570力肯","110/07/14","玉山-高雄",7,0,7
"24336","1570力肯","110/07/14","(牛牛牛)亞-鑫豐",0,17,-17
"24337","1570力肯","110/07/14","臺銀-臺南",5,0,5
"24338","1570力肯","110/07/14","日盛-士林",0,10,-10
"24339","1570力肯","110/07/14","凱基-三峽",5,0,5
"24340","1570力肯","110/07/14","統一-員林",0,10,-10
"24341","1570力肯","110/07/14","元大-和平",5,0,5
"24342","1570力肯","110/07/14","國票-新莊",0,10,-10
"24343","1570力肯","110/07/14","合庫-三重",4,0,4
"24344","1570力肯","110/07/14","凱基-高美館",0,10,-10
"24345","1570力肯","110/07/14","瑞士信貸",4,0,4
"24346","1570力肯","110/07/14","元大-屏東民生",0,5,-5
"24347","1570力肯","110/07/14","統一-三多",4,0,4
"24348","1570力肯","110/07/14","元大-古亭",0,5,-5
"24349","1570力肯","110/07/14","華南永昌-古亭",4,0,4
"24350","1570力肯","110/07/14","日盛-木柵",0,4,-4
"24351","1570力肯","110/07/14","元大-高雄",3,0,3
"24352","1570力肯","110/07/14","大昌",0,4,-4
"24353","1570力肯","110/07/14","兆豐-忠孝",2,0,2
"24354","1570力肯","110/07/14","群益金鼎-東大",0,4,-4
"24355","1570力肯","110/07/14","富邦-陽明",2,0,2
"24356","1570力肯","110/07/14","凱基-台北",0,4,-4
"24357","1570力肯","110/07/14","元大-松山",2,0,2
"24358","1570力肯","110/07/14","元大-板橋",0,4,-4
"24359","1570力肯","110/07/14","元大-忠孝",2,0,2
"24360","1570力肯","110/07/14","第一金-中山",0,3,-3
"24361","2929淘帝","110/07/14","華南永昌-林口",60,0,60
"24362","2929淘帝","110/07/14","群益金鼎",25,540,-515
"24363","2929淘帝","110/07/14","美林",87,31,56
"24364","2929淘帝","110/07/14","國泰-台南",1,30,-29
"24365","2929淘帝","110/07/14","元富-台南",40,0,40
"24366","2929淘帝","110/07/14","宏遠-桃園",0,20,-20
"24367","2929淘帝","110/07/14","元大-民生",39,0,39
"24368","2929淘帝","110/07/14","摩根大通",11,31,-20
"24369","2929淘帝","110/07/14","臺銀-鳳山",34,0,34
"24370","2929淘帝","110/07/14","台新-建北",5,20,-15
"24371","2929淘帝","110/07/14","合庫-高雄",34,1,33
"24372","2929淘帝","110/07/14","新光",1,16,-15
"24373","2929淘帝","110/07/14","華南永昌-鶯歌",28,0,28
"24374","2929淘帝","110/07/14","玉山-板橋",0,15,-15
"24375","2929淘帝","110/07/14","永興",25,0,25
"24376","2929淘帝","110/07/14","凱基-羅東",0,15,-15
"24377","2929淘帝","110/07/14","元大-新盛",25,1,24
"24378","2929淘帝","110/07/14","元大-頭份",0,15,-15
"24379","2929淘帝","110/07/14","日盛-南京",23,0,23
"24380","2929淘帝","110/07/14","第一金-台南",0,13,-13
"24381","2929淘帝","110/07/14","日茂",20,0,20
"24382","2929淘帝","110/07/14","富邦-基隆",0,12,-12
"24383","2929淘帝","110/07/14","台新-台中",20,0,20
"24384","2929淘帝","110/07/14","日茂-南投",1,12,-11
"24385","2929淘帝","110/07/14","華南永昌",20,0,20
"24386","2929淘帝","110/07/14","元大-豐原站前",0,11,-11
"24387","2929淘帝","110/07/14","福勝",15,0,15
"24388","2929淘帝","110/07/14","玉山-士林",0,10,-10
"24389","2929淘帝","110/07/14","富邦-南屯",15,0,15
"24390","2929淘帝","110/07/14","富邦-台北",0,10,-10
"24391","5410國眾","110/07/14","兆豐-城中",35,0,35
"24392","5410國眾","110/07/14","瑞士信貸",0,29,-29
"24393","5410國眾","110/07/14","新光",21,1,20
"24394","5410國眾","110/07/14","國泰-板橋",1,30,-29
"24395","5410國眾","110/07/14","國泰-敦南",21,1,20
"24396","5410國眾","110/07/14","日盛-高雄",0,20,-20
"24397","5410國眾","110/07/14","國泰-台中",20,1,19
"24398","5410國眾","110/07/14","台新-左楠",1,20,-19
"24399","5410國眾","110/07/14","元大-崇德",19,0,19
"24400","5410國眾","110/07/14","元富-大昌",1,18,-17
"24401","5410國眾","110/07/14","土銀-士林",18,0,18
"24402","5410國眾","110/07/14","富邦-建國",0,15,-15
"24403","5410國眾","110/07/14","元大-新盛",20,2,18
"24404","5410國眾","110/07/14","元富-嘉義",0,12,-12
"24405","5410國眾","110/07/14","兆豐-高雄",15,0,15
"24406","5410國眾","110/07/14","永全-南崁",0,12,-12
"24407","5410國眾","110/07/14","宏遠-中和",10,0,10
"24408","5410國眾","110/07/14","元大-員林",0,11,-11
"24409","5410國眾","110/07/14","新光-桃園",10,0,10
"24410","5410國眾","110/07/14","高橋",0,10,-10
"24411","5410國眾","110/07/14","國泰-台南",10,0,10
"24412","5410國眾","110/07/14","永興",0,10,-10
"24413","5410國眾","110/07/14","元大-復北",10,0,10
"24414","5410國眾","110/07/14","華南永昌-三重",0,10,-10
"24415","5410國眾","110/07/14","元大-竹科",8,0,8
"24416","5410國眾","110/07/14","元大-苑裡",0,7,-7
"24417","5410國眾","110/07/14","台新-新營",6,0,6
"24418","5410國眾","110/07/14","港商野村",0,6,-6
"24419","5410國眾","110/07/14","日盛-士林",5,0,5
"24420","5410國眾","110/07/14","摩根大通",5,11,-6
"24421","2841台開","110/07/14","凱基-文心",73,0,73
"24422","2841台開","110/07/14","國泰-敦南",0,50,-50
"24423","2841台開","110/07/14","元富-潮州",30,0,30
"24424","2841台開","110/07/14","凱基-中壢",0,40,-40
"24425","2841台開","110/07/14","第一金-台中",20,0,20
"24426","2841台開","110/07/14","統一-新竹",0,24,-24
"24427","2841台開","110/07/14","華南永昌-新莊",20,0,20
"24428","2841台開","110/07/14","元富-草屯",0,20,-20
"24429","2841台開","110/07/14","永豐金-豐原",20,0,20
"24430","2841台開","110/07/14","台新-台南",0,20,-20
"24431","2841台開","110/07/14","國泰-館前",15,0,15
"24432","2841台開","110/07/14","永豐金-敦南",45,63,-18
"24433","2841台開","110/07/14","群益金鼎-基隆",12,0,12
"24434","2841台開","110/07/14","國票-北高雄",0,13,-13
"24435","2841台開","110/07/14","日盛-信義",10,0,10
"24436","2841台開","110/07/14","凱基-松山",0,10,-10
"24437","2841台開","110/07/14","台新-台中",10,0,10
"24438","2841台開","110/07/14","元大證券",0,10,-10
"24439","2841台開","110/07/14","新光",10,1,9
"24440","2841台開","110/07/14","元大-中壢",0,10,-10
"24441","2841台開","110/07/14","凱基-新店",8,0,8
"24442","2841台開","110/07/14","富邦-陽明",1,10,-9
"24443","2841台開","110/07/14","元大-斗信",7,0,7
"24444","2841台開","110/07/14","富邦-建國",0,9,-9
"24445","2841台開","110/07/14","元大-三重",6,0,6
"24446","2841台開","110/07/14","富邦-台南",0,8,-8
"24447","2841台開","110/07/14","永豐金-中和",6,0,6
"24448","2841台開","110/07/14","康和-澎湖",0,7,-7
"24449","2841台開","110/07/14","元富-成功",5,0,5
"24450","2841台開","110/07/14","日盛-斗六",0,6,-6
"24451","6207雷科","110/07/14","群益金鼎-台北",60,0,60
"24452","6207雷科","110/07/14","新加坡商瑞銀",10,56,-46
"24453","6207雷科","110/07/14","台新-高雄",43,3,40
"24454","6207雷科","110/07/14","國票-中和",0,41,-41
"24455","6207雷科","110/07/14","元大-高雄",19,0,19
"24456","6207雷科","110/07/14","元大-復北",0,33,-33
"24457","6207雷科","110/07/14","福勝",15,0,15
"24458","6207雷科","110/07/14","光和-和美",0,20,-20
"24459","6207雷科","110/07/14","群益金鼎-中山",15,0,15
"24460","6207雷科","110/07/14","群益金鼎-丹鳳",0,20,-20
"24461","6207雷科","110/07/14","元大-林園",15,0,15
"24462","6207雷科","110/07/14","第一金-路竹",0,10,-10
"24463","6207雷科","110/07/14","新光",12,0,12
"24464","6207雷科","110/07/14","元大-歸仁",0,10,-10
"24465","6207雷科","110/07/14","元大-大天母",10,0,10
"24466","6207雷科","110/07/14","宏遠-館前",0,9,-9
"24467","6207雷科","110/07/14","永豐金-忠孝",9,0,9
"24468","6207雷科","110/07/14","凱基-台北",12,20,-8
"24469","6207雷科","110/07/14","永豐金-新店",7,0,7
"24470","6207雷科","110/07/14","美林",0,7,-7
"24471","6207雷科","110/07/14","玉山-嘉義",6,0,6
"24472","6207雷科","110/07/14","摩根大通",16,23,-7
"24473","6207雷科","110/07/14","元大-屏東",6,0,6
"24474","6207雷科","110/07/14","凱基-高雄",1,7,-6
"24475","6207雷科","110/07/14","凱基-大安",5,0,5
"24476","6207雷科","110/07/14","台中銀-豐原",0,5,-5
"24477","6207雷科","110/07/14","富邦-台南",5,0,5
"24478","6207雷科","110/07/14","元大-新竹經國",0,5,-5
"24479","6207雷科","110/07/14","元大-成功",5,0,5
"24480","6207雷科","110/07/14","光和-田中",0,4,-4
"24481","3679新至陞","110/07/14","凱基-台北",31,6,25
"24482","3679新至陞","110/07/14","群益金鼎-東大",0,15,-15
"24483","3679新至陞","110/07/14","華南永昌-新莊",10,0,10
"24484","3679新至陞","110/07/14","瑞士信貸",0,12,-12
"24485","3679新至陞","110/07/14","新加坡商瑞銀",11,3,8
"24486","3679新至陞","110/07/14","群益金鼎-永和",0,10,-10
"24487","3679新至陞","110/07/14","美商高盛",6,0,6
"24488","3679新至陞","110/07/14","元大-成功",5,15,-10
"24489","3679新至陞","110/07/14","第一金-中壢",6,0,6
"24490","3679新至陞","110/07/14","統一-板橋",1,10,-9
"24491","3679新至陞","110/07/14","(牛牛牛)亞-網路",4,0,4
"24492","3679新至陞","110/07/14","玉山-左營",0,5,-5
"24493","3679新至陞","110/07/14","元大-六合",3,0,3
"24494","3679新至陞","110/07/14","群益金鼎-三民",0,4,-4
"24495","3679新至陞","110/07/14","合庫-自強",2,0,2
"24496","3679新至陞","110/07/14","富邦-宜蘭",0,4,-4
"24497","3679新至陞","110/07/14","高橋-內壢",2,0,2
"24498","3679新至陞","110/07/14","永豐金-苓雅",0,3,-3
"24499","3679新至陞","110/07/14","台中銀-員林",2,0,2
"24500","3679新至陞","110/07/14","摩根大通",5,7,-2
"24501","3679新至陞","110/07/14","凱基-高美館",2,0,2
"24502","3679新至陞","110/07/14","元大-板橋三民",0,2,-2
"24503","3679新至陞","110/07/14","元大-福營",2,0,2
"24504","3679新至陞","110/07/14","宏遠-中和",0,1,-1
"24505","3679新至陞","110/07/14","永豐金-松山",2,0,2
"24506","3679新至陞","110/07/14","元富-佳里",0,1,-1
"24507","3679新至陞","110/07/14","永豐金-萬盛",2,0,2
"24508","3679新至陞","110/07/14","(牛牛牛)亞-鑫豐",0,1,-1
"24509","3679新至陞","110/07/14","元富-松德",1,0,1
"24510","3679新至陞","110/07/14","中國信託-中壢",0,1,-1
"24511","2727王品","110/07/14","富邦-左營",102,1,101
"24512","2727王品","110/07/14","統一-城中",100,234,-134
"24513","2727王品","110/07/14","國泰-板橋",105,11,94
"24514","2727王品","110/07/14","富邦-台北",1,125,-124
"24515","2727王品","110/07/14","港商野村",149,72,77
"24516","2727王品","110/07/14","台灣摩根士丹利",1,48,-47
"24517","2727王品","110/07/14","合庫-台中",66,2,64
"24518","2727王品","110/07/14","國票-新莊",0,40,-40
"24519","2727王品","110/07/14","臺銀-金山",63,8,55
"24520","2727王品","110/07/14","永豐金-忠孝",2,39,-37
"24521","2727王品","110/07/14","摩根大通",83,39,44
"24522","2727王品","110/07/14","富邦-彰化",1,34,-33
"24523","2727王品","110/07/14","凱基-台北",84,42,42
"24524","2727王品","110/07/14","康和-高雄",0,30,-30
"24525","2727王品","110/07/14","土銀-台中",35,1,34
"24526","2727王品","110/07/14","安泰",0,26,-26
"24527","2727王品","110/07/14","華南永昌-麻豆",32,1,31
"24528","2727王品","110/07/14","富邦-新竹華信",0,21,-21
"24529","2727王品","110/07/14","元大證券",85,55,30
"24530","2727王品","110/07/14","元大-南崁",1,22,-21
"24531","2727王品","110/07/14","新加坡商瑞銀",40,15,25
"24532","2727王品","110/07/14","彰銀-台中",0,18,-18
"24533","2727王品","110/07/14","日盛-八德",19,0,19
"24534","2727王品","110/07/14","元富-同大",2,20,-18
"24535","2727王品","110/07/14","統一",35,17,18
"24536","2727王品","110/07/14","玉山-嘉義",1,17,-16
"24537","2727王品","110/07/14","元富-大昌",18,1,17
"24538","2727王品","110/07/14","國泰-館前",4,20,-16
"24539","2727王品","110/07/14","玉山-板橋",15,1,14
"24540","2727王品","110/07/14","第一金-嘉義",1,13,-12
"24541","1570力肯","110/07/14","國票-北高雄",68,0,68
"24542","1570力肯","110/07/14","摩根大通",0,21,-21
"24543","1570力肯","110/07/14","日盛-八德",30,1,29
"24544","1570力肯","110/07/14","新光",1,19,-18
"24545","1570力肯","110/07/14","玉山-高雄",7,0,7
"24546","1570力肯","110/07/14","(牛牛牛)亞-鑫豐",0,17,-17
"24547","1570力肯","110/07/14","臺銀-臺南",5,0,5
"24548","1570力肯","110/07/14","日盛-士林",0,10,-10
"24549","1570力肯","110/07/14","凱基-三峽",5,0,5
"24550","1570力肯","110/07/14","統一-員林",0,10,-10
"24551","1570力肯","110/07/14","元大-和平",5,0,5
"24552","1570力肯","110/07/14","國票-新莊",0,10,-10
"24553","1570力肯","110/07/14","合庫-三重",4,0,4
"24554","1570力肯","110/07/14","凱基-高美館",0,10,-10
"24555","1570力肯","110/07/14","瑞士信貸",4,0,4
"24556","1570力肯","110/07/14","元大-屏東民生",0,5,-5
"24557","1570力肯","110/07/14","統一-三多",4,0,4
"24558","1570力肯","110/07/14","元大-古亭",0,5,-5
"24559","1570力肯","110/07/14","華南永昌-古亭",4,0,4
"24560","1570力肯","110/07/14","日盛-木柵",0,4,-4
"24561","1570力肯","110/07/14","元大-高雄",3,0,3
"24562","1570力肯","110/07/14","大昌",0,4,-4
"24563","1570力肯","110/07/14","兆豐-忠孝",2,0,2
"24564","1570力肯","110/07/14","群益金鼎-東大",0,4,-4
"24565","1570力肯","110/07/14","富邦-陽明",2,0,2
"24566","1570力肯","110/07/14","凱基-台北",0,4,-4
"24567","1570力肯","110/07/14","元大-松山",2,0,2
"24568","1570力肯","110/07/14","元大-板橋",0,4,-4
"24569","1570力肯","110/07/14","元大-忠孝",2,0,2
"24570","1570力肯","110/07/14","第一金-中山",0,3,-3
"24571","6180橘子","110/07/14","新加坡商瑞銀",84,28,56
"24572","6180橘子","110/07/14","凱基-台北",4,37,-33
"24573","6180橘子","110/07/14","日盛-信義",29,1,28
"24574","6180橘子","110/07/14","玉山-台南",1,22,-21
"24575","6180橘子","110/07/14","豐農",28,4,24
"24576","6180橘子","110/07/14","日盛-新竹",1,21,-20
"24577","6180橘子","110/07/14","新光-新竹",24,1,23
"24578","6180橘子","110/07/14","元富-潮州",0,19,-19
"24579","6180橘子","110/07/14","華南永昌-高雄",20,0,20
"24580","6180橘子","110/07/14","元大-信義",0,17,-17
"24581","6180橘子","110/07/14","元大-羅東",20,0,20
"24582","6180橘子","110/07/14","台灣企銀-台中",1,16,-15
"24583","6180橘子","110/07/14","元大-台中中港",20,0,20
"24584","6180橘子","110/07/14","元大-北港",0,15,-15
"24585","6180橘子","110/07/14","富邦-嘉義",24,5,19
"24586","6180橘子","110/07/14","富邦-高雄",0,14,-14
"24587","6180橘子","110/07/14","富邦-仁愛",15,0,15
"24588","6180橘子","110/07/14","兆豐-埔墘",0,13,-13
"24589","6180橘子","110/07/14","國票-九鼎",13,0,13
"24590","6180橘子","110/07/14","第一金-中山",0,10,-10
"24591","6180橘子","110/07/14","日盛-木柵",12,0,12
"24592","6180橘子","110/07/14","元大-彰化民生",0,10,-10
"24593","6180橘子","110/07/14","元大-成功",10,0,10
"24594","6180橘子","110/07/14","福勝",1,10,-9
"24595","6180橘子","110/07/14","港商野村",10,2,8
"24596","6180橘子","110/07/14","群益金鼎-丹鳳",1,10,-9
"24597","6180橘子","110/07/14","玉山-左營",8,0,8
"24598","6180橘子","110/07/14","群益金鼎-板橋",0,8,-8
"24599","6180橘子","110/07/14","富邦-陽明",16,8,8
"24600","6180橘子","110/07/14","合庫-鳳山",0,7,-7
"24601","2390云辰","110/07/14","摩根大通",995,198,797
"24602","2390云辰","110/07/14","新加坡商瑞銀",28,399,-371
"24603","2390云辰","110/07/14","美林",383,22,361
"24604","2390云辰","110/07/14","凱基-新豐",3,198,-195
"24605","2390云辰","110/07/14","台灣摩根士丹利",684,358,326
"24606","2390云辰","110/07/14","元大-士林",1,152,-151
"24607","2390云辰","110/07/14","凱基-台北",656,402,254
"24608","2390云辰","110/07/14","元大-竹山",80,181,-101
"24609","2390云辰","110/07/14","日盛-和美",110,5,105
"24610","2390云辰","110/07/14","群益金鼎-開元",19,95,-76
"24611","2390云辰","110/07/14","元大-天母",72,0,72
"24612","2390云辰","110/07/14","新光",77,150,-73
"24613","2390云辰","110/07/14","永豐金-松山",57,0,57
"24614","2390云辰","110/07/14","元富-高雄",0,71,-71
"24615","2390云辰","110/07/14","統一-屏東",53,0,53
"24616","2390云辰","110/07/14","元大-土城學府",130,201,-71
"24617","2390云辰","110/07/14","港商野村",486,450,36
"24618","2390云辰","110/07/14","元大-善化",12,76,-64
"24619","2390云辰","110/07/14","致和-崇德",30,0,30
"24620","2390云辰","110/07/14","華南永昌-岡山",23,81,-58
"24621","2390云辰","110/07/14","富邦-台北",40,14,26
"24622","2390云辰","110/07/14","群益金鼎-大興",82,125,-43
"24623","2390云辰","110/07/14","台新-高雄",38,13,25
"24624","2390云辰","110/07/14","大慶-中壢",0,41,-41
"24625","2390云辰","110/07/14","富邦-板橋",32,7,25
"24626","2390云辰","110/07/14","玉山-板橋",6,47,-41
"24627","2390云辰","110/07/14","陽信-石牌",24,0,24
"24628","2390云辰","110/07/14","富邦-台東",2,42,-40
"24629","2390云辰","110/07/14","凱基-屏東",32,8,24
"24630","2390云辰","110/07/14","元大-新營",3,42,-39
"24631","2363矽統","110/07/14","台灣摩根士丹利",463,0,463
"24632","2363矽統","110/07/14","新加坡商瑞銀",568,1321,-753
"24633","2363矽統","110/07/14","台新證券",750,342,408
"24634","2363矽統","110/07/14","瑞士信貸",149,864,-715
"24635","2363矽統","110/07/14","玉山-台中",363,51,312
"24636","2363矽統","110/07/14","台新-屏東",115,380,-265
"24637","2363矽統","110/07/14","元大-斗六",223,25,198
"24638","2363矽統","110/07/14","永豐金證券",16,265,-249
"24639","2363矽統","110/07/14","華南永昌-朴子",208,38,170
"24640","2363矽統","110/07/14","美林",462,701,-239
"24641","2363矽統","110/07/14","元富-西松",169,12,157
"24642","2363矽統","110/07/14","宏遠-桃園",269,500,-231
"24643","2363矽統","110/07/14","永豐金-大園",146,6,140
"24644","2363矽統","110/07/14","凱基-竹北",36,254,-218
"24645","2363矽統","110/07/14","土銀-和平",134,0,134
"24646","2363矽統","110/07/14","港商法國興業",0,214,-214
"24647","2363矽統","110/07/14","富邦-新營",130,13,117
"24648","2363矽統","110/07/14","港商野村",835,1044,-209
"24649","2363矽統","110/07/14","元富-成功",118,11,107
"24650","2363矽統","110/07/14","北城證券",212,411,-199
"24651","2363矽統","110/07/14","元富-烏日",121,18,103
"24652","2363矽統","110/07/14","(牛牛牛)亞-鑫豐",51,241,-190
"24653","2363矽統","110/07/14","日盛-二林",120,18,102
"24654","2363矽統","110/07/14","國票-博愛",24,213,-189
"24655","2363矽統","110/07/14","兆豐-忠孝",98,2,96
"24656","2363矽統","110/07/14","大慶-蘆洲",134,316,-182
"24657","2363矽統","110/07/14","大慶-楊梅",92,3,89
"24658","2363矽統","110/07/14","彰銀-台中",15,193,-178
"24659","2363矽統","110/07/14","元富-三重",120,33,87
"24660","2363矽統","110/07/14","日盛-和美",18,185,-167
"24661","8112至上","110/07/14","新加坡商瑞銀",223,17,206
"24662","8112至上","110/07/14","瑞士信貸",8,170,-162
"24663","8112至上","110/07/14","摩根大通",285,129,156
"24664","8112至上","110/07/14","美林",55,202,-147
"24665","8112至上","110/07/14","花旗環球",124,0,124
"24666","8112至上","110/07/14","凱基-台北",325,436,-111
"24667","8112至上","110/07/14","兆豐-公益",117,4,113
"24668","8112至上","110/07/14","台中銀-台北",0,98,-98
"24669","8112至上","110/07/14","香港上海匯豐",111,0,111
"24670","8112至上","110/07/14","玉山-台大",17,107,-90
"24671","8112至上","110/07/14","永豐金-內湖",117,21,96
"24672","8112至上","110/07/14","康和-內湖",1,90,-89
"24673","8112至上","110/07/14","台灣摩根士丹利",108,16,92
"24674","8112至上","110/07/14","港商野村",21,84,-63
"24675","8112至上","110/07/14","元大-東蘆",77,0,77
"24676","8112至上","110/07/14","兆豐-北高雄",1,60,-59
"24677","8112至上","110/07/14","新光",108,48,60
"24678","8112至上","110/07/14","群益金鼎-海山",1,52,-51
"24679","8112至上","110/07/14","大慶-蘆洲",59,0,59
"24680","8112至上","110/07/14","群益金鼎-大安",0,50,-50
"24681","8112至上","110/07/14","華南永昌-台中",56,3,53
"24682","8112至上","110/07/14","富邦-仁愛",2,49,-47
"24683","8112至上","110/07/14","土銀-嘉義",52,2,50
"24684","8112至上","110/07/14","元大-金華",0,42,-42
"24685","8112至上","110/07/14","美商高盛",40,0,40
"24686","8112至上","110/07/14","元大-內湖",4,43,-39
"24687","8112至上","110/07/14","臺銀",63,29,34
"24688","8112至上","110/07/14","第一金-華江",2,37,-35
"24689","8112至上","110/07/14","元富-嘉義",31,0,31
"24690","8112至上","110/07/14","永豐金-苓雅",2,34,-32
"24691","1570力肯","110/07/14","國票-北高雄",68,0,68
"24692","1570力肯","110/07/14","摩根大通",0,21,-21
"24693","1570力肯","110/07/14","日盛-八德",30,1,29
"24694","1570力肯","110/07/14","新光",1,19,-18
"24695","1570力肯","110/07/14","玉山-高雄",7,0,7
"24696","1570力肯","110/07/14","(牛牛牛)亞-鑫豐",0,17,-17
"24697","1570力肯","110/07/14","臺銀-臺南",5,0,5
"24698","1570力肯","110/07/14","日盛-士林",0,10,-10
"24699","1570力肯","110/07/14","凱基-三峽",5,0,5
"24700","1570力肯","110/07/14","統一-員林",0,10,-10
"24701","1570力肯","110/07/14","元大-和平",5,0,5
"24702","1570力肯","110/07/14","國票-新莊",0,10,-10
"24703","1570力肯","110/07/14","合庫-三重",4,0,4
"24704","1570力肯","110/07/14","凱基-高美館",0,10,-10
"24705","1570力肯","110/07/14","瑞士信貸",4,0,4
"24706","1570力肯","110/07/14","元大-屏東民生",0,5,-5
"24707","1570力肯","110/07/14","統一-三多",4,0,4
"24708","1570力肯","110/07/14","元大-古亭",0,5,-5
"24709","1570力肯","110/07/14","華南永昌-古亭",4,0,4
"24710","1570力肯","110/07/14","日盛-木柵",0,4,-4
"24711","1570力肯","110/07/14","元大-高雄",3,0,3
"24712","1570力肯","110/07/14","大昌",0,4,-4
"24713","1570力肯","110/07/14","兆豐-忠孝",2,0,2
"24714","1570力肯","110/07/14","群益金鼎-東大",0,4,-4
"24715","1570力肯","110/07/14","富邦-陽明",2,0,2
"24716","1570力肯","110/07/14","凱基-台北",0,4,-4
"24717","1570力肯","110/07/14","元大-松山",2,0,2
"24718","1570力肯","110/07/14","元大-板橋",0,4,-4
"24719","1570力肯","110/07/14","元大-忠孝",2,0,2
"24720","1570力肯","110/07/14","第一金-中山",0,3,-3
"24721","2929淘帝","110/07/14","華南永昌-林口",60,0,60
"24722","2929淘帝","110/07/14","群益金鼎",25,540,-515
"24723","2929淘帝","110/07/14","美林",87,31,56
"24724","2929淘帝","110/07/14","國泰-台南",1,30,-29
"24725","2929淘帝","110/07/14","元富-台南",40,0,40
"24726","2929淘帝","110/07/14","宏遠-桃園",0,20,-20
"24727","2929淘帝","110/07/14","元大-民生",39,0,39
"24728","2929淘帝","110/07/14","摩根大通",11,31,-20
"24729","2929淘帝","110/07/14","臺銀-鳳山",34,0,34
"24730","2929淘帝","110/07/14","台新-建北",5,20,-15
"24731","2929淘帝","110/07/14","合庫-高雄",34,1,33
"24732","2929淘帝","110/07/14","新光",1,16,-15
"24733","2929淘帝","110/07/14","華南永昌-鶯歌",28,0,28
"24734","2929淘帝","110/07/14","玉山-板橋",0,15,-15
"24735","2929淘帝","110/07/14","永興",25,0,25
"24736","2929淘帝","110/07/14","凱基-羅東",0,15,-15
"24737","2929淘帝","110/07/14","元大-新盛",25,1,24
"24738","2929淘帝","110/07/14","元大-頭份",0,15,-15
"24739","2929淘帝","110/07/14","日盛-南京",23,0,23
"24740","2929淘帝","110/07/14","第一金-台南",0,13,-13
"24741","2929淘帝","110/07/14","日茂",20,0,20
"24742","2929淘帝","110/07/14","富邦-基隆",0,12,-12
"24743","2929淘帝","110/07/14","台新-台中",20,0,20
"24744","2929淘帝","110/07/14","日茂-南投",1,12,-11
"24745","2929淘帝","110/07/14","華南永昌",20,0,20
"24746","2929淘帝","110/07/14","元大-豐原站前",0,11,-11
"24747","2929淘帝","110/07/14","福勝",15,0,15
"24748","2929淘帝","110/07/14","玉山-士林",0,10,-10
"24749","2929淘帝","110/07/14","富邦-南屯",15,0,15
"24750","2929淘帝","110/07/14","富邦-台北",0,10,-10
"24751","5410國眾","110/07/14","兆豐-城中",35,0,35
"24752","5410國眾","110/07/14","瑞士信貸",0,29,-29
"24753","5410國眾","110/07/14","新光",21,1,20
"24754","5410國眾","110/07/14","國泰-板橋",1,30,-29
"24755","5410國眾","110/07/14","國泰-敦南",21,1,20
"24756","5410國眾","110/07/14","日盛-高雄",0,20,-20
"24757","5410國眾","110/07/14","國泰-台中",20,1,19
"24758","5410國眾","110/07/14","台新-左楠",1,20,-19
"24759","5410國眾","110/07/14","元大-崇德",19,0,19
"24760","5410國眾","110/07/14","元富-大昌",1,18,-17
"24761","5410國眾","110/07/14","土銀-士林",18,0,18
"24762","5410國眾","110/07/14","富邦-建國",0,15,-15
"24763","5410國眾","110/07/14","元大-新盛",20,2,18
"24764","5410國眾","110/07/14","元富-嘉義",0,12,-12
"24765","5410國眾","110/07/14","兆豐-高雄",15,0,15
"24766","5410國眾","110/07/14","永全-南崁",0,12,-12
"24767","5410國眾","110/07/14","宏遠-中和",10,0,10
"24768","5410國眾","110/07/14","元大-員林",0,11,-11
"24769","5410國眾","110/07/14","新光-桃園",10,0,10
"24770","5410國眾","110/07/14","高橋",0,10,-10
"24771","5410國眾","110/07/14","國泰-台南",10,0,10
"24772","5410國眾","110/07/14","永興",0,10,-10
"24773","5410國眾","110/07/14","元大-復北",10,0,10
"24774","5410國眾","110/07/14","華南永昌-三重",0,10,-10
"24775","5410國眾","110/07/14","元大-竹科",8,0,8
"24776","5410國眾","110/07/14","元大-苑裡",0,7,-7
"24777","5410國眾","110/07/14","台新-新營",6,0,6
"24778","5410國眾","110/07/14","港商野村",0,6,-6
"24779","5410國眾","110/07/14","日盛-士林",5,0,5
"24780","5410國眾","110/07/14","摩根大通",5,11,-6
"24781","2841台開","110/07/14","凱基-文心",73,0,73
"24782","2841台開","110/07/14","國泰-敦南",0,50,-50
"24783","2841台開","110/07/14","元富-潮州",30,0,30
"24784","2841台開","110/07/14","凱基-中壢",0,40,-40
"24785","2841台開","110/07/14","第一金-台中",20,0,20
"24786","2841台開","110/07/14","統一-新竹",0,24,-24
"24787","2841台開","110/07/14","華南永昌-新莊",20,0,20
"24788","2841台開","110/07/14","元富-草屯",0,20,-20
"24789","2841台開","110/07/14","永豐金-豐原",20,0,20
"24790","2841台開","110/07/14","台新-台南",0,20,-20
"24791","2841台開","110/07/14","國泰-館前",15,0,15
"24792","2841台開","110/07/14","永豐金-敦南",45,63,-18
"24793","2841台開","110/07/14","群益金鼎-基隆",12,0,12
"24794","2841台開","110/07/14","國票-北高雄",0,13,-13
"24795","2841台開","110/07/14","日盛-信義",10,0,10
"24796","2841台開","110/07/14","凱基-松山",0,10,-10
"24797","2841台開","110/07/14","台新-台中",10,0,10
"24798","2841台開","110/07/14","元大證券",0,10,-10
"24799","2841台開","110/07/14","新光",10,1,9
"24800","2841台開","110/07/14","元大-中壢",0,10,-10
"24801","2841台開","110/07/14","凱基-新店",8,0,8
"24802","2841台開","110/07/14","富邦-陽明",1,10,-9
"24803","2841台開","110/07/14","元大-斗信",7,0,7
"24804","2841台開","110/07/14","富邦-建國",0,9,-9
"24805","2841台開","110/07/14","元大-三重",6,0,6
"24806","2841台開","110/07/14","富邦-台南",0,8,-8
"24807","2841台開","110/07/14","永豐金-中和",6,0,6
"24808","2841台開","110/07/14","康和-澎湖",0,7,-7
"24809","2841台開","110/07/14","元富-成功",5,0,5
"24810","2841台開","110/07/14","日盛-斗六",0,6,-6
"24811","6207雷科","110/07/14","群益金鼎-台北",60,0,60
"24812","6207雷科","110/07/14","新加坡商瑞銀",10,56,-46
"24813","6207雷科","110/07/14","台新-高雄",43,3,40
"24814","6207雷科","110/07/14","國票-中和",0,41,-41
"24815","6207雷科","110/07/14","元大-高雄",19,0,19
"24816","6207雷科","110/07/14","元大-復北",0,33,-33
"24817","6207雷科","110/07/14","福勝",15,0,15
"24818","6207雷科","110/07/14","光和-和美",0,20,-20
"24819","6207雷科","110/07/14","群益金鼎-中山",15,0,15
"24820","6207雷科","110/07/14","群益金鼎-丹鳳",0,20,-20
"24821","6207雷科","110/07/14","元大-林園",15,0,15
"24822","6207雷科","110/07/14","第一金-路竹",0,10,-10
"24823","6207雷科","110/07/14","新光",12,0,12
"24824","6207雷科","110/07/14","元大-歸仁",0,10,-10
"24825","6207雷科","110/07/14","元大-大天母",10,0,10
"24826","6207雷科","110/07/14","宏遠-館前",0,9,-9
"24827","6207雷科","110/07/14","永豐金-忠孝",9,0,9
"24828","6207雷科","110/07/14","凱基-台北",12,20,-8
"24829","6207雷科","110/07/14","永豐金-新店",7,0,7
"24830","6207雷科","110/07/14","美林",0,7,-7
"24831","6207雷科","110/07/14","玉山-嘉義",6,0,6
"24832","6207雷科","110/07/14","摩根大通",16,23,-7
"24833","6207雷科","110/07/14","元大-屏東",6,0,6
"24834","6207雷科","110/07/14","凱基-高雄",1,7,-6
"24835","6207雷科","110/07/14","凱基-大安",5,0,5
"24836","6207雷科","110/07/14","台中銀-豐原",0,5,-5
"24837","6207雷科","110/07/14","富邦-台南",5,0,5
"24838","6207雷科","110/07/14","元大-新竹經國",0,5,-5
"24839","6207雷科","110/07/14","元大-成功",5,0,5
"24840","6207雷科","110/07/14","光和-田中",0,4,-4
"24841","3679新至陞","110/07/14","凱基-台北",31,6,25
"24842","3679新至陞","110/07/14","群益金鼎-東大",0,15,-15
"24843","3679新至陞","110/07/14","華南永昌-新莊",10,0,10
"24844","3679新至陞","110/07/14","瑞士信貸",0,12,-12
"24845","3679新至陞","110/07/14","新加坡商瑞銀",11,3,8
"24846","3679新至陞","110/07/14","群益金鼎-永和",0,10,-10
"24847","3679新至陞","110/07/14","美商高盛",6,0,6
"24848","3679新至陞","110/07/14","元大-成功",5,15,-10
"24849","3679新至陞","110/07/14","第一金-中壢",6,0,6
"24850","3679新至陞","110/07/14","統一-板橋",1,10,-9
"24851","3679新至陞","110/07/14","(牛牛牛)亞-網路",4,0,4
"24852","3679新至陞","110/07/14","玉山-左營",0,5,-5
"24853","3679新至陞","110/07/14","元大-六合",3,0,3
"24854","3679新至陞","110/07/14","群益金鼎-三民",0,4,-4
"24855","3679新至陞","110/07/14","合庫-自強",2,0,2
"24856","3679新至陞","110/07/14","富邦-宜蘭",0,4,-4
"24857","3679新至陞","110/07/14","高橋-內壢",2,0,2
"24858","3679新至陞","110/07/14","永豐金-苓雅",0,3,-3
"24859","3679新至陞","110/07/14","台中銀-員林",2,0,2
"24860","3679新至陞","110/07/14","摩根大通",5,7,-2
"24861","3679新至陞","110/07/14","凱基-高美館",2,0,2
"24862","3679新至陞","110/07/14","元大-板橋三民",0,2,-2
"24863","3679新至陞","110/07/14","元大-福營",2,0,2
"24864","3679新至陞","110/07/14","宏遠-中和",0,1,-1
"24865","3679新至陞","110/07/14","永豐金-松山",2,0,2
"24866","3679新至陞","110/07/14","元富-佳里",0,1,-1
"24867","3679新至陞","110/07/14","永豐金-萬盛",2,0,2
"24868","3679新至陞","110/07/14","(牛牛牛)亞-鑫豐",0,1,-1
"24869","3679新至陞","110/07/14","元富-松德",1,0,1
"24870","3679新至陞","110/07/14","中國信託-中壢",0,1,-1
"24871","2727王品","110/07/14","富邦-左營",102,1,101
"24872","2727王品","110/07/14","統一-城中",100,234,-134
"24873","2727王品","110/07/14","國泰-板橋",105,11,94
"24874","2727王品","110/07/14","富邦-台北",1,125,-124
"24875","2727王品","110/07/14","港商野村",149,72,77
"24876","2727王品","110/07/14","台灣摩根士丹利",1,48,-47
"24877","2727王品","110/07/14","合庫-台中",66,2,64
"24878","2727王品","110/07/14","國票-新莊",0,40,-40
"24879","2727王品","110/07/14","臺銀-金山",63,8,55
"24880","2727王品","110/07/14","永豐金-忠孝",2,39,-37
"24881","2727王品","110/07/14","摩根大通",83,39,44
"24882","2727王品","110/07/14","富邦-彰化",1,34,-33
"24883","2727王品","110/07/14","凱基-台北",84,42,42
"24884","2727王品","110/07/14","康和-高雄",0,30,-30
"24885","2727王品","110/07/14","土銀-台中",35,1,34
"24886","2727王品","110/07/14","安泰",0,26,-26
"24887","2727王品","110/07/14","華南永昌-麻豆",32,1,31
"24888","2727王品","110/07/14","富邦-新竹華信",0,21,-21
"24889","2727王品","110/07/14","元大證券",85,55,30
"24890","2727王品","110/07/14","元大-南崁",1,22,-21
"24891","2727王品","110/07/14","新加坡商瑞銀",40,15,25
"24892","2727王品","110/07/14","彰銀-台中",0,18,-18
"24893","2727王品","110/07/14","日盛-八德",19,0,19
"24894","2727王品","110/07/14","元富-同大",2,20,-18
"24895","2727王品","110/07/14","統一",35,17,18
"24896","2727王品","110/07/14","玉山-嘉義",1,17,-16
"24897","2727王品","110/07/14","元富-大昌",18,1,17
"24898","2727王品","110/07/14","國泰-館前",4,20,-16
"24899","2727王品","110/07/14","玉山-板橋",15,1,14
"24900","2727王品","110/07/14","第一金-嘉義",1,13,-12
"24901","1570力肯","110/07/14","國票-北高雄",68,0,68
"24902","1570力肯","110/07/14","摩根大通",0,21,-21
"24903","1570力肯","110/07/14","日盛-八德",30,1,29
"24904","1570力肯","110/07/14","新光",1,19,-18
"24905","1570力肯","110/07/14","玉山-高雄",7,0,7
"24906","1570力肯","110/07/14","(牛牛牛)亞-鑫豐",0,17,-17
"24907","1570力肯","110/07/14","臺銀-臺南",5,0,5
"24908","1570力肯","110/07/14","日盛-士林",0,10,-10
"24909","1570力肯","110/07/14","凱基-三峽",5,0,5
"24910","1570力肯","110/07/14","統一-員林",0,10,-10
"24911","1570力肯","110/07/14","元大-和平",5,0,5
"24912","1570力肯","110/07/14","國票-新莊",0,10,-10
"24913","1570力肯","110/07/14","合庫-三重",4,0,4
"24914","1570力肯","110/07/14","凱基-高美館",0,10,-10
"24915","1570力肯","110/07/14","瑞士信貸",4,0,4
"24916","1570力肯","110/07/14","元大-屏東民生",0,5,-5
"24917","1570力肯","110/07/14","統一-三多",4,0,4
"24918","1570力肯","110/07/14","元大-古亭",0,5,-5
"24919","1570力肯","110/07/14","華南永昌-古亭",4,0,4
"24920","1570力肯","110/07/14","日盛-木柵",0,4,-4
"24921","1570力肯","110/07/14","元大-高雄",3,0,3
"24922","1570力肯","110/07/14","大昌",0,4,-4
"24923","1570力肯","110/07/14","兆豐-忠孝",2,0,2
"24924","1570力肯","110/07/14","群益金鼎-東大",0,4,-4
"24925","1570力肯","110/07/14","富邦-陽明",2,0,2
"24926","1570力肯","110/07/14","凱基-台北",0,4,-4
"24927","1570力肯","110/07/14","元大-松山",2,0,2
"24928","1570力肯","110/07/14","元大-板橋",0,4,-4
"24929","1570力肯","110/07/14","元大-忠孝",2,0,2
"24930","1570力肯","110/07/14","第一金-中山",0,3,-3
"24931","6180橘子","110/07/14","新加坡商瑞銀",84,28,56
"24932","6180橘子","110/07/14","凱基-台北",4,37,-33
"24933","6180橘子","110/07/14","日盛-信義",29,1,28
"24934","6180橘子","110/07/14","玉山-台南",1,22,-21
"24935","6180橘子","110/07/14","豐農",28,4,24
"24936","6180橘子","110/07/14","日盛-新竹",1,21,-20
"24937","6180橘子","110/07/14","新光-新竹",24,1,23
"24938","6180橘子","110/07/14","元富-潮州",0,19,-19
"24939","6180橘子","110/07/14","華南永昌-高雄",20,0,20
"24940","6180橘子","110/07/14","元大-信義",0,17,-17
"24941","6180橘子","110/07/14","元大-羅東",20,0,20
"24942","6180橘子","110/07/14","台灣企銀-台中",1,16,-15
"24943","6180橘子","110/07/14","元大-台中中港",20,0,20
"24944","6180橘子","110/07/14","元大-北港",0,15,-15
"24945","6180橘子","110/07/14","富邦-嘉義",24,5,19
"24946","6180橘子","110/07/14","富邦-高雄",0,14,-14
"24947","6180橘子","110/07/14","富邦-仁愛",15,0,15
"24948","6180橘子","110/07/14","兆豐-埔墘",0,13,-13
"24949","6180橘子","110/07/14","國票-九鼎",13,0,13
"24950","6180橘子","110/07/14","第一金-中山",0,10,-10
"24951","6180橘子","110/07/14","日盛-木柵",12,0,12
"24952","6180橘子","110/07/14","元大-彰化民生",0,10,-10
"24953","6180橘子","110/07/14","元大-成功",10,0,10
"24954","6180橘子","110/07/14","福勝",1,10,-9
"24955","6180橘子","110/07/14","港商野村",10,2,8
"24956","6180橘子","110/07/14","群益金鼎-丹鳳",1,10,-9
"24957","6180橘子","110/07/14","玉山-左營",8,0,8
"24958","6180橘子","110/07/14","群益金鼎-板橋",0,8,-8
"24959","6180橘子","110/07/14","富邦-陽明",16,8,8
"24960","6180橘子","110/07/14","合庫-鳳山",0,7,-7
"24961","2390云辰","110/07/14","摩根大通",995,198,797
"24962","2390云辰","110/07/14","新加坡商瑞銀",28,399,-371
"24963","2390云辰","110/07/14","美林",383,22,361
"24964","2390云辰","110/07/14","凱基-新豐",3,198,-195
"24965","2390云辰","110/07/14","台灣摩根士丹利",684,358,326
"24966","2390云辰","110/07/14","元大-士林",1,152,-151
"24967","2390云辰","110/07/14","凱基-台北",656,402,254
"24968","2390云辰","110/07/14","元大-竹山",80,181,-101
"24969","2390云辰","110/07/14","日盛-和美",110,5,105
"24970","2390云辰","110/07/14","群益金鼎-開元",19,95,-76
"24971","2390云辰","110/07/14","元大-天母",72,0,72
"24972","2390云辰","110/07/14","新光",77,150,-73
"24973","2390云辰","110/07/14","永豐金-松山",57,0,57
"24974","2390云辰","110/07/14","元富-高雄",0,71,-71
"24975","2390云辰","110/07/14","統一-屏東",53,0,53
"24976","2390云辰","110/07/14","元大-土城學府",130,201,-71
"24977","2390云辰","110/07/14","港商野村",486,450,36
"24978","2390云辰","110/07/14","元大-善化",12,76,-64
"24979","2390云辰","110/07/14","致和-崇德",30,0,30
"24980","2390云辰","110/07/14","華南永昌-岡山",23,81,-58
"24981","2390云辰","110/07/14","富邦-台北",40,14,26
"24982","2390云辰","110/07/14","群益金鼎-大興",82,125,-43
"24983","2390云辰","110/07/14","台新-高雄",38,13,25
"24984","2390云辰","110/07/14","大慶-中壢",0,41,-41
"24985","2390云辰","110/07/14","富邦-板橋",32,7,25
"24986","2390云辰","110/07/14","玉山-板橋",6,47,-41
"24987","2390云辰","110/07/14","陽信-石牌",24,0,24
"24988","2390云辰","110/07/14","富邦-台東",2,42,-40
"24989","2390云辰","110/07/14","凱基-屏東",32,8,24
"24990","2390云辰","110/07/14","元大-新營",3,42,-39
"24991","2363矽統","110/07/14","台灣摩根士丹利",463,0,463
"24992","2363矽統","110/07/14","新加坡商瑞銀",568,1321,-753
"24993","2363矽統","110/07/14","台新證券",750,342,408
"24994","2363矽統","110/07/14","瑞士信貸",149,864,-715
"24995","2363矽統","110/07/14","玉山-台中",363,51,312
"24996","2363矽統","110/07/14","台新-屏東",115,380,-265
"24997","2363矽統","110/07/14","元大-斗六",223,25,198
"24998","2363矽統","110/07/14","永豐金證券",16,265,-249
"24999","2363矽統","110/07/14","華南永昌-朴子",208,38,170
"25000","2363矽統","110/07/14","美林",462,701,-239
"25001","2363矽統","110/07/14","元富-西松",169,12,157
"25002","2363矽統","110/07/14","宏遠-桃園",269,500,-231
"25003","2363矽統","110/07/14","永豐金-大園",146,6,140
"25004","2363矽統","110/07/14","凱基-竹北",36,254,-218
"25005","2363矽統","110/07/14","土銀-和平",134,0,134
"25006","2363矽統","110/07/14","港商法國興業",0,214,-214
"25007","2363矽統","110/07/14","富邦-新營",130,13,117
"25008","2363矽統","110/07/14","港商野村",835,1044,-209
"25009","2363矽統","110/07/14","元富-成功",118,11,107
"25010","2363矽統","110/07/14","北城證券",212,411,-199
"25011","2363矽統","110/07/14","元富-烏日",121,18,103
"25012","2363矽統","110/07/14","(牛牛牛)亞-鑫豐",51,241,-190
"25013","2363矽統","110/07/14","日盛-二林",120,18,102
"25014","2363矽統","110/07/14","國票-博愛",24,213,-189
"25015","2363矽統","110/07/14","兆豐-忠孝",98,2,96
"25016","2363矽統","110/07/14","大慶-蘆洲",134,316,-182
"25017","2363矽統","110/07/14","大慶-楊梅",92,3,89
"25018","2363矽統","110/07/14","彰銀-台中",15,193,-178
"25019","2363矽統","110/07/14","元富-三重",120,33,87
"25020","2363矽統","110/07/14","日盛-和美",18,185,-167
"25021","8112至上","110/07/14","新加坡商瑞銀",223,17,206
"25022","8112至上","110/07/14","瑞士信貸",8,170,-162
"25023","8112至上","110/07/14","摩根大通",285,129,156
"25024","8112至上","110/07/14","美林",55,202,-147
"25025","8112至上","110/07/14","花旗環球",124,0,124
"25026","8112至上","110/07/14","凱基-台北",325,436,-111
"25027","8112至上","110/07/14","兆豐-公益",117,4,113
"25028","8112至上","110/07/14","台中銀-台北",0,98,-98
"25029","8112至上","110/07/14","香港上海匯豐",111,0,111
"25030","8112至上","110/07/14","玉山-台大",17,107,-90
"25031","8112至上","110/07/14","永豐金-內湖",117,21,96
"25032","8112至上","110/07/14","康和-內湖",1,90,-89
"25033","8112至上","110/07/14","台灣摩根士丹利",108,16,92
"25034","8112至上","110/07/14","港商野村",21,84,-63
"25035","8112至上","110/07/14","元大-東蘆",77,0,77
"25036","8112至上","110/07/14","兆豐-北高雄",1,60,-59
"25037","8112至上","110/07/14","新光",108,48,60
"25038","8112至上","110/07/14","群益金鼎-海山",1,52,-51
"25039","8112至上","110/07/14","大慶-蘆洲",59,0,59
"25040","8112至上","110/07/14","群益金鼎-大安",0,50,-50
"25041","8112至上","110/07/14","華南永昌-台中",56,3,53
"25042","8112至上","110/07/14","富邦-仁愛",2,49,-47
"25043","8112至上","110/07/14","土銀-嘉義",52,2,50
"25044","8112至上","110/07/14","元大-金華",0,42,-42
"25045","8112至上","110/07/14","美商高盛",40,0,40
"25046","8112至上","110/07/14","元大-內湖",4,43,-39
"25047","8112至上","110/07/14","臺銀",63,29,34
"25048","8112至上","110/07/14","第一金-華江",2,37,-35
"25049","8112至上","110/07/14","元富-嘉義",31,0,31
"25050","8112至上","110/07/14","永豐金-苓雅",2,34,-32
"25051","1570力肯","110/07/14","國票-北高雄",68,0,68
"25052","1570力肯","110/07/14","摩根大通",0,21,-21
"25053","1570力肯","110/07/14","日盛-八德",30,1,29
"25054","1570力肯","110/07/14","新光",1,19,-18
"25055","1570力肯","110/07/14","玉山-高雄",7,0,7
"25056","1570力肯","110/07/14","(牛牛牛)亞-鑫豐",0,17,-17
"25057","1570力肯","110/07/14","臺銀-臺南",5,0,5
"25058","1570力肯","110/07/14","日盛-士林",0,10,-10
"25059","1570力肯","110/07/14","凱基-三峽",5,0,5
"25060","1570力肯","110/07/14","統一-員林",0,10,-10
"25061","1570力肯","110/07/14","元大-和平",5,0,5
"25062","1570力肯","110/07/14","國票-新莊",0,10,-10
"25063","1570力肯","110/07/14","合庫-三重",4,0,4
"25064","1570力肯","110/07/14","凱基-高美館",0,10,-10
"25065","1570力肯","110/07/14","瑞士信貸",4,0,4
"25066","1570力肯","110/07/14","元大-屏東民生",0,5,-5
"25067","1570力肯","110/07/14","統一-三多",4,0,4
"25068","1570力肯","110/07/14","元大-古亭",0,5,-5
"25069","1570力肯","110/07/14","華南永昌-古亭",4,0,4
"25070","1570力肯","110/07/14","日盛-木柵",0,4,-4
"25071","1570力肯","110/07/14","元大-高雄",3,0,3
"25072","1570力肯","110/07/14","大昌",0,4,-4
"25073","1570力肯","110/07/14","兆豐-忠孝",2,0,2
"25074","1570力肯","110/07/14","群益金鼎-東大",0,4,-4
"25075","1570力肯","110/07/14","富邦-陽明",2,0,2
"25076","1570力肯","110/07/14","凱基-台北",0,4,-4
"25077","1570力肯","110/07/14","元大-松山",2,0,2
"25078","1570力肯","110/07/14","元大-板橋",0,4,-4
"25079","1570力肯","110/07/14","元大-忠孝",2,0,2
"25080","1570力肯","110/07/14","第一金-中山",0,3,-3
"25081","2929淘帝","110/07/14","華南永昌-林口",60,0,60
"25082","2929淘帝","110/07/14","群益金鼎",25,540,-515
"25083","2929淘帝","110/07/14","美林",87,31,56
"25084","2929淘帝","110/07/14","國泰-台南",1,30,-29
"25085","2929淘帝","110/07/14","元富-台南",40,0,40
"25086","2929淘帝","110/07/14","宏遠-桃園",0,20,-20
"25087","2929淘帝","110/07/14","元大-民生",39,0,39
"25088","2929淘帝","110/07/14","摩根大通",11,31,-20
"25089","2929淘帝","110/07/14","臺銀-鳳山",34,0,34
"25090","2929淘帝","110/07/14","台新-建北",5,20,-15
"25091","2929淘帝","110/07/14","合庫-高雄",34,1,33
"25092","2929淘帝","110/07/14","新光",1,16,-15
"25093","2929淘帝","110/07/14","華南永昌-鶯歌",28,0,28
"25094","2929淘帝","110/07/14","玉山-板橋",0,15,-15
"25095","2929淘帝","110/07/14","永興",25,0,25
"25096","2929淘帝","110/07/14","凱基-羅東",0,15,-15
"25097","2929淘帝","110/07/14","元大-新盛",25,1,24
"25098","2929淘帝","110/07/14","元大-頭份",0,15,-15
"25099","2929淘帝","110/07/14","日盛-南京",23,0,23
"25100","2929淘帝","110/07/14","第一金-台南",0,13,-13
"25101","2929淘帝","110/07/14","日茂",20,0,20
"25102","2929淘帝","110/07/14","富邦-基隆",0,12,-12
"25103","2929淘帝","110/07/14","台新-台中",20,0,20
"25104","2929淘帝","110/07/14","日茂-南投",1,12,-11
"25105","2929淘帝","110/07/14","華南永昌",20,0,20
"25106","2929淘帝","110/07/14","元大-豐原站前",0,11,-11
"25107","2929淘帝","110/07/14","福勝",15,0,15
"25108","2929淘帝","110/07/14","玉山-士林",0,10,-10
"25109","2929淘帝","110/07/14","富邦-南屯",15,0,15
"25110","2929淘帝","110/07/14","富邦-台北",0,10,-10
"25111","5410國眾","110/07/14","兆豐-城中",35,0,35
"25112","5410國眾","110/07/14","瑞士信貸",0,29,-29
"25113","5410國眾","110/07/14","新光",21,1,20
"25114","5410國眾","110/07/14","國泰-板橋",1,30,-29
"25115","5410國眾","110/07/14","國泰-敦南",21,1,20
"25116","5410國眾","110/07/14","日盛-高雄",0,20,-20
"25117","5410國眾","110/07/14","國泰-台中",20,1,19
"25118","5410國眾","110/07/14","台新-左楠",1,20,-19
"25119","5410國眾","110/07/14","元大-崇德",19,0,19
"25120","5410國眾","110/07/14","元富-大昌",1,18,-17
"25121","5410國眾","110/07/14","土銀-士林",18,0,18
"25122","5410國眾","110/07/14","富邦-建國",0,15,-15
"25123","5410國眾","110/07/14","元大-新盛",20,2,18
"25124","5410國眾","110/07/14","元富-嘉義",0,12,-12
"25125","5410國眾","110/07/14","兆豐-高雄",15,0,15
"25126","5410國眾","110/07/14","永全-南崁",0,12,-12
"25127","5410國眾","110/07/14","宏遠-中和",10,0,10
"25128","5410國眾","110/07/14","元大-員林",0,11,-11
"25129","5410國眾","110/07/14","新光-桃園",10,0,10
"25130","5410國眾","110/07/14","高橋",0,10,-10
"25131","5410國眾","110/07/14","國泰-台南",10,0,10
"25132","5410國眾","110/07/14","永興",0,10,-10
"25133","5410國眾","110/07/14","元大-復北",10,0,10
"25134","5410國眾","110/07/14","華南永昌-三重",0,10,-10
"25135","5410國眾","110/07/14","元大-竹科",8,0,8
"25136","5410國眾","110/07/14","元大-苑裡",0,7,-7
"25137","5410國眾","110/07/14","台新-新營",6,0,6
"25138","5410國眾","110/07/14","港商野村",0,6,-6
"25139","5410國眾","110/07/14","日盛-士林",5,0,5
"25140","5410國眾","110/07/14","摩根大通",5,11,-6
"25141","2841台開","110/07/14","凱基-文心",73,0,73
"25142","2841台開","110/07/14","國泰-敦南",0,50,-50
"25143","2841台開","110/07/14","元富-潮州",30,0,30
"25144","2841台開","110/07/14","凱基-中壢",0,40,-40
"25145","2841台開","110/07/14","第一金-台中",20,0,20
"25146","2841台開","110/07/14","統一-新竹",0,24,-24
"25147","2841台開","110/07/14","華南永昌-新莊",20,0,20
"25148","2841台開","110/07/14","元富-草屯",0,20,-20
"25149","2841台開","110/07/14","永豐金-豐原",20,0,20
"25150","2841台開","110/07/14","台新-台南",0,20,-20
"25151","2841台開","110/07/14","國泰-館前",15,0,15
"25152","2841台開","110/07/14","永豐金-敦南",45,63,-18
"25153","2841台開","110/07/14","群益金鼎-基隆",12,0,12
"25154","2841台開","110/07/14","國票-北高雄",0,13,-13
"25155","2841台開","110/07/14","日盛-信義",10,0,10
"25156","2841台開","110/07/14","凱基-松山",0,10,-10
"25157","2841台開","110/07/14","台新-台中",10,0,10
"25158","2841台開","110/07/14","元大證券",0,10,-10
"25159","2841台開","110/07/14","新光",10,1,9
"25160","2841台開","110/07/14","元大-中壢",0,10,-10
"25161","2841台開","110/07/14","凱基-新店",8,0,8
"25162","2841台開","110/07/14","富邦-陽明",1,10,-9
"25163","2841台開","110/07/14","元大-斗信",7,0,7
"25164","2841台開","110/07/14","富邦-建國",0,9,-9
"25165","2841台開","110/07/14","元大-三重",6,0,6
"25166","2841台開","110/07/14","富邦-台南",0,8,-8
"25167","2841台開","110/07/14","永豐金-中和",6,0,6
"25168","2841台開","110/07/14","康和-澎湖",0,7,-7
"25169","2841台開","110/07/14","元富-成功",5,0,5
"25170","2841台開","110/07/14","日盛-斗六",0,6,-6
"25171","6207雷科","110/07/14","群益金鼎-台北",60,0,60
"25172","6207雷科","110/07/14","新加坡商瑞銀",10,56,-46
"25173","6207雷科","110/07/14","台新-高雄",43,3,40
"25174","6207雷科","110/07/14","國票-中和",0,41,-41
"25175","6207雷科","110/07/14","元大-高雄",19,0,19
"25176","6207雷科","110/07/14","元大-復北",0,33,-33
"25177","6207雷科","110/07/14","福勝",15,0,15
"25178","6207雷科","110/07/14","光和-和美",0,20,-20
"25179","6207雷科","110/07/14","群益金鼎-中山",15,0,15
"25180","6207雷科","110/07/14","群益金鼎-丹鳳",0,20,-20
"25181","6207雷科","110/07/14","元大-林園",15,0,15
"25182","6207雷科","110/07/14","第一金-路竹",0,10,-10
"25183","6207雷科","110/07/14","新光",12,0,12
"25184","6207雷科","110/07/14","元大-歸仁",0,10,-10
"25185","6207雷科","110/07/14","元大-大天母",10,0,10
"25186","6207雷科","110/07/14","宏遠-館前",0,9,-9
"25187","6207雷科","110/07/14","永豐金-忠孝",9,0,9
"25188","6207雷科","110/07/14","凱基-台北",12,20,-8
"25189","6207雷科","110/07/14","永豐金-新店",7,0,7
"25190","6207雷科","110/07/14","美林",0,7,-7
"25191","6207雷科","110/07/14","玉山-嘉義",6,0,6
"25192","6207雷科","110/07/14","摩根大通",16,23,-7
"25193","6207雷科","110/07/14","元大-屏東",6,0,6
"25194","6207雷科","110/07/14","凱基-高雄",1,7,-6
"25195","6207雷科","110/07/14","凱基-大安",5,0,5
"25196","6207雷科","110/07/14","台中銀-豐原",0,5,-5
"25197","6207雷科","110/07/14","富邦-台南",5,0,5
"25198","6207雷科","110/07/14","元大-新竹經國",0,5,-5
"25199","6207雷科","110/07/14","元大-成功",5,0,5
"25200","6207雷科","110/07/14","光和-田中",0,4,-4
"25201","3679新至陞","110/07/14","凱基-台北",31,6,25
"25202","3679新至陞","110/07/14","群益金鼎-東大",0,15,-15
"25203","3679新至陞","110/07/14","華南永昌-新莊",10,0,10
"25204","3679新至陞","110/07/14","瑞士信貸",0,12,-12
"25205","3679新至陞","110/07/14","新加坡商瑞銀",11,3,8
"25206","3679新至陞","110/07/14","群益金鼎-永和",0,10,-10
"25207","3679新至陞","110/07/14","美商高盛",6,0,6
"25208","3679新至陞","110/07/14","元大-成功",5,15,-10
"25209","3679新至陞","110/07/14","第一金-中壢",6,0,6
"25210","3679新至陞","110/07/14","統一-板橋",1,10,-9
"25211","3679新至陞","110/07/14","(牛牛牛)亞-網路",4,0,4
"25212","3679新至陞","110/07/14","玉山-左營",0,5,-5
"25213","3679新至陞","110/07/14","元大-六合",3,0,3
"25214","3679新至陞","110/07/14","群益金鼎-三民",0,4,-4
"25215","3679新至陞","110/07/14","合庫-自強",2,0,2
"25216","3679新至陞","110/07/14","富邦-宜蘭",0,4,-4
"25217","3679新至陞","110/07/14","高橋-內壢",2,0,2
"25218","3679新至陞","110/07/14","永豐金-苓雅",0,3,-3
"25219","3679新至陞","110/07/14","台中銀-員林",2,0,2
"25220","3679新至陞","110/07/14","摩根大通",5,7,-2
"25221","3679新至陞","110/07/14","凱基-高美館",2,0,2
"25222","3679新至陞","110/07/14","元大-板橋三民",0,2,-2
"25223","3679新至陞","110/07/14","元大-福營",2,0,2
"25224","3679新至陞","110/07/14","宏遠-中和",0,1,-1
"25225","3679新至陞","110/07/14","永豐金-松山",2,0,2
"25226","3679新至陞","110/07/14","元富-佳里",0,1,-1
"25227","3679新至陞","110/07/14","永豐金-萬盛",2,0,2
"25228","3679新至陞","110/07/14","(牛牛牛)亞-鑫豐",0,1,-1
"25229","3679新至陞","110/07/14","元富-松德",1,0,1
"25230","3679新至陞","110/07/14","中國信託-中壢",0,1,-1
"25231","2727王品","110/07/14","富邦-左營",102,1,101
"25232","2727王品","110/07/14","統一-城中",100,234,-134
"25233","2727王品","110/07/14","國泰-板橋",105,11,94
"25234","2727王品","110/07/14","富邦-台北",1,125,-124
"25235","2727王品","110/07/14","港商野村",149,72,77
"25236","2727王品","110/07/14","台灣摩根士丹利",1,48,-47
"25237","2727王品","110/07/14","合庫-台中",66,2,64
"25238","2727王品","110/07/14","國票-新莊",0,40,-40
"25239","2727王品","110/07/14","臺銀-金山",63,8,55
"25240","2727王品","110/07/14","永豐金-忠孝",2,39,-37
"25241","2727王品","110/07/14","摩根大通",83,39,44
"25242","2727王品","110/07/14","富邦-彰化",1,34,-33
"25243","2727王品","110/07/14","凱基-台北",84,42,42
"25244","2727王品","110/07/14","康和-高雄",0,30,-30
"25245","2727王品","110/07/14","土銀-台中",35,1,34
"25246","2727王品","110/07/14","安泰",0,26,-26
"25247","2727王品","110/07/14","華南永昌-麻豆",32,1,31
"25248","2727王品","110/07/14","富邦-新竹華信",0,21,-21
"25249","2727王品","110/07/14","元大證券",85,55,30
"25250","2727王品","110/07/14","元大-南崁",1,22,-21
"25251","2727王品","110/07/14","新加坡商瑞銀",40,15,25
"25252","2727王品","110/07/14","彰銀-台中",0,18,-18
"25253","2727王品","110/07/14","日盛-八德",19,0,19
"25254","2727王品","110/07/14","元富-同大",2,20,-18
"25255","2727王品","110/07/14","統一",35,17,18
"25256","2727王品","110/07/14","玉山-嘉義",1,17,-16
"25257","2727王品","110/07/14","元富-大昌",18,1,17
"25258","2727王品","110/07/14","國泰-館前",4,20,-16
"25259","2727王品","110/07/14","玉山-板橋",15,1,14
"25260","2727王品","110/07/14","第一金-嘉義",1,13,-12
"25261","1570力肯","110/07/14","國票-北高雄",68,0,68
"25262","1570力肯","110/07/14","摩根大通",0,21,-21
"25263","1570力肯","110/07/14","日盛-八德",30,1,29
"25264","1570力肯","110/07/14","新光",1,19,-18
"25265","1570力肯","110/07/14","玉山-高雄",7,0,7
"25266","1570力肯","110/07/14","(牛牛牛)亞-鑫豐",0,17,-17
"25267","1570力肯","110/07/14","臺銀-臺南",5,0,5
"25268","1570力肯","110/07/14","日盛-士林",0,10,-10
"25269","1570力肯","110/07/14","凱基-三峽",5,0,5
"25270","1570力肯","110/07/14","統一-員林",0,10,-10
"25271","1570力肯","110/07/14","元大-和平",5,0,5
"25272","1570力肯","110/07/14","國票-新莊",0,10,-10
"25273","1570力肯","110/07/14","合庫-三重",4,0,4
"25274","1570力肯","110/07/14","凱基-高美館",0,10,-10
"25275","1570力肯","110/07/14","瑞士信貸",4,0,4
"25276","1570力肯","110/07/14","元大-屏東民生",0,5,-5
"25277","1570力肯","110/07/14","統一-三多",4,0,4
"25278","1570力肯","110/07/14","元大-古亭",0,5,-5
"25279","1570力肯","110/07/14","華南永昌-古亭",4,0,4
"25280","1570力肯","110/07/14","日盛-木柵",0,4,-4
"25281","1570力肯","110/07/14","元大-高雄",3,0,3
"25282","1570力肯","110/07/14","大昌",0,4,-4
"25283","1570力肯","110/07/14","兆豐-忠孝",2,0,2
"25284","1570力肯","110/07/14","群益金鼎-東大",0,4,-4
"25285","1570力肯","110/07/14","富邦-陽明",2,0,2
"25286","1570力肯","110/07/14","凱基-台北",0,4,-4
"25287","1570力肯","110/07/14","元大-松山",2,0,2
"25288","1570力肯","110/07/14","元大-板橋",0,4,-4
"25289","1570力肯","110/07/14","元大-忠孝",2,0,2
"25290","1570力肯","110/07/14","第一金-中山",0,3,-3
"25291","6180橘子","110/07/14","新加坡商瑞銀",84,28,56
"25292","6180橘子","110/07/14","凱基-台北",4,37,-33
"25293","6180橘子","110/07/14","日盛-信義",29,1,28
"25294","6180橘子","110/07/14","玉山-台南",1,22,-21
"25295","6180橘子","110/07/14","豐農",28,4,24
"25296","6180橘子","110/07/14","日盛-新竹",1,21,-20
"25297","6180橘子","110/07/14","新光-新竹",24,1,23
"25298","6180橘子","110/07/14","元富-潮州",0,19,-19
"25299","6180橘子","110/07/14","華南永昌-高雄",20,0,20
"25300","6180橘子","110/07/14","元大-信義",0,17,-17
"25301","6180橘子","110/07/14","元大-羅東",20,0,20
"25302","6180橘子","110/07/14","台灣企銀-台中",1,16,-15
"25303","6180橘子","110/07/14","元大-台中中港",20,0,20
"25304","6180橘子","110/07/14","元大-北港",0,15,-15
"25305","6180橘子","110/07/14","富邦-嘉義",24,5,19
"25306","6180橘子","110/07/14","富邦-高雄",0,14,-14
"25307","6180橘子","110/07/14","富邦-仁愛",15,0,15
"25308","6180橘子","110/07/14","兆豐-埔墘",0,13,-13
"25309","6180橘子","110/07/14","國票-九鼎",13,0,13
"25310","6180橘子","110/07/14","第一金-中山",0,10,-10
"25311","6180橘子","110/07/14","日盛-木柵",12,0,12
"25312","6180橘子","110/07/14","元大-彰化民生",0,10,-10
"25313","6180橘子","110/07/14","元大-成功",10,0,10
"25314","6180橘子","110/07/14","福勝",1,10,-9
"25315","6180橘子","110/07/14","港商野村",10,2,8
"25316","6180橘子","110/07/14","群益金鼎-丹鳳",1,10,-9
"25317","6180橘子","110/07/14","玉山-左營",8,0,8
"25318","6180橘子","110/07/14","群益金鼎-板橋",0,8,-8
"25319","6180橘子","110/07/14","富邦-陽明",16,8,8
"25320","6180橘子","110/07/14","合庫-鳳山",0,7,-7
"25321","2390云辰","110/07/14","摩根大通",995,198,797
"25322","2390云辰","110/07/14","新加坡商瑞銀",28,399,-371
"25323","2390云辰","110/07/14","美林",383,22,361
"25324","2390云辰","110/07/14","凱基-新豐",3,198,-195
"25325","2390云辰","110/07/14","台灣摩根士丹利",684,358,326
"25326","2390云辰","110/07/14","元大-士林",1,152,-151
"25327","2390云辰","110/07/14","凱基-台北",656,402,254
"25328","2390云辰","110/07/14","元大-竹山",80,181,-101
"25329","2390云辰","110/07/14","日盛-和美",110,5,105
"25330","2390云辰","110/07/14","群益金鼎-開元",19,95,-76
"25331","2390云辰","110/07/14","元大-天母",72,0,72
"25332","2390云辰","110/07/14","新光",77,150,-73
"25333","2390云辰","110/07/14","永豐金-松山",57,0,57
"25334","2390云辰","110/07/14","元富-高雄",0,71,-71
"25335","2390云辰","110/07/14","統一-屏東",53,0,53
"25336","2390云辰","110/07/14","元大-土城學府",130,201,-71
"25337","2390云辰","110/07/14","港商野村",486,450,36
"25338","2390云辰","110/07/14","元大-善化",12,76,-64
"25339","2390云辰","110/07/14","致和-崇德",30,0,30
"25340","2390云辰","110/07/14","華南永昌-岡山",23,81,-58
"25341","2390云辰","110/07/14","富邦-台北",40,14,26
"25342","2390云辰","110/07/14","群益金鼎-大興",82,125,-43
"25343","2390云辰","110/07/14","台新-高雄",38,13,25
"25344","2390云辰","110/07/14","大慶-中壢",0,41,-41
"25345","2390云辰","110/07/14","富邦-板橋",32,7,25
"25346","2390云辰","110/07/14","玉山-板橋",6,47,-41
"25347","2390云辰","110/07/14","陽信-石牌",24,0,24
"25348","2390云辰","110/07/14","富邦-台東",2,42,-40
"25349","2390云辰","110/07/14","凱基-屏東",32,8,24
"25350","2390云辰","110/07/14","元大-新營",3,42,-39
"25351","2363矽統","110/07/14","台灣摩根士丹利",463,0,463
"25352","2363矽統","110/07/14","新加坡商瑞銀",568,1321,-753
"25353","2363矽統","110/07/14","台新證券",750,342,408
"25354","2363矽統","110/07/14","瑞士信貸",149,864,-715
"25355","2363矽統","110/07/14","玉山-台中",363,51,312
"25356","2363矽統","110/07/14","台新-屏東",115,380,-265
"25357","2363矽統","110/07/14","元大-斗六",223,25,198
"25358","2363矽統","110/07/14","永豐金證券",16,265,-249
"25359","2363矽統","110/07/14","華南永昌-朴子",208,38,170
"25360","2363矽統","110/07/14","美林",462,701,-239
"25361","2363矽統","110/07/14","元富-西松",169,12,157
"25362","2363矽統","110/07/14","宏遠-桃園",269,500,-231
"25363","2363矽統","110/07/14","永豐金-大園",146,6,140
"25364","2363矽統","110/07/14","凱基-竹北",36,254,-218
"25365","2363矽統","110/07/14","土銀-和平",134,0,134
"25366","2363矽統","110/07/14","港商法國興業",0,214,-214
"25367","2363矽統","110/07/14","富邦-新營",130,13,117
"25368","2363矽統","110/07/14","港商野村",835,1044,-209
"25369","2363矽統","110/07/14","元富-成功",118,11,107
"25370","2363矽統","110/07/14","北城證券",212,411,-199
"25371","2363矽統","110/07/14","元富-烏日",121,18,103
"25372","2363矽統","110/07/14","(牛牛牛)亞-鑫豐",51,241,-190
"25373","2363矽統","110/07/14","日盛-二林",120,18,102
"25374","2363矽統","110/07/14","國票-博愛",24,213,-189
"25375","2363矽統","110/07/14","兆豐-忠孝",98,2,96
"25376","2363矽統","110/07/14","大慶-蘆洲",134,316,-182
"25377","2363矽統","110/07/14","大慶-楊梅",92,3,89
"25378","2363矽統","110/07/14","彰銀-台中",15,193,-178
"25379","2363矽統","110/07/14","元富-三重",120,33,87
"25380","2363矽統","110/07/14","日盛-和美",18,185,-167
"25381","8112至上","110/07/14","新加坡商瑞銀",223,17,206
"25382","8112至上","110/07/14","瑞士信貸",8,170,-162
"25383","8112至上","110/07/14","摩根大通",285,129,156
"25384","8112至上","110/07/14","美林",55,202,-147
"25385","8112至上","110/07/14","花旗環球",124,0,124
"25386","8112至上","110/07/14","凱基-台北",325,436,-111
"25387","8112至上","110/07/14","兆豐-公益",117,4,113
"25388","8112至上","110/07/14","台中銀-台北",0,98,-98
"25389","8112至上","110/07/14","香港上海匯豐",111,0,111
"25390","8112至上","110/07/14","玉山-台大",17,107,-90
"25391","8112至上","110/07/14","永豐金-內湖",117,21,96
"25392","8112至上","110/07/14","康和-內湖",1,90,-89
"25393","8112至上","110/07/14","台灣摩根士丹利",108,16,92
"25394","8112至上","110/07/14","港商野村",21,84,-63
"25395","8112至上","110/07/14","元大-東蘆",77,0,77
"25396","8112至上","110/07/14","兆豐-北高雄",1,60,-59
"25397","8112至上","110/07/14","新光",108,48,60
"25398","8112至上","110/07/14","群益金鼎-海山",1,52,-51
"25399","8112至上","110/07/14","大慶-蘆洲",59,0,59
"25400","8112至上","110/07/14","群益金鼎-大安",0,50,-50
"25401","8112至上","110/07/14","華南永昌-台中",56,3,53
"25402","8112至上","110/07/14","富邦-仁愛",2,49,-47
"25403","8112至上","110/07/14","土銀-嘉義",52,2,50
"25404","8112至上","110/07/14","元大-金華",0,42,-42
"25405","8112至上","110/07/14","美商高盛",40,0,40
"25406","8112至上","110/07/14","元大-內湖",4,43,-39
"25407","8112至上","110/07/14","臺銀",63,29,34
"25408","8112至上","110/07/14","第一金-華江",2,37,-35
"25409","8112至上","110/07/14","元富-嘉義",31,0,31
"25410","8112至上","110/07/14","永豐金-苓雅",2,34,-32
"25411","1570力肯","110/07/14","國票-北高雄",68,0,68
"25412","1570力肯","110/07/14","摩根大通",0,21,-21
"25413","1570力肯","110/07/14","日盛-八德",30,1,29
"25414","1570力肯","110/07/14","新光",1,19,-18
"25415","1570力肯","110/07/14","玉山-高雄",7,0,7
"25416","1570力肯","110/07/14","(牛牛牛)亞-鑫豐",0,17,-17
"25417","1570力肯","110/07/14","臺銀-臺南",5,0,5
"25418","1570力肯","110/07/14","日盛-士林",0,10,-10
"25419","1570力肯","110/07/14","凱基-三峽",5,0,5
"25420","1570力肯","110/07/14","統一-員林",0,10,-10
"25421","1570力肯","110/07/14","元大-和平",5,0,5
"25422","1570力肯","110/07/14","國票-新莊",0,10,-10
"25423","1570力肯","110/07/14","合庫-三重",4,0,4
"25424","1570力肯","110/07/14","凱基-高美館",0,10,-10
"25425","1570力肯","110/07/14","瑞士信貸",4,0,4
"25426","1570力肯","110/07/14","元大-屏東民生",0,5,-5
"25427","1570力肯","110/07/14","統一-三多",4,0,4
"25428","1570力肯","110/07/14","元大-古亭",0,5,-5
"25429","1570力肯","110/07/14","華南永昌-古亭",4,0,4
"25430","1570力肯","110/07/14","日盛-木柵",0,4,-4
"25431","1570力肯","110/07/14","元大-高雄",3,0,3
"25432","1570力肯","110/07/14","大昌",0,4,-4
"25433","1570力肯","110/07/14","兆豐-忠孝",2,0,2
"25434","1570力肯","110/07/14","群益金鼎-東大",0,4,-4
"25435","1570力肯","110/07/14","富邦-陽明",2,0,2
"25436","1570力肯","110/07/14","凱基-台北",0,4,-4
"25437","1570力肯","110/07/14","元大-松山",2,0,2
"25438","1570力肯","110/07/14","元大-板橋",0,4,-4
"25439","1570力肯","110/07/14","元大-忠孝",2,0,2
"25440","1570力肯","110/07/14","第一金-中山",0,3,-3
"25441","2929淘帝","110/07/14","華南永昌-林口",60,0,60
"25442","2929淘帝","110/07/14","群益金鼎",25,540,-515
"25443","2929淘帝","110/07/14","美林",87,31,56
"25444","2929淘帝","110/07/14","國泰-台南",1,30,-29
"25445","2929淘帝","110/07/14","元富-台南",40,0,40
"25446","2929淘帝","110/07/14","宏遠-桃園",0,20,-20
"25447","2929淘帝","110/07/14","元大-民生",39,0,39
"25448","2929淘帝","110/07/14","摩根大通",11,31,-20
"25449","2929淘帝","110/07/14","臺銀-鳳山",34,0,34
"25450","2929淘帝","110/07/14","台新-建北",5,20,-15
"25451","2929淘帝","110/07/14","合庫-高雄",34,1,33
"25452","2929淘帝","110/07/14","新光",1,16,-15
"25453","2929淘帝","110/07/14","華南永昌-鶯歌",28,0,28
"25454","2929淘帝","110/07/14","玉山-板橋",0,15,-15
"25455","2929淘帝","110/07/14","永興",25,0,25
"25456","2929淘帝","110/07/14","凱基-羅東",0,15,-15
"25457","2929淘帝","110/07/14","元大-新盛",25,1,24
"25458","2929淘帝","110/07/14","元大-頭份",0,15,-15
"25459","2929淘帝","110/07/14","日盛-南京",23,0,23
"25460","2929淘帝","110/07/14","第一金-台南",0,13,-13
"25461","2929淘帝","110/07/14","日茂",20,0,20
"25462","2929淘帝","110/07/14","富邦-基隆",0,12,-12
"25463","2929淘帝","110/07/14","台新-台中",20,0,20
"25464","2929淘帝","110/07/14","日茂-南投",1,12,-11
"25465","2929淘帝","110/07/14","華南永昌",20,0,20
"25466","2929淘帝","110/07/14","元大-豐原站前",0,11,-11
"25467","2929淘帝","110/07/14","福勝",15,0,15
"25468","2929淘帝","110/07/14","玉山-士林",0,10,-10
"25469","2929淘帝","110/07/14","富邦-南屯",15,0,15
"25470","2929淘帝","110/07/14","富邦-台北",0,10,-10
"25471","5410國眾","110/07/14","兆豐-城中",35,0,35
"25472","5410國眾","110/07/14","瑞士信貸",0,29,-29
"25473","5410國眾","110/07/14","新光",21,1,20
"25474","5410國眾","110/07/14","國泰-板橋",1,30,-29
"25475","5410國眾","110/07/14","國泰-敦南",21,1,20
"25476","5410國眾","110/07/14","日盛-高雄",0,20,-20
"25477","5410國眾","110/07/14","國泰-台中",20,1,19
"25478","5410國眾","110/07/14","台新-左楠",1,20,-19
"25479","5410國眾","110/07/14","元大-崇德",19,0,19
"25480","5410國眾","110/07/14","元富-大昌",1,18,-17
"25481","5410國眾","110/07/14","土銀-士林",18,0,18
"25482","5410國眾","110/07/14","富邦-建國",0,15,-15
"25483","5410國眾","110/07/14","元大-新盛",20,2,18
"25484","5410國眾","110/07/14","元富-嘉義",0,12,-12
"25485","5410國眾","110/07/14","兆豐-高雄",15,0,15
"25486","5410國眾","110/07/14","永全-南崁",0,12,-12
"25487","5410國眾","110/07/14","宏遠-中和",10,0,10
"25488","5410國眾","110/07/14","元大-員林",0,11,-11
"25489","5410國眾","110/07/14","新光-桃園",10,0,10
"25490","5410國眾","110/07/14","高橋",0,10,-10
"25491","5410國眾","110/07/14","國泰-台南",10,0,10
"25492","5410國眾","110/07/14","永興",0,10,-10
"25493","5410國眾","110/07/14","元大-復北",10,0,10
"25494","5410國眾","110/07/14","華南永昌-三重",0,10,-10
"25495","5410國眾","110/07/14","元大-竹科",8,0,8
"25496","5410國眾","110/07/14","元大-苑裡",0,7,-7
"25497","5410國眾","110/07/14","台新-新營",6,0,6
"25498","5410國眾","110/07/14","港商野村",0,6,-6
"25499","5410國眾","110/07/14","日盛-士林",5,0,5
"25500","5410國眾","110/07/14","摩根大通",5,11,-6
"25501","2841台開","110/07/14","凱基-文心",73,0,73
"25502","2841台開","110/07/14","國泰-敦南",0,50,-50
"25503","2841台開","110/07/14","元富-潮州",30,0,30
"25504","2841台開","110/07/14","凱基-中壢",0,40,-40
"25505","2841台開","110/07/14","第一金-台中",20,0,20
"25506","2841台開","110/07/14","統一-新竹",0,24,-24
"25507","2841台開","110/07/14","華南永昌-新莊",20,0,20
"25508","2841台開","110/07/14","元富-草屯",0,20,-20
"25509","2841台開","110/07/14","永豐金-豐原",20,0,20
"25510","2841台開","110/07/14","台新-台南",0,20,-20
"25511","2841台開","110/07/14","國泰-館前",15,0,15
"25512","2841台開","110/07/14","永豐金-敦南",45,63,-18
"25513","2841台開","110/07/14","群益金鼎-基隆",12,0,12
"25514","2841台開","110/07/14","國票-北高雄",0,13,-13
"25515","2841台開","110/07/14","日盛-信義",10,0,10
"25516","2841台開","110/07/14","凱基-松山",0,10,-10
"25517","2841台開","110/07/14","台新-台中",10,0,10
"25518","2841台開","110/07/14","元大證券",0,10,-10
"25519","2841台開","110/07/14","新光",10,1,9
"25520","2841台開","110/07/14","元大-中壢",0,10,-10
"25521","2841台開","110/07/14","凱基-新店",8,0,8
"25522","2841台開","110/07/14","富邦-陽明",1,10,-9
"25523","2841台開","110/07/14","元大-斗信",7,0,7
"25524","2841台開","110/07/14","富邦-建國",0,9,-9
"25525","2841台開","110/07/14","元大-三重",6,0,6
"25526","2841台開","110/07/14","富邦-台南",0,8,-8
"25527","2841台開","110/07/14","永豐金-中和",6,0,6
"25528","2841台開","110/07/14","康和-澎湖",0,7,-7
"25529","2841台開","110/07/14","元富-成功",5,0,5
"25530","2841台開","110/07/14","日盛-斗六",0,6,-6
"25531","6207雷科","110/07/14","群益金鼎-台北",60,0,60
"25532","6207雷科","110/07/14","新加坡商瑞銀",10,56,-46
"25533","6207雷科","110/07/14","台新-高雄",43,3,40
"25534","6207雷科","110/07/14","國票-中和",0,41,-41
"25535","6207雷科","110/07/14","元大-高雄",19,0,19
"25536","6207雷科","110/07/14","元大-復北",0,33,-33
"25537","6207雷科","110/07/14","福勝",15,0,15
"25538","6207雷科","110/07/14","光和-和美",0,20,-20
"25539","6207雷科","110/07/14","群益金鼎-中山",15,0,15
"25540","6207雷科","110/07/14","群益金鼎-丹鳳",0,20,-20
"25541","6207雷科","110/07/14","元大-林園",15,0,15
"25542","6207雷科","110/07/14","第一金-路竹",0,10,-10
"25543","6207雷科","110/07/14","新光",12,0,12
"25544","6207雷科","110/07/14","元大-歸仁",0,10,-10
"25545","6207雷科","110/07/14","元大-大天母",10,0,10
"25546","6207雷科","110/07/14","宏遠-館前",0,9,-9
"25547","6207雷科","110/07/14","永豐金-忠孝",9,0,9
"25548","6207雷科","110/07/14","凱基-台北",12,20,-8
"25549","6207雷科","110/07/14","永豐金-新店",7,0,7
"25550","6207雷科","110/07/14","美林",0,7,-7
"25551","6207雷科","110/07/14","玉山-嘉義",6,0,6
"25552","6207雷科","110/07/14","摩根大通",16,23,-7
"25553","6207雷科","110/07/14","元大-屏東",6,0,6
"25554","6207雷科","110/07/14","凱基-高雄",1,7,-6
"25555","6207雷科","110/07/14","凱基-大安",5,0,5
"25556","6207雷科","110/07/14","台中銀-豐原",0,5,-5
"25557","6207雷科","110/07/14","富邦-台南",5,0,5
"25558","6207雷科","110/07/14","元大-新竹經國",0,5,-5
"25559","6207雷科","110/07/14","元大-成功",5,0,5
"25560","6207雷科","110/07/14","光和-田中",0,4,-4
"25561","3679新至陞","110/07/14","凱基-台北",31,6,25
"25562","3679新至陞","110/07/14","群益金鼎-東大",0,15,-15
"25563","3679新至陞","110/07/14","華南永昌-新莊",10,0,10
"25564","3679新至陞","110/07/14","瑞士信貸",0,12,-12
"25565","3679新至陞","110/07/14","新加坡商瑞銀",11,3,8
"25566","3679新至陞","110/07/14","群益金鼎-永和",0,10,-10
"25567","3679新至陞","110/07/14","美商高盛",6,0,6
"25568","3679新至陞","110/07/14","元大-成功",5,15,-10
"25569","3679新至陞","110/07/14","第一金-中壢",6,0,6
"25570","3679新至陞","110/07/14","統一-板橋",1,10,-9
"25571","3679新至陞","110/07/14","(牛牛牛)亞-網路",4,0,4
"25572","3679新至陞","110/07/14","玉山-左營",0,5,-5
"25573","3679新至陞","110/07/14","元大-六合",3,0,3
"25574","3679新至陞","110/07/14","群益金鼎-三民",0,4,-4
"25575","3679新至陞","110/07/14","合庫-自強",2,0,2
"25576","3679新至陞","110/07/14","富邦-宜蘭",0,4,-4
"25577","3679新至陞","110/07/14","高橋-內壢",2,0,2
"25578","3679新至陞","110/07/14","永豐金-苓雅",0,3,-3
"25579","3679新至陞","110/07/14","台中銀-員林",2,0,2
"25580","3679新至陞","110/07/14","摩根大通",5,7,-2
"25581","3679新至陞","110/07/14","凱基-高美館",2,0,2
"25582","3679新至陞","110/07/14","元大-板橋三民",0,2,-2
"25583","3679新至陞","110/07/14","元大-福營",2,0,2
"25584","3679新至陞","110/07/14","宏遠-中和",0,1,-1
"25585","3679新至陞","110/07/14","永豐金-松山",2,0,2
"25586","3679新至陞","110/07/14","元富-佳里",0,1,-1
"25587","3679新至陞","110/07/14","永豐金-萬盛",2,0,2
"25588","3679新至陞","110/07/14","(牛牛牛)亞-鑫豐",0,1,-1
"25589","3679新至陞","110/07/14","元富-松德",1,0,1
"25590","3679新至陞","110/07/14","中國信託-中壢",0,1,-1
"25591","2727王品","110/07/14","富邦-左營",102,1,101
"25592","2727王品","110/07/14","統一-城中",100,234,-134
"25593","2727王品","110/07/14","國泰-板橋",105,11,94
"25594","2727王品","110/07/14","富邦-台北",1,125,-124
"25595","2727王品","110/07/14","港商野村",149,72,77
"25596","2727王品","110/07/14","台灣摩根士丹利",1,48,-47
"25597","2727王品","110/07/14","合庫-台中",66,2,64
"25598","2727王品","110/07/14","國票-新莊",0,40,-40
"25599","2727王品","110/07/14","臺銀-金山",63,8,55
"25600","2727王品","110/07/14","永豐金-忠孝",2,39,-37
"25601","2727王品","110/07/14","摩根大通",83,39,44
"25602","2727王品","110/07/14","富邦-彰化",1,34,-33
"25603","2727王品","110/07/14","凱基-台北",84,42,42
"25604","2727王品","110/07/14","康和-高雄",0,30,-30
"25605","2727王品","110/07/14","土銀-台中",35,1,34
"25606","2727王品","110/07/14","安泰",0,26,-26
"25607","2727王品","110/07/14","華南永昌-麻豆",32,1,31
"25608","2727王品","110/07/14","富邦-新竹華信",0,21,-21
"25609","2727王品","110/07/14","元大證券",85,55,30
"25610","2727王品","110/07/14","元大-南崁",1,22,-21
"25611","2727王品","110/07/14","新加坡商瑞銀",40,15,25
"25612","2727王品","110/07/14","彰銀-台中",0,18,-18
"25613","2727王品","110/07/14","日盛-八德",19,0,19
"25614","2727王品","110/07/14","元富-同大",2,20,-18
"25615","2727王品","110/07/14","統一",35,17,18
"25616","2727王品","110/07/14","玉山-嘉義",1,17,-16
"25617","2727王品","110/07/14","元富-大昌",18,1,17
"25618","2727王品","110/07/14","國泰-館前",4,20,-16
"25619","2727王品","110/07/14","玉山-板橋",15,1,14
"25620","2727王品","110/07/14","第一金-嘉義",1,13,-12
"25621","1570力肯","110/07/14","國票-北高雄",68,0,68
"25622","1570力肯","110/07/14","摩根大通",0,21,-21
"25623","1570力肯","110/07/14","日盛-八德",30,1,29
"25624","1570力肯","110/07/14","新光",1,19,-18
"25625","1570力肯","110/07/14","玉山-高雄",7,0,7
"25626","1570力肯","110/07/14","(牛牛牛)亞-鑫豐",0,17,-17
"25627","1570力肯","110/07/14","臺銀-臺南",5,0,5
"25628","1570力肯","110/07/14","日盛-士林",0,10,-10
"25629","1570力肯","110/07/14","凱基-三峽",5,0,5
"25630","1570力肯","110/07/14","統一-員林",0,10,-10
"25631","1570力肯","110/07/14","元大-和平",5,0,5
"25632","1570力肯","110/07/14","國票-新莊",0,10,-10
"25633","1570力肯","110/07/14","合庫-三重",4,0,4
"25634","1570力肯","110/07/14","凱基-高美館",0,10,-10
"25635","1570力肯","110/07/14","瑞士信貸",4,0,4
"25636","1570力肯","110/07/14","元大-屏東民生",0,5,-5
"25637","1570力肯","110/07/14","統一-三多",4,0,4
"25638","1570力肯","110/07/14","元大-古亭",0,5,-5
"25639","1570力肯","110/07/14","華南永昌-古亭",4,0,4
"25640","1570力肯","110/07/14","日盛-木柵",0,4,-4
"25641","1570力肯","110/07/14","元大-高雄",3,0,3
"25642","1570力肯","110/07/14","大昌",0,4,-4
"25643","1570力肯","110/07/14","兆豐-忠孝",2,0,2
"25644","1570力肯","110/07/14","群益金鼎-東大",0,4,-4
"25645","1570力肯","110/07/14","富邦-陽明",2,0,2
"25646","1570力肯","110/07/14","凱基-台北",0,4,-4
"25647","1570力肯","110/07/14","元大-松山",2,0,2
"25648","1570力肯","110/07/14","元大-板橋",0,4,-4
"25649","1570力肯","110/07/14","元大-忠孝",2,0,2
"25650","1570力肯","110/07/14","第一金-中山",0,3,-3
"25651","6180橘子","110/07/14","新加坡商瑞銀",84,28,56
"25652","6180橘子","110/07/14","凱基-台北",4,37,-33
"25653","6180橘子","110/07/14","日盛-信義",29,1,28
"25654","6180橘子","110/07/14","玉山-台南",1,22,-21
"25655","6180橘子","110/07/14","豐農",28,4,24
"25656","6180橘子","110/07/14","日盛-新竹",1,21,-20
"25657","6180橘子","110/07/14","新光-新竹",24,1,23
"25658","6180橘子","110/07/14","元富-潮州",0,19,-19
"25659","6180橘子","110/07/14","華南永昌-高雄",20,0,20
"25660","6180橘子","110/07/14","元大-信義",0,17,-17
"25661","6180橘子","110/07/14","元大-羅東",20,0,20
"25662","6180橘子","110/07/14","台灣企銀-台中",1,16,-15
"25663","6180橘子","110/07/14","元大-台中中港",20,0,20
"25664","6180橘子","110/07/14","元大-北港",0,15,-15
"25665","6180橘子","110/07/14","富邦-嘉義",24,5,19
"25666","6180橘子","110/07/14","富邦-高雄",0,14,-14
"25667","6180橘子","110/07/14","富邦-仁愛",15,0,15
"25668","6180橘子","110/07/14","兆豐-埔墘",0,13,-13
"25669","6180橘子","110/07/14","國票-九鼎",13,0,13
"25670","6180橘子","110/07/14","第一金-中山",0,10,-10
"25671","6180橘子","110/07/14","日盛-木柵",12,0,12
"25672","6180橘子","110/07/14","元大-彰化民生",0,10,-10
"25673","6180橘子","110/07/14","元大-成功",10,0,10
"25674","6180橘子","110/07/14","福勝",1,10,-9
"25675","6180橘子","110/07/14","港商野村",10,2,8
"25676","6180橘子","110/07/14","群益金鼎-丹鳳",1,10,-9
"25677","6180橘子","110/07/14","玉山-左營",8,0,8
"25678","6180橘子","110/07/14","群益金鼎-板橋",0,8,-8
"25679","6180橘子","110/07/14","富邦-陽明",16,8,8
"25680","6180橘子","110/07/14","合庫-鳳山",0,7,-7
"25681","2390云辰","110/07/14","摩根大通",995,198,797
"25682","2390云辰","110/07/14","新加坡商瑞銀",28,399,-371
"25683","2390云辰","110/07/14","美林",383,22,361
"25684","2390云辰","110/07/14","凱基-新豐",3,198,-195
"25685","2390云辰","110/07/14","台灣摩根士丹利",684,358,326
"25686","2390云辰","110/07/14","元大-士林",1,152,-151
"25687","2390云辰","110/07/14","凱基-台北",656,402,254
"25688","2390云辰","110/07/14","元大-竹山",80,181,-101
"25689","2390云辰","110/07/14","日盛-和美",110,5,105
"25690","2390云辰","110/07/14","群益金鼎-開元",19,95,-76
"25691","2390云辰","110/07/14","元大-天母",72,0,72
"25692","2390云辰","110/07/14","新光",77,150,-73
"25693","2390云辰","110/07/14","永豐金-松山",57,0,57
"25694","2390云辰","110/07/14","元富-高雄",0,71,-71
"25695","2390云辰","110/07/14","統一-屏東",53,0,53
"25696","2390云辰","110/07/14","元大-土城學府",130,201,-71
"25697","2390云辰","110/07/14","港商野村",486,450,36
"25698","2390云辰","110/07/14","元大-善化",12,76,-64
"25699","2390云辰","110/07/14","致和-崇德",30,0,30
"25700","2390云辰","110/07/14","華南永昌-岡山",23,81,-58
"25701","2390云辰","110/07/14","富邦-台北",40,14,26
"25702","2390云辰","110/07/14","群益金鼎-大興",82,125,-43
"25703","2390云辰","110/07/14","台新-高雄",38,13,25
"25704","2390云辰","110/07/14","大慶-中壢",0,41,-41
"25705","2390云辰","110/07/14","富邦-板橋",32,7,25
"25706","2390云辰","110/07/14","玉山-板橋",6,47,-41
"25707","2390云辰","110/07/14","陽信-石牌",24,0,24
"25708","2390云辰","110/07/14","富邦-台東",2,42,-40
"25709","2390云辰","110/07/14","凱基-屏東",32,8,24
"25710","2390云辰","110/07/14","元大-新營",3,42,-39
"25711","2363矽統","110/07/14","台灣摩根士丹利",463,0,463
"25712","2363矽統","110/07/14","新加坡商瑞銀",568,1321,-753
"25713","2363矽統","110/07/14","台新證券",750,342,408
"25714","2363矽統","110/07/14","瑞士信貸",149,864,-715
"25715","2363矽統","110/07/14","玉山-台中",363,51,312
"25716","2363矽統","110/07/14","台新-屏東",115,380,-265
"25717","2363矽統","110/07/14","元大-斗六",223,25,198
"25718","2363矽統","110/07/14","永豐金證券",16,265,-249
"25719","2363矽統","110/07/14","華南永昌-朴子",208,38,170
"25720","2363矽統","110/07/14","美林",462,701,-239
"25721","2363矽統","110/07/14","元富-西松",169,12,157
"25722","2363矽統","110/07/14","宏遠-桃園",269,500,-231
"25723","2363矽統","110/07/14","永豐金-大園",146,6,140
"25724","2363矽統","110/07/14","凱基-竹北",36,254,-218
"25725","2363矽統","110/07/14","土銀-和平",134,0,134
"25726","2363矽統","110/07/14","港商法國興業",0,214,-214
"25727","2363矽統","110/07/14","富邦-新營",130,13,117
"25728","2363矽統","110/07/14","港商野村",835,1044,-209
"25729","2363矽統","110/07/14","元富-成功",118,11,107
"25730","2363矽統","110/07/14","北城證券",212,411,-199
"25731","2363矽統","110/07/14","元富-烏日",121,18,103
"25732","2363矽統","110/07/14","(牛牛牛)亞-鑫豐",51,241,-190
"25733","2363矽統","110/07/14","日盛-二林",120,18,102
"25734","2363矽統","110/07/14","國票-博愛",24,213,-189
"25735","2363矽統","110/07/14","兆豐-忠孝",98,2,96
"25736","2363矽統","110/07/14","大慶-蘆洲",134,316,-182
"25737","2363矽統","110/07/14","大慶-楊梅",92,3,89
"25738","2363矽統","110/07/14","彰銀-台中",15,193,-178
"25739","2363矽統","110/07/14","元富-三重",120,33,87
"25740","2363矽統","110/07/14","日盛-和美",18,185,-167
"25741","8112至上","110/07/14","新加坡商瑞銀",223,17,206
"25742","8112至上","110/07/14","瑞士信貸",8,170,-162
"25743","8112至上","110/07/14","摩根大通",285,129,156
"25744","8112至上","110/07/14","美林",55,202,-147
"25745","8112至上","110/07/14","花旗環球",124,0,124
"25746","8112至上","110/07/14","凱基-台北",325,436,-111
"25747","8112至上","110/07/14","兆豐-公益",117,4,113
"25748","8112至上","110/07/14","台中銀-台北",0,98,-98
"25749","8112至上","110/07/14","香港上海匯豐",111,0,111
"25750","8112至上","110/07/14","玉山-台大",17,107,-90
"25751","8112至上","110/07/14","永豐金-內湖",117,21,96
"25752","8112至上","110/07/14","康和-內湖",1,90,-89
"25753","8112至上","110/07/14","台灣摩根士丹利",108,16,92
"25754","8112至上","110/07/14","港商野村",21,84,-63
"25755","8112至上","110/07/14","元大-東蘆",77,0,77
"25756","8112至上","110/07/14","兆豐-北高雄",1,60,-59
"25757","8112至上","110/07/14","新光",108,48,60
"25758","8112至上","110/07/14","群益金鼎-海山",1,52,-51
"25759","8112至上","110/07/14","大慶-蘆洲",59,0,59
"25760","8112至上","110/07/14","群益金鼎-大安",0,50,-50
"25761","8112至上","110/07/14","華南永昌-台中",56,3,53
"25762","8112至上","110/07/14","富邦-仁愛",2,49,-47
"25763","8112至上","110/07/14","土銀-嘉義",52,2,50
"25764","8112至上","110/07/14","元大-金華",0,42,-42
"25765","8112至上","110/07/14","美商高盛",40,0,40
"25766","8112至上","110/07/14","元大-內湖",4,43,-39
"25767","8112至上","110/07/14","臺銀",63,29,34
"25768","8112至上","110/07/14","第一金-華江",2,37,-35
"25769","8112至上","110/07/14","元富-嘉義",31,0,31
"25770","8112至上","110/07/14","永豐金-苓雅",2,34,-32
"25771","1570力肯","110/07/14","國票-北高雄",68,0,68
"25772","1570力肯","110/07/14","摩根大通",0,21,-21
"25773","1570力肯","110/07/14","日盛-八德",30,1,29
"25774","1570力肯","110/07/14","新光",1,19,-18
"25775","1570力肯","110/07/14","玉山-高雄",7,0,7
"25776","1570力肯","110/07/14","(牛牛牛)亞-鑫豐",0,17,-17
"25777","1570力肯","110/07/14","臺銀-臺南",5,0,5
"25778","1570力肯","110/07/14","日盛-士林",0,10,-10
"25779","1570力肯","110/07/14","凱基-三峽",5,0,5
"25780","1570力肯","110/07/14","統一-員林",0,10,-10
"25781","1570力肯","110/07/14","元大-和平",5,0,5
"25782","1570力肯","110/07/14","國票-新莊",0,10,-10
"25783","1570力肯","110/07/14","合庫-三重",4,0,4
"25784","1570力肯","110/07/14","凱基-高美館",0,10,-10
"25785","1570力肯","110/07/14","瑞士信貸",4,0,4
"25786","1570力肯","110/07/14","元大-屏東民生",0,5,-5
"25787","1570力肯","110/07/14","統一-三多",4,0,4
"25788","1570力肯","110/07/14","元大-古亭",0,5,-5
"25789","1570力肯","110/07/14","華南永昌-古亭",4,0,4
"25790","1570力肯","110/07/14","日盛-木柵",0,4,-4
"25791","1570力肯","110/07/14","元大-高雄",3,0,3
"25792","1570力肯","110/07/14","大昌",0,4,-4
"25793","1570力肯","110/07/14","兆豐-忠孝",2,0,2
"25794","1570力肯","110/07/14","群益金鼎-東大",0,4,-4
"25795","1570力肯","110/07/14","富邦-陽明",2,0,2
"25796","1570力肯","110/07/14","凱基-台北",0,4,-4
"25797","1570力肯","110/07/14","元大-松山",2,0,2
"25798","1570力肯","110/07/14","元大-板橋",0,4,-4
"25799","1570力肯","110/07/14","元大-忠孝",2,0,2
"25800","1570力肯","110/07/14","第一金-中山",0,3,-3
"25801","2929淘帝","110/07/14","華南永昌-林口",60,0,60
"25802","2929淘帝","110/07/14","群益金鼎",25,540,-515
"25803","2929淘帝","110/07/14","美林",87,31,56
"25804","2929淘帝","110/07/14","國泰-台南",1,30,-29
"25805","2929淘帝","110/07/14","元富-台南",40,0,40
"25806","2929淘帝","110/07/14","宏遠-桃園",0,20,-20
"25807","2929淘帝","110/07/14","元大-民生",39,0,39
"25808","2929淘帝","110/07/14","摩根大通",11,31,-20
"25809","2929淘帝","110/07/14","臺銀-鳳山",34,0,34
"25810","2929淘帝","110/07/14","台新-建北",5,20,-15
"25811","2929淘帝","110/07/14","合庫-高雄",34,1,33
"25812","2929淘帝","110/07/14","新光",1,16,-15
"25813","2929淘帝","110/07/14","華南永昌-鶯歌",28,0,28
"25814","2929淘帝","110/07/14","玉山-板橋",0,15,-15
"25815","2929淘帝","110/07/14","永興",25,0,25
"25816","2929淘帝","110/07/14","凱基-羅東",0,15,-15
"25817","2929淘帝","110/07/14","元大-新盛",25,1,24
"25818","2929淘帝","110/07/14","元大-頭份",0,15,-15
"25819","2929淘帝","110/07/14","日盛-南京",23,0,23
"25820","2929淘帝","110/07/14","第一金-台南",0,13,-13
"25821","2929淘帝","110/07/14","日茂",20,0,20
"25822","2929淘帝","110/07/14","富邦-基隆",0,12,-12
"25823","2929淘帝","110/07/14","台新-台中",20,0,20
"25824","2929淘帝","110/07/14","日茂-南投",1,12,-11
"25825","2929淘帝","110/07/14","華南永昌",20,0,20
"25826","2929淘帝","110/07/14","元大-豐原站前",0,11,-11
"25827","2929淘帝","110/07/14","福勝",15,0,15
"25828","2929淘帝","110/07/14","玉山-士林",0,10,-10
"25829","2929淘帝","110/07/14","富邦-南屯",15,0,15
"25830","2929淘帝","110/07/14","富邦-台北",0,10,-10
"25831","5410國眾","110/07/14","兆豐-城中",35,0,35
"25832","5410國眾","110/07/14","瑞士信貸",0,29,-29
"25833","5410國眾","110/07/14","新光",21,1,20
"25834","5410國眾","110/07/14","國泰-板橋",1,30,-29
"25835","5410國眾","110/07/14","國泰-敦南",21,1,20
"25836","5410國眾","110/07/14","日盛-高雄",0,20,-20
"25837","5410國眾","110/07/14","國泰-台中",20,1,19
"25838","5410國眾","110/07/14","台新-左楠",1,20,-19
"25839","5410國眾","110/07/14","元大-崇德",19,0,19
"25840","5410國眾","110/07/14","元富-大昌",1,18,-17
"25841","5410國眾","110/07/14","土銀-士林",18,0,18
"25842","5410國眾","110/07/14","富邦-建國",0,15,-15
"25843","5410國眾","110/07/14","元大-新盛",20,2,18
"25844","5410國眾","110/07/14","元富-嘉義",0,12,-12
"25845","5410國眾","110/07/14","兆豐-高雄",15,0,15
"25846","5410國眾","110/07/14","永全-南崁",0,12,-12
"25847","5410國眾","110/07/14","宏遠-中和",10,0,10
"25848","5410國眾","110/07/14","元大-員林",0,11,-11
"25849","5410國眾","110/07/14","新光-桃園",10,0,10
"25850","5410國眾","110/07/14","高橋",0,10,-10
"25851","5410國眾","110/07/14","國泰-台南",10,0,10
"25852","5410國眾","110/07/14","永興",0,10,-10
"25853","5410國眾","110/07/14","元大-復北",10,0,10
"25854","5410國眾","110/07/14","華南永昌-三重",0,10,-10
"25855","5410國眾","110/07/14","元大-竹科",8,0,8
"25856","5410國眾","110/07/14","元大-苑裡",0,7,-7
"25857","5410國眾","110/07/14","台新-新營",6,0,6
"25858","5410國眾","110/07/14","港商野村",0,6,-6
"25859","5410國眾","110/07/14","日盛-士林",5,0,5
"25860","5410國眾","110/07/14","摩根大通",5,11,-6
"25861","2841台開","110/07/14","凱基-文心",73,0,73
"25862","2841台開","110/07/14","國泰-敦南",0,50,-50
"25863","2841台開","110/07/14","元富-潮州",30,0,30
"25864","2841台開","110/07/14","凱基-中壢",0,40,-40
"25865","2841台開","110/07/14","第一金-台中",20,0,20
"25866","2841台開","110/07/14","統一-新竹",0,24,-24
"25867","2841台開","110/07/14","華南永昌-新莊",20,0,20
"25868","2841台開","110/07/14","元富-草屯",0,20,-20
"25869","2841台開","110/07/14","永豐金-豐原",20,0,20
"25870","2841台開","110/07/14","台新-台南",0,20,-20
"25871","2841台開","110/07/14","國泰-館前",15,0,15
"25872","2841台開","110/07/14","永豐金-敦南",45,63,-18
"25873","2841台開","110/07/14","群益金鼎-基隆",12,0,12
"25874","2841台開","110/07/14","國票-北高雄",0,13,-13
"25875","2841台開","110/07/14","日盛-信義",10,0,10
"25876","2841台開","110/07/14","凱基-松山",0,10,-10
"25877","2841台開","110/07/14","台新-台中",10,0,10
"25878","2841台開","110/07/14","元大證券",0,10,-10
"25879","2841台開","110/07/14","新光",10,1,9
"25880","2841台開","110/07/14","元大-中壢",0,10,-10
"25881","2841台開","110/07/14","凱基-新店",8,0,8
"25882","2841台開","110/07/14","富邦-陽明",1,10,-9
"25883","2841台開","110/07/14","元大-斗信",7,0,7
"25884","2841台開","110/07/14","富邦-建國",0,9,-9
"25885","2841台開","110/07/14","元大-三重",6,0,6
"25886","2841台開","110/07/14","富邦-台南",0,8,-8
"25887","2841台開","110/07/14","永豐金-中和",6,0,6
"25888","2841台開","110/07/14","康和-澎湖",0,7,-7
"25889","2841台開","110/07/14","元富-成功",5,0,5
"25890","2841台開","110/07/14","日盛-斗六",0,6,-6
"25891","6207雷科","110/07/14","群益金鼎-台北",60,0,60
"25892","6207雷科","110/07/14","新加坡商瑞銀",10,56,-46
"25893","6207雷科","110/07/14","台新-高雄",43,3,40
"25894","6207雷科","110/07/14","國票-中和",0,41,-41
"25895","6207雷科","110/07/14","元大-高雄",19,0,19
"25896","6207雷科","110/07/14","元大-復北",0,33,-33
"25897","6207雷科","110/07/14","福勝",15,0,15
"25898","6207雷科","110/07/14","光和-和美",0,20,-20
"25899","6207雷科","110/07/14","群益金鼎-中山",15,0,15
"25900","6207雷科","110/07/14","群益金鼎-丹鳳",0,20,-20
"25901","6207雷科","110/07/14","元大-林園",15,0,15
"25902","6207雷科","110/07/14","第一金-路竹",0,10,-10
"25903","6207雷科","110/07/14","新光",12,0,12
"25904","6207雷科","110/07/14","元大-歸仁",0,10,-10
"25905","6207雷科","110/07/14","元大-大天母",10,0,10
"25906","6207雷科","110/07/14","宏遠-館前",0,9,-9
"25907","6207雷科","110/07/14","永豐金-忠孝",9,0,9
"25908","6207雷科","110/07/14","凱基-台北",12,20,-8
"25909","6207雷科","110/07/14","永豐金-新店",7,0,7
"25910","6207雷科","110/07/14","美林",0,7,-7
"25911","6207雷科","110/07/14","玉山-嘉義",6,0,6
"25912","6207雷科","110/07/14","摩根大通",16,23,-7
"25913","6207雷科","110/07/14","元大-屏東",6,0,6
"25914","6207雷科","110/07/14","凱基-高雄",1,7,-6
"25915","6207雷科","110/07/14","凱基-大安",5,0,5
"25916","6207雷科","110/07/14","台中銀-豐原",0,5,-5
"25917","6207雷科","110/07/14","富邦-台南",5,0,5
"25918","6207雷科","110/07/14","元大-新竹經國",0,5,-5
"25919","6207雷科","110/07/14","元大-成功",5,0,5
"25920","6207雷科","110/07/14","光和-田中",0,4,-4
"25921","3679新至陞","110/07/14","凱基-台北",31,6,25
"25922","3679新至陞","110/07/14","群益金鼎-東大",0,15,-15
"25923","3679新至陞","110/07/14","華南永昌-新莊",10,0,10
"25924","3679新至陞","110/07/14","瑞士信貸",0,12,-12
"25925","3679新至陞","110/07/14","新加坡商瑞銀",11,3,8
"25926","3679新至陞","110/07/14","群益金鼎-永和",0,10,-10
"25927","3679新至陞","110/07/14","美商高盛",6,0,6
"25928","3679新至陞","110/07/14","元大-成功",5,15,-10
"25929","3679新至陞","110/07/14","第一金-中壢",6,0,6
"25930","3679新至陞","110/07/14","統一-板橋",1,10,-9
"25931","3679新至陞","110/07/14","(牛牛牛)亞-網路",4,0,4
"25932","3679新至陞","110/07/14","玉山-左營",0,5,-5
"25933","3679新至陞","110/07/14","元大-六合",3,0,3
"25934","3679新至陞","110/07/14","群益金鼎-三民",0,4,-4
"25935","3679新至陞","110/07/14","合庫-自強",2,0,2
"25936","3679新至陞","110/07/14","富邦-宜蘭",0,4,-4
"25937","3679新至陞","110/07/14","高橋-內壢",2,0,2
"25938","3679新至陞","110/07/14","永豐金-苓雅",0,3,-3
"25939","3679新至陞","110/07/14","台中銀-員林",2,0,2
"25940","3679新至陞","110/07/14","摩根大通",5,7,-2
"25941","3679新至陞","110/07/14","凱基-高美館",2,0,2
"25942","3679新至陞","110/07/14","元大-板橋三民",0,2,-2
"25943","3679新至陞","110/07/14","元大-福營",2,0,2
"25944","3679新至陞","110/07/14","宏遠-中和",0,1,-1
"25945","3679新至陞","110/07/14","永豐金-松山",2,0,2
"25946","3679新至陞","110/07/14","元富-佳里",0,1,-1
"25947","3679新至陞","110/07/14","永豐金-萬盛",2,0,2
"25948","3679新至陞","110/07/14","(牛牛牛)亞-鑫豐",0,1,-1
"25949","3679新至陞","110/07/14","元富-松德",1,0,1
"25950","3679新至陞","110/07/14","中國信託-中壢",0,1,-1
"25951","2727王品","110/07/14","富邦-左營",102,1,101
"25952","2727王品","110/07/14","統一-城中",100,234,-134
"25953","2727王品","110/07/14","國泰-板橋",105,11,94
"25954","2727王品","110/07/14","富邦-台北",1,125,-124
"25955","2727王品","110/07/14","港商野村",149,72,77
"25956","2727王品","110/07/14","台灣摩根士丹利",1,48,-47
"25957","2727王品","110/07/14","合庫-台中",66,2,64
"25958","2727王品","110/07/14","國票-新莊",0,40,-40
"25959","2727王品","110/07/14","臺銀-金山",63,8,55
"25960","2727王品","110/07/14","永豐金-忠孝",2,39,-37
"25961","2727王品","110/07/14","摩根大通",83,39,44
"25962","2727王品","110/07/14","富邦-彰化",1,34,-33
"25963","2727王品","110/07/14","凱基-台北",84,42,42
"25964","2727王品","110/07/14","康和-高雄",0,30,-30
"25965","2727王品","110/07/14","土銀-台中",35,1,34
"25966","2727王品","110/07/14","安泰",0,26,-26
"25967","2727王品","110/07/14","華南永昌-麻豆",32,1,31
"25968","2727王品","110/07/14","富邦-新竹華信",0,21,-21
"25969","2727王品","110/07/14","元大證券",85,55,30
"25970","2727王品","110/07/14","元大-南崁",1,22,-21
"25971","2727王品","110/07/14","新加坡商瑞銀",40,15,25
"25972","2727王品","110/07/14","彰銀-台中",0,18,-18
"25973","2727王品","110/07/14","日盛-八德",19,0,19
"25974","2727王品","110/07/14","元富-同大",2,20,-18
"25975","2727王品","110/07/14","統一",35,17,18
"25976","2727王品","110/07/14","玉山-嘉義",1,17,-16
"25977","2727王品","110/07/14","元富-大昌",18,1,17
"25978","2727王品","110/07/14","國泰-館前",4,20,-16
"25979","2727王品","110/07/14","玉山-板橋",15,1,14
"25980","2727王品","110/07/14","第一金-嘉義",1,13,-12
"25981","1570力肯","110/07/14","國票-北高雄",68,0,68
"25982","1570力肯","110/07/14","摩根大通",0,21,-21
"25983","1570力肯","110/07/14","日盛-八德",30,1,29
"25984","1570力肯","110/07/14","新光",1,19,-18
"25985","1570力肯","110/07/14","玉山-高雄",7,0,7
"25986","1570力肯","110/07/14","(牛牛牛)亞-鑫豐",0,17,-17
"25987","1570力肯","110/07/14","臺銀-臺南",5,0,5
"25988","1570力肯","110/07/14","日盛-士林",0,10,-10
"25989","1570力肯","110/07/14","凱基-三峽",5,0,5
"25990","1570力肯","110/07/14","統一-員林",0,10,-10
"25991","1570力肯","110/07/14","元大-和平",5,0,5
"25992","1570力肯","110/07/14","國票-新莊",0,10,-10
"25993","1570力肯","110/07/14","合庫-三重",4,0,4
"25994","1570力肯","110/07/14","凱基-高美館",0,10,-10
"25995","1570力肯","110/07/14","瑞士信貸",4,0,4
"25996","1570力肯","110/07/14","元大-屏東民生",0,5,-5
"25997","1570力肯","110/07/14","統一-三多",4,0,4
"25998","1570力肯","110/07/14","元大-古亭",0,5,-5
"25999","1570力肯","110/07/14","華南永昌-古亭",4,0,4
"26000","1570力肯","110/07/14","日盛-木柵",0,4,-4
"26001","1570力肯","110/07/14","元大-高雄",3,0,3
"26002","1570力肯","110/07/14","大昌",0,4,-4
"26003","1570力肯","110/07/14","兆豐-忠孝",2,0,2
"26004","1570力肯","110/07/14","群益金鼎-東大",0,4,-4
"26005","1570力肯","110/07/14","富邦-陽明",2,0,2
"26006","1570力肯","110/07/14","凱基-台北",0,4,-4
"26007","1570力肯","110/07/14","元大-松山",2,0,2
"26008","1570力肯","110/07/14","元大-板橋",0,4,-4
"26009","1570力肯","110/07/14","元大-忠孝",2,0,2
"26010","1570力肯","110/07/14","第一金-中山",0,3,-3
"26011","6180橘子","110/07/14","新加坡商瑞銀",84,28,56
"26012","6180橘子","110/07/14","凱基-台北",4,37,-33
"26013","6180橘子","110/07/14","日盛-信義",29,1,28
"26014","6180橘子","110/07/14","玉山-台南",1,22,-21
"26015","6180橘子","110/07/14","豐農",28,4,24
"26016","6180橘子","110/07/14","日盛-新竹",1,21,-20
"26017","6180橘子","110/07/14","新光-新竹",24,1,23
"26018","6180橘子","110/07/14","元富-潮州",0,19,-19
"26019","6180橘子","110/07/14","華南永昌-高雄",20,0,20
"26020","6180橘子","110/07/14","元大-信義",0,17,-17
"26021","6180橘子","110/07/14","元大-羅東",20,0,20
"26022","6180橘子","110/07/14","台灣企銀-台中",1,16,-15
"26023","6180橘子","110/07/14","元大-台中中港",20,0,20
"26024","6180橘子","110/07/14","元大-北港",0,15,-15
"26025","6180橘子","110/07/14","富邦-嘉義",24,5,19
"26026","6180橘子","110/07/14","富邦-高雄",0,14,-14
"26027","6180橘子","110/07/14","富邦-仁愛",15,0,15
"26028","6180橘子","110/07/14","兆豐-埔墘",0,13,-13
"26029","6180橘子","110/07/14","國票-九鼎",13,0,13
"26030","6180橘子","110/07/14","第一金-中山",0,10,-10
"26031","6180橘子","110/07/14","日盛-木柵",12,0,12
"26032","6180橘子","110/07/14","元大-彰化民生",0,10,-10
"26033","6180橘子","110/07/14","元大-成功",10,0,10
"26034","6180橘子","110/07/14","福勝",1,10,-9
"26035","6180橘子","110/07/14","港商野村",10,2,8
"26036","6180橘子","110/07/14","群益金鼎-丹鳳",1,10,-9
"26037","6180橘子","110/07/14","玉山-左營",8,0,8
"26038","6180橘子","110/07/14","群益金鼎-板橋",0,8,-8
"26039","6180橘子","110/07/14","富邦-陽明",16,8,8
"26040","6180橘子","110/07/14","合庫-鳳山",0,7,-7
"26041","2390云辰","110/07/14","摩根大通",995,198,797
"26042","2390云辰","110/07/14","新加坡商瑞銀",28,399,-371
"26043","2390云辰","110/07/14","美林",383,22,361
"26044","2390云辰","110/07/14","凱基-新豐",3,198,-195
"26045","2390云辰","110/07/14","台灣摩根士丹利",684,358,326
"26046","2390云辰","110/07/14","元大-士林",1,152,-151
"26047","2390云辰","110/07/14","凱基-台北",656,402,254
"26048","2390云辰","110/07/14","元大-竹山",80,181,-101
"26049","2390云辰","110/07/14","日盛-和美",110,5,105
"26050","2390云辰","110/07/14","群益金鼎-開元",19,95,-76
"26051","2390云辰","110/07/14","元大-天母",72,0,72
"26052","2390云辰","110/07/14","新光",77,150,-73
"26053","2390云辰","110/07/14","永豐金-松山",57,0,57
"26054","2390云辰","110/07/14","元富-高雄",0,71,-71
"26055","2390云辰","110/07/14","統一-屏東",53,0,53
"26056","2390云辰","110/07/14","元大-土城學府",130,201,-71
"26057","2390云辰","110/07/14","港商野村",486,450,36
"26058","2390云辰","110/07/14","元大-善化",12,76,-64
"26059","2390云辰","110/07/14","致和-崇德",30,0,30
"26060","2390云辰","110/07/14","華南永昌-岡山",23,81,-58
"26061","2390云辰","110/07/14","富邦-台北",40,14,26
"26062","2390云辰","110/07/14","群益金鼎-大興",82,125,-43
"26063","2390云辰","110/07/14","台新-高雄",38,13,25
"26064","2390云辰","110/07/14","大慶-中壢",0,41,-41
"26065","2390云辰","110/07/14","富邦-板橋",32,7,25
"26066","2390云辰","110/07/14","玉山-板橋",6,47,-41
"26067","2390云辰","110/07/14","陽信-石牌",24,0,24
"26068","2390云辰","110/07/14","富邦-台東",2,42,-40
"26069","2390云辰","110/07/14","凱基-屏東",32,8,24
"26070","2390云辰","110/07/14","元大-新營",3,42,-39
"26071","2363矽統","110/07/13","凱基-南崁",2133,63,2070
"26072","2363矽統","110/07/13","凱基-幸福",36,4048,-4012
"26073","2363矽統","110/07/13","國泰-敦南",2195,1617,578
"26074","2363矽統","110/07/13","統一",192,3325,-3133
"26075","2363矽統","110/07/13","中農",670,139,531
"26076","2363矽統","110/07/13","新加坡商瑞銀",1000,2747,-1747
"26077","2363矽統","110/07/13","康和-台中",638,154,484
"26078","2363矽統","110/07/13","凱基-台北",5359,6609,-1250
"26079","2363矽統","110/07/13","群益金鼎-三民",577,137,440
"26080","2363矽統","110/07/13","摩根大通",1930,2858,-928
"26081","2363矽統","110/07/13","台新-屏東",510,88,422
"26082","2363矽統","110/07/13","港商野村",960,1679,-719
"26083","2363矽統","110/07/13","德信-中正",455,67,388
"26084","2363矽統","110/07/13","兆豐-復興",25,705,-680
"26085","2363矽統","110/07/13","日盛-竹北",365,70,295
"26086","2363矽統","110/07/13","統一-仁愛",114,755,-641
"26087","2363矽統","110/07/13","元大-佳里",452,189,263
"26088","2363矽統","110/07/13","統一-敦南",29,638,-609
"26089","2363矽統","110/07/13","國票-博愛",296,38,258
"26090","2363矽統","110/07/13","統一-土城",100,704,-604
"26091","2363矽統","110/07/13","元大-萬華",340,95,245
"26092","2363矽統","110/07/13","統一-城中",116,676,-560
"26093","2363矽統","110/07/13","新光",1259,1031,228
"26094","2363矽統","110/07/13","永豐金證券",306,859,-553
"26095","2363矽統","110/07/13","元富-成功",323,96,227
"26096","2363矽統","110/07/13","元富",54,567,-513
"26097","2363矽統","110/07/13","豐農",228,23,205
"26098","2363矽統","110/07/13","瑞士信貸",202,666,-464
"26099","2363矽統","110/07/13","台灣企銀-岡山",186,4,182
"26100","2363矽統","110/07/13","永豐金-嘉義",67,468,-401
"26101","8112至上","110/07/13","摩根大通",688,296,392
"26102","8112至上","110/07/13","國票-中和",0,401,-401
"26103","8112至上","110/07/13","港商野村",344,145,199
"26104","8112至上","110/07/13","永豐金-板盛",0,205,-205
"26105","8112至上","110/07/13","兆豐-公益",195,5,190
"26106","8112至上","110/07/13","凱基-五股",43,155,-112
"26107","8112至上","110/07/13","台灣摩根士丹利",183,0,183
"26108","8112至上","110/07/13","凱基-市政",0,100,-100
"26109","8112至上","110/07/13","群益金鼎-敦南",153,2,151
"26110","8112至上","110/07/13","元大-大里德芳",1,92,-91
"26111","8112至上","110/07/13","臺銀-金山",146,26,120
"26112","8112至上","110/07/13","玉山-桃園",26,110,-84
"26113","8112至上","110/07/13","臺銀",133,19,114
"26114","8112至上","110/07/13","兆豐-天母",0,81,-81
"26115","8112至上","110/07/13","合庫-台中",115,6,109
"26116","8112至上","110/07/13","凱基-城中",3,84,-81
"26117","8112至上","110/07/13","亞東-板橋",134,26,108
"26118","8112至上","110/07/13","日盛-新莊",9,85,-76
"26119","8112至上","110/07/13","凱基-台北",414,326,88
"26120","8112至上","110/07/13","日盛-台中",2,64,-62
"26121","8112至上","110/07/13","新加坡商瑞銀",181,100,81
"26122","8112至上","110/07/13","日盛-中壢",3,64,-61
"26123","8112至上","110/07/13","國泰-敦南",108,31,77
"26124","8112至上","110/07/13","元大-台中",2,59,-57
"26125","8112至上","110/07/13","第一金-華江",77,4,73
"26126","8112至上","110/07/13","元大-雙和",7,64,-57
"26127","8112至上","110/07/13","永豐金-內湖",73,1,72
"26128","8112至上","110/07/13","元大-高雄",8,62,-54
"26129","8112至上","110/07/13","元大-永和",68,1,67
"26130","8112至上","110/07/13","元大-館前",2,55,-53
"26131","1570力肯","110/07/13","新光",115,11,104
"26132","1570力肯","110/07/13","元大-北三重",0,162,-162
"26133","1570力肯","110/07/13","群益金鼎-高雄",54,0,54
"26134","1570力肯","110/07/13","元大-大灣",0,25,-25
"26135","1570力肯","110/07/13","國票-新莊",22,0,22
"26136","1570力肯","110/07/13","永豐金-苓雅",0,22,-22
"26137","1570力肯","110/07/13","日盛-桃園",12,0,12
"26138","1570力肯","110/07/13","永豐金-永康",0,19,-19
"26139","1570力肯","110/07/13","元大-高雄",12,0,12
"26140","1570力肯","110/07/13","富邦-員林",0,15,-15
"26141","1570力肯","110/07/13","合庫-自強",11,0,11
"26142","1570力肯","110/07/13","凱基-台南",0,11,-11
"26143","1570力肯","110/07/13","摩根大通",26,15,11
"26144","1570力肯","110/07/13","日盛-竹北",0,10,-10
"26145","1570力肯","110/07/13","永豐金-中盛",11,0,11
"26146","1570力肯","110/07/13","國票-九鼎",0,10,-10
"26147","1570力肯","110/07/13","兆豐-台中港",10,0,10
"26148","1570力肯","110/07/13","凱基-桃園",0,10,-10
"26149","1570力肯","110/07/13","國泰-松江",9,0,9
"26150","1570力肯","110/07/13","凱基-新豐",0,10,-10
"26151","1570力肯","110/07/13","元大-新盛",9,0,9
"26152","1570力肯","110/07/13","元大-學甲",0,10,-10
"26153","1570力肯","110/07/13","元富-緯城",6,0,6
"26154","1570力肯","110/07/13","群益金鼎-東湖",1,10,-9
"26155","1570力肯","110/07/13","統一-三重",5,0,5
"26156","1570力肯","110/07/13","大昌",0,6,-6
"26157","1570力肯","110/07/13","元大-前金",5,0,5
"26158","1570力肯","110/07/13","元大-土城學府",0,6,-6
"26159","1570力肯","110/07/13","永豐金證券",5,0,5
"26160","1570力肯","110/07/13","統一",0,5,-5
"26161","2929淘帝","110/07/13","玉山-新竹",130,0,130
"26162","2929淘帝","110/07/13","美商高盛",0,177,-177
"26163","2929淘帝","110/07/13","臺銀-民權",60,0,60
"26164","2929淘帝","110/07/13","凱基-台北",6,80,-74
"26165","2929淘帝","110/07/13","新百王",31,0,31
"26166","2929淘帝","110/07/13","元富-大裕",0,49,-49
"26167","2929淘帝","110/07/13","日盛-園區",30,0,30
"26168","2929淘帝","110/07/13","國泰-館前",3,51,-48
"26169","2929淘帝","110/07/13","元大-南投",31,1,30
"26170","2929淘帝","110/07/13","凱基-中壢",0,41,-41
"26171","2929淘帝","110/07/13","兆豐-忠孝",28,0,28
"26172","2929淘帝","110/07/13","港商野村",21,55,-34
"26173","2929淘帝","110/07/13","元大-民生",28,0,28
"26174","2929淘帝","110/07/13","華南永昌-南京",2,34,-32
"26175","2929淘帝","110/07/13","合庫-高雄",27,0,27
"26176","2929淘帝","110/07/13","群益金鼎-土城",0,30,-30
"26177","2929淘帝","110/07/13","凱基-豐中",27,0,27
"26178","2929淘帝","110/07/13","富邦-南屯",0,22,-22
"26179","2929淘帝","110/07/13","新光",21,4,17
"26180","2929淘帝","110/07/13","第一金-豐原",0,20,-20
"26181","2929淘帝","110/07/13","元大-天母",17,0,17
"26182","2929淘帝","110/07/13","元大-屏南",6,26,-20
"26183","2929淘帝","110/07/13","永興",14,0,14
"26184","2929淘帝","110/07/13","永豐金-敦南",1,21,-20
"26185","2929淘帝","110/07/13","富邦-台北",12,0,12
"26186","2929淘帝","110/07/13","凱基-三重",2,21,-19
"26187","2929淘帝","110/07/13","元大-永和",12,0,12
"26188","2929淘帝","110/07/13","富邦-仁愛",7,25,-18
"26189","2929淘帝","110/07/13","國票-天祥",11,0,11
"26190","2929淘帝","110/07/13","元大-北投",0,16,-16
"26191","5410國眾","110/07/13","兆豐-城中",274,0,274
"26192","5410國眾","110/07/13","元富-嘉義",0,103,-103
"26193","5410國眾","110/07/13","新光",50,4,46
"26194","5410國眾","110/07/13","凱基-台北",0,50,-50
"26195","5410國眾","110/07/13","國泰-台中",26,0,26
"26196","5410國眾","110/07/13","瑞士信貸",0,31,-31
"26197","5410國眾","110/07/13","新加坡商瑞銀",22,0,22
"26198","5410國眾","110/07/13","台新-新莊",0,27,-27
"26199","5410國眾","110/07/13","光和-嘉義",20,0,20
"26200","5410國眾","110/07/13","元大-汐止",0,20,-20
"26201","5410國眾","110/07/13","凱基-竹北",17,0,17
"26202","5410國眾","110/07/13","亞東-新竹",0,17,-17
"26203","5410國眾","110/07/13","新光-桃園",15,0,15
"26204","5410國眾","110/07/13","元大-南勢角",0,13,-13
"26205","5410國眾","110/07/13","凱基-台東",14,0,14
"26206","5410國眾","110/07/13","台新-台南",0,12,-12
"26207","5410國眾","110/07/13","富邦-竹北",11,0,11
"26208","5410國眾","110/07/13","中國信託",0,11,-11
"26209","5410國眾","110/07/13","元富-同大",10,0,10
"26210","5410國眾","110/07/13","華南永昌",0,11,-11
"26211","5410國眾","110/07/13","國泰-敦南",24,15,9
"26212","5410國眾","110/07/13","臺銀-臺南",0,10,-10
"26213","5410國眾","110/07/13","日盛-內湖",7,0,7
"26214","5410國眾","110/07/13","台灣企銀-民雄",0,10,-10
"26215","5410國眾","110/07/13","台新-左楠",7,0,7
"26216","5410國眾","110/07/13","高橋",0,10,-10
"26217","5410國眾","110/07/13","元大-新盛",18,12,6
"26218","5410國眾","110/07/13","康和-嘉義",0,10,-10
"26219","5410國眾","110/07/13","統一",5,0,5
"26220","5410國眾","110/07/13","凱基-基隆",0,10,-10
"26221","2841台開","110/07/13","中國信託-高雄",251,50,201
"26222","2841台開","110/07/13","兆豐-公益",0,177,-177
"26223","2841台開","110/07/13","日盛證券",210,13,197
"26224","2841台開","110/07/13","日進",0,152,-152
"26225","2841台開","110/07/13","第一金-台中",55,0,55
"26226","2841台開","110/07/13","港商野村",0,109,-109
"26227","2841台開","110/07/13","國泰-板橋",46,0,46
"26228","2841台開","110/07/13","日盛-信義",0,103,-103
"26229","2841台開","110/07/13","國泰-館前",48,3,45
"26230","2841台開","110/07/13","國泰-敦南",11,75,-64
"26231","2841台開","110/07/13","華南永昌-新莊",45,0,45
"26232","2841台開","110/07/13","永興",0,50,-50
"26233","2841台開","110/07/13","日盛-園區",42,0,42
"26234","2841台開","110/07/13","永豐金-敦南",61,104,-43
"26235","2841台開","110/07/13","台新證券",32,0,32
"26236","2841台開","110/07/13","富邦-台南",0,42,-42
"26237","2841台開","110/07/13","台新-高雄",32,2,30
"26238","2841台開","110/07/13","國票-安和",0,30,-30
"26239","2841台開","110/07/13","豐農",23,0,23
"26240","2841台開","110/07/13","元大-桃園",0,25,-25
"26241","2841台開","110/07/13","合庫-嘉義",20,0,20
"26242","2841台開","110/07/13","新光",8,32,-24
"26243","2841台開","110/07/13","華南永昌-高雄",20,0,20
"26244","2841台開","110/07/13","元大-仁愛",0,24,-24
"26245","2841台開","110/07/13","元大-樹林",16,0,16
"26246","2841台開","110/07/13","日盛-中和",0,20,-20
"26247","2841台開","110/07/13","第一金-華江",15,2,13
"26248","2841台開","110/07/13","元富",0,20,-20
"26249","2841台開","110/07/13","美商高盛",12,0,12
"26250","2841台開","110/07/13","富邦-宜蘭",0,20,-20
"26251","6207雷科","110/07/13","元大-高雄",121,0,121
"26252","6207雷科","110/07/13","華南永昌-朴子",1,60,-59
"26253","6207雷科","110/07/13","第一金-新興",20,0,20
"26254","6207雷科","110/07/13","元大-南海",0,36,-36
"26255","6207雷科","110/07/13","元富-三重",20,0,20
"26256","6207雷科","110/07/13","凱基-土城",0,35,-35
"26257","6207雷科","110/07/13","元大-林園",15,0,15
"26258","6207雷科","110/07/13","台灣企銀",0,20,-20
"26259","6207雷科","110/07/13","元大-金華",16,1,15
"26260","6207雷科","110/07/13","群益金鼎-丹鳳",0,20,-20
"26261","6207雷科","110/07/13","日盛證券",10,0,10
"26262","6207雷科","110/07/13","元大-博愛",0,17,-17
"26263","6207雷科","110/07/13","統一-台中",10,0,10
"26264","6207雷科","110/07/13","元大-北港",0,13,-13
"26265","6207雷科","110/07/13","群益金鼎-土城",10,0,10
"26266","6207雷科","110/07/13","新加坡商瑞銀",0,12,-12
"26267","6207雷科","110/07/13","群益金鼎-桃園",10,0,10
"26268","6207雷科","110/07/13","凱基-台北",4,16,-12
"26269","6207雷科","110/07/13","永豐金-新莊",10,0,10
"26270","6207雷科","110/07/13","日茂-埔里",0,11,-11
"26271","6207雷科","110/07/13","永豐金-新店",10,0,10
"26272","6207雷科","110/07/13","元大-莒光",0,11,-11
"26273","6207雷科","110/07/13","元大證券",9,0,9
"26274","6207雷科","110/07/13","統一-新竹",0,10,-10
"26275","6207雷科","110/07/13","日盛-木柵",9,1,8
"26276","6207雷科","110/07/13","元大-西螺",0,10,-10
"26277","6207雷科","110/07/13","兆豐-來福",8,0,8
"26278","6207雷科","110/07/13","康和-台中",0,8,-8
"26279","6207雷科","110/07/13","新光",7,0,7
"26280","6207雷科","110/07/13","兆豐-高雄",0,6,-6
"26281","3679新至陞","110/07/13","永豐金證券",50,0,50
"26282","3679新至陞","110/07/13","摩根大通",2,25,-23
"26283","3679新至陞","110/07/13","國泰-桃園",22,0,22
"26284","3679新至陞","110/07/13","元大-成功",0,22,-22
"26285","3679新至陞","110/07/13","台中銀-員林",11,0,11
"26286","3679新至陞","110/07/13","富邦-板橋",1,19,-18
"26287","3679新至陞","110/07/13","元大-文心興安",8,0,8
"26288","3679新至陞","110/07/13","日盛-新莊",0,10,-10
"26289","3679新至陞","110/07/13","美商高盛",6,0,6
"26290","3679新至陞","110/07/13","台新-台中",0,10,-10
"26291","3679新至陞","110/07/13","台新-高雄",6,0,6
"26292","3679新至陞","110/07/13","永豐金-新竹",0,8,-8
"26293","3679新至陞","110/07/13","凱基-台北",18,12,6
"26294","3679新至陞","110/07/13","瑞士信貸",12,19,-7
"26295","3679新至陞","110/07/13","日盛-復興",5,0,5
"26296","3679新至陞","110/07/13","統一-南京",0,7,-7
"26297","3679新至陞","110/07/13","(牛牛牛)亞-鑫豐",4,0,4
"26298","3679新至陞","110/07/13","凱基-新莊",0,7,-7
"26299","3679新至陞","110/07/13","元富-大昌",3,0,3
"26300","3679新至陞","110/07/13","新加坡商瑞銀",0,6,-6
"26301","3679新至陞","110/07/13","富邦-台北",3,0,3
"26302","3679新至陞","110/07/13","合庫-自強",0,5,-5
"26303","3679新至陞","110/07/13","日盛-樹林",2,0,2
"26304","3679新至陞","110/07/13","富邦-桃園",0,5,-5
"26305","3679新至陞","110/07/13","宏遠-光隆",2,0,2
"26306","3679新至陞","110/07/13","永豐金-潮州",0,4,-4
"26307","3679新至陞","110/07/13","美林",3,1,2
"26308","3679新至陞","110/07/13","臺銀-臺南",0,3,-3
"26309","3679新至陞","110/07/13","第一金-中壢",2,0,2
"26310","3679新至陞","110/07/13","元大-六合",0,3,-3
"26311","2727王品","110/07/13","富邦-台北",43,3,40
"26312","2727王品","110/07/13","台灣摩根士丹利",15,97,-82
"26313","2727王品","110/07/13","元大-基隆孝二",40,0,40
"26314","2727王品","110/07/13","玉山-台南",5,57,-52
"26315","2727王品","110/07/13","國票-新莊",40,1,39
"26316","2727王品","110/07/13","新加坡商瑞銀",0,48,-48
"26317","2727王品","110/07/13","第一金-豐原",66,42,24
"26318","2727王品","110/07/13","凱基-台北",41,77,-36
"26319","2727王品","110/07/13","永豐金-大園",34,10,24
"26320","2727王品","110/07/13","永豐金-永康",0,22,-22
"26321","2727王品","110/07/13","元大-北屯",22,0,22
"26322","2727王品","110/07/13","統一-台中",2,22,-20
"26323","2727王品","110/07/13","元大-東蘆",26,7,19
"26324","2727王品","110/07/13","國泰-台中",21,39,-18
"26325","2727王品","110/07/13","永豐金-萬盛",13,1,12
"26326","2727王品","110/07/13","合庫-彰化",3,20,-17
"26327","2727王品","110/07/13","日盛-嘉義",11,0,11
"26328","2727王品","110/07/13","港商野村",13,30,-17
"26329","2727王品","110/07/13","日盛-八德",11,0,11
"26330","2727王品","110/07/13","元大-楊梅",1,16,-15
"26331","2727王品","110/07/13","統一-竹南",11,0,11
"26332","2727王品","110/07/13","凱基-高美館",2,15,-13
"26333","2727王品","110/07/13","日盛-士林",12,2,10
"26334","2727王品","110/07/13","美商高盛",2,14,-12
"26335","2727王品","110/07/13","統一-敦南",10,0,10
"26336","2727王品","110/07/13","統一-平鎮",1,13,-12
"26337","2727王品","110/07/13","中國信託",15,5,10
"26338","2727王品","110/07/13","兆豐-台中港",4,16,-12
"26339","2727王品","110/07/13","兆豐-竹北",13,3,10
"26340","2727王品","110/07/13","凱基-八德",1,13,-12
"26341","1570力肯","110/07/13","新光",115,11,104
"26342","1570力肯","110/07/13","元大-北三重",0,162,-162
"26343","1570力肯","110/07/13","群益金鼎-高雄",54,0,54
"26344","1570力肯","110/07/13","元大-大灣",0,25,-25
"26345","1570力肯","110/07/13","國票-新莊",22,0,22
"26346","1570力肯","110/07/13","永豐金-苓雅",0,22,-22
"26347","1570力肯","110/07/13","日盛-桃園",12,0,12
"26348","1570力肯","110/07/13","永豐金-永康",0,19,-19
"26349","1570力肯","110/07/13","元大-高雄",12,0,12
"26350","1570力肯","110/07/13","富邦-員林",0,15,-15
"26351","1570力肯","110/07/13","合庫-自強",11,0,11
"26352","1570力肯","110/07/13","凱基-台南",0,11,-11
"26353","1570力肯","110/07/13","摩根大通",26,15,11
"26354","1570力肯","110/07/13","日盛-竹北",0,10,-10
"26355","1570力肯","110/07/13","永豐金-中盛",11,0,11
"26356","1570力肯","110/07/13","國票-九鼎",0,10,-10
"26357","1570力肯","110/07/13","兆豐-台中港",10,0,10
"26358","1570力肯","110/07/13","凱基-桃園",0,10,-10
"26359","1570力肯","110/07/13","國泰-松江",9,0,9
"26360","1570力肯","110/07/13","凱基-新豐",0,10,-10
"26361","1570力肯","110/07/13","元大-新盛",9,0,9
"26362","1570力肯","110/07/13","元大-學甲",0,10,-10
"26363","1570力肯","110/07/13","元富-緯城",6,0,6
"26364","1570力肯","110/07/13","群益金鼎-東湖",1,10,-9
"26365","1570力肯","110/07/13","統一-三重",5,0,5
"26366","1570力肯","110/07/13","大昌",0,6,-6
"26367","1570力肯","110/07/13","元大-前金",5,0,5
"26368","1570力肯","110/07/13","元大-土城學府",0,6,-6
"26369","1570力肯","110/07/13","永豐金證券",5,0,5
"26370","1570力肯","110/07/13","統一",0,5,-5
"26371","6180橘子","110/07/13","摩根大通",119,0,119
"26372","6180橘子","110/07/13","元大-崇德",2,61,-59
"26373","6180橘子","110/07/13","美商高盛",96,0,96
"26374","6180橘子","110/07/13","康和-台中",0,51,-51
"26375","6180橘子","110/07/13","新加坡商瑞銀",86,7,79
"26376","6180橘子","110/07/13","康和-台北",0,50,-50
"26377","6180橘子","110/07/13","元大-和平",40,0,40
"26378","6180橘子","110/07/13","元富-潮州",0,40,-40
"26379","6180橘子","110/07/13","凱基-台北",83,47,36
"26380","6180橘子","110/07/13","日盛-永康",0,26,-26
"26381","6180橘子","110/07/13","美林",39,5,34
"26382","6180橘子","110/07/13","永豐金-中正",0,24,-24
"26383","6180橘子","110/07/13","富邦-新竹華信",31,2,29
"26384","6180橘子","110/07/13","國泰-板橋",2,25,-23
"26385","6180橘子","110/07/13","統一-南京",21,0,21
"26386","6180橘子","110/07/13","日盛-大墩",0,20,-20
"26387","6180橘子","110/07/13","富邦-陽明",24,3,21
"26388","6180橘子","110/07/13","元大-草屯",13,32,-19
"26389","6180橘子","110/07/13","大昌-樹林",21,1,20
"26390","6180橘子","110/07/13","元富-林園",1,18,-17
"26391","6180橘子","110/07/13","花旗環球",19,0,19
"26392","6180橘子","110/07/13","新光-新竹",1,18,-17
"26393","6180橘子","110/07/13","華南永昌-台南",19,0,19
"26394","6180橘子","110/07/13","元大-土城永寧",0,17,-17
"26395","6180橘子","110/07/13","福勝",14,0,14
"26396","6180橘子","110/07/13","國泰-新莊",3,19,-16
"26397","6180橘子","110/07/13","富邦-嘉義",12,1,11
"26398","6180橘子","110/07/13","中國信託-永康",6,21,-15
"26399","6180橘子","110/07/13","元大-板橋三民",11,0,11
"26400","6180橘子","110/07/13","凱基-東港",1,15,-14
"26401","2390云辰","110/07/13","新加坡商瑞銀",562,75,487
"26402","2390云辰","110/07/13","大展-台南",0,532,-532
"26403","2390云辰","110/07/13","台灣摩根士丹利",330,155,175
"26404","2390云辰","110/07/13","凱基-台北",668,854,-186
"26405","2390云辰","110/07/13","兆豐-公益",126,25,101
"26406","2390云辰","110/07/13","凱基-三重",12,172,-160
"26407","2390云辰","110/07/13","元富-中港",100,2,98
"26408","2390云辰","110/07/13","兆豐-忠孝",4,161,-157
"26409","2390云辰","110/07/13","統一-新台中",106,9,97
"26410","2390云辰","110/07/13","元大-士林",19,170,-151
"26411","2390云辰","110/07/13","中國信託-松江",81,11,70
"26412","2390云辰","110/07/13","臺銀-新竹",14,117,-103
"26413","2390云辰","110/07/13","日盛-板橋",72,3,69
"26414","2390云辰","110/07/13","國票-台中",4,102,-98
"26415","2390云辰","110/07/13","日盛-和美",57,0,57
"26416","2390云辰","110/07/13","新光",147,232,-85
"26417","2390云辰","110/07/13","永豐金-桃園",88,36,52
"26418","2390云辰","110/07/13","致和-崇德",2,70,-68
"26419","2390云辰","110/07/13","玉山-士林",54,4,50
"26420","2390云辰","110/07/13","群益金鼎-屏東",2,70,-68
"26421","2390云辰","110/07/13","富邦-仁愛",56,6,50
"26422","2390云辰","110/07/13","元大-大里",35,98,-63
"26423","2390云辰","110/07/13","第一金-豐原",50,1,49
"26424","2390云辰","110/07/13","元大-萬華",35,94,-59
"26425","2390云辰","110/07/13","摩根大通",502,453,49
"26426","2390云辰","110/07/13","元富-吉利",2,60,-58
"26427","2390云辰","110/07/13","凱基-松山",61,13,48
"26428","2390云辰","110/07/13","兆豐-新竹",3,53,-50
"26429","2390云辰","110/07/13","大昌",64,22,42
"26430","2390云辰","110/07/13","富邦-嘉義",65,108,-43
"26431","2363矽統","110/07/13","凱基-南崁",2133,63,2070
"26432","2363矽統","110/07/13","凱基-幸福",36,4048,-4012
"26433","2363矽統","110/07/13","國泰-敦南",2195,1617,578
"26434","2363矽統","110/07/13","統一",192,3325,-3133
"26435","2363矽統","110/07/13","中農",670,139,531
"26436","2363矽統","110/07/13","新加坡商瑞銀",1000,2747,-1747
"26437","2363矽統","110/07/13","康和-台中",638,154,484
"26438","2363矽統","110/07/13","凱基-台北",5359,6609,-1250
"26439","2363矽統","110/07/13","群益金鼎-三民",577,137,440
"26440","2363矽統","110/07/13","摩根大通",1930,2858,-928
"26441","2363矽統","110/07/13","台新-屏東",510,88,422
"26442","2363矽統","110/07/13","港商野村",960,1679,-719
"26443","2363矽統","110/07/13","德信-中正",455,67,388
"26444","2363矽統","110/07/13","兆豐-復興",25,705,-680
"26445","2363矽統","110/07/13","日盛-竹北",365,70,295
"26446","2363矽統","110/07/13","統一-仁愛",114,755,-641
"26447","2363矽統","110/07/13","元大-佳里",452,189,263
"26448","2363矽統","110/07/13","統一-敦南",29,638,-609
"26449","2363矽統","110/07/13","國票-博愛",296,38,258
"26450","2363矽統","110/07/13","統一-土城",100,704,-604
"26451","2363矽統","110/07/13","元大-萬華",340,95,245
"26452","2363矽統","110/07/13","統一-城中",116,676,-560
"26453","2363矽統","110/07/13","新光",1259,1031,228
"26454","2363矽統","110/07/13","永豐金證券",306,859,-553
"26455","2363矽統","110/07/13","元富-成功",323,96,227
"26456","2363矽統","110/07/13","元富",54,567,-513
"26457","2363矽統","110/07/13","豐農",228,23,205
"26458","2363矽統","110/07/13","瑞士信貸",202,666,-464
"26459","2363矽統","110/07/13","台灣企銀-岡山",186,4,182
"26460","2363矽統","110/07/13","永豐金-嘉義",67,468,-401
"26461","8112至上","110/07/13","摩根大通",688,296,392
"26462","8112至上","110/07/13","國票-中和",0,401,-401
"26463","8112至上","110/07/13","港商野村",344,145,199
"26464","8112至上","110/07/13","永豐金-板盛",0,205,-205
"26465","8112至上","110/07/13","兆豐-公益",195,5,190
"26466","8112至上","110/07/13","凱基-五股",43,155,-112
"26467","8112至上","110/07/13","台灣摩根士丹利",183,0,183
"26468","8112至上","110/07/13","凱基-市政",0,100,-100
"26469","8112至上","110/07/13","群益金鼎-敦南",153,2,151
"26470","8112至上","110/07/13","元大-大里德芳",1,92,-91
"26471","8112至上","110/07/13","臺銀-金山",146,26,120
"26472","8112至上","110/07/13","玉山-桃園",26,110,-84
"26473","8112至上","110/07/13","臺銀",133,19,114
"26474","8112至上","110/07/13","兆豐-天母",0,81,-81
"26475","8112至上","110/07/13","合庫-台中",115,6,109
"26476","8112至上","110/07/13","凱基-城中",3,84,-81
"26477","8112至上","110/07/13","亞東-板橋",134,26,108
"26478","8112至上","110/07/13","日盛-新莊",9,85,-76
"26479","8112至上","110/07/13","凱基-台北",414,326,88
"26480","8112至上","110/07/13","日盛-台中",2,64,-62
"26481","8112至上","110/07/13","新加坡商瑞銀",181,100,81
"26482","8112至上","110/07/13","日盛-中壢",3,64,-61
"26483","8112至上","110/07/13","國泰-敦南",108,31,77
"26484","8112至上","110/07/13","元大-台中",2,59,-57
"26485","8112至上","110/07/13","第一金-華江",77,4,73
"26486","8112至上","110/07/13","元大-雙和",7,64,-57
"26487","8112至上","110/07/13","永豐金-內湖",73,1,72
"26488","8112至上","110/07/13","元大-高雄",8,62,-54
"26489","8112至上","110/07/13","元大-永和",68,1,67
"26490","8112至上","110/07/13","元大-館前",2,55,-53
"26491","1570力肯","110/07/13","新光",115,11,104
"26492","1570力肯","110/07/13","元大-北三重",0,162,-162
"26493","1570力肯","110/07/13","群益金鼎-高雄",54,0,54
"26494","1570力肯","110/07/13","元大-大灣",0,25,-25
"26495","1570力肯","110/07/13","國票-新莊",22,0,22
"26496","1570力肯","110/07/13","永豐金-苓雅",0,22,-22
"26497","1570力肯","110/07/13","日盛-桃園",12,0,12
"26498","1570力肯","110/07/13","永豐金-永康",0,19,-19
"26499","1570力肯","110/07/13","元大-高雄",12,0,12
"26500","1570力肯","110/07/13","富邦-員林",0,15,-15
"26501","1570力肯","110/07/13","合庫-自強",11,0,11
"26502","1570力肯","110/07/13","凱基-台南",0,11,-11
"26503","1570力肯","110/07/13","摩根大通",26,15,11
"26504","1570力肯","110/07/13","日盛-竹北",0,10,-10
"26505","1570力肯","110/07/13","永豐金-中盛",11,0,11
"26506","1570力肯","110/07/13","國票-九鼎",0,10,-10
"26507","1570力肯","110/07/13","兆豐-台中港",10,0,10
"26508","1570力肯","110/07/13","凱基-桃園",0,10,-10
"26509","1570力肯","110/07/13","國泰-松江",9,0,9
"26510","1570力肯","110/07/13","凱基-新豐",0,10,-10
"26511","1570力肯","110/07/13","元大-新盛",9,0,9
"26512","1570力肯","110/07/13","元大-學甲",0,10,-10
"26513","1570力肯","110/07/13","元富-緯城",6,0,6
"26514","1570力肯","110/07/13","群益金鼎-東湖",1,10,-9
"26515","1570力肯","110/07/13","統一-三重",5,0,5
"26516","1570力肯","110/07/13","大昌",0,6,-6
"26517","1570力肯","110/07/13","元大-前金",5,0,5
"26518","1570力肯","110/07/13","元大-土城學府",0,6,-6
"26519","1570力肯","110/07/13","永豐金證券",5,0,5
"26520","1570力肯","110/07/13","統一",0,5,-5
"26521","2929淘帝","110/07/13","玉山-新竹",130,0,130
"26522","2929淘帝","110/07/13","美商高盛",0,177,-177
"26523","2929淘帝","110/07/13","臺銀-民權",60,0,60
"26524","2929淘帝","110/07/13","凱基-台北",6,80,-74
"26525","2929淘帝","110/07/13","新百王",31,0,31
"26526","2929淘帝","110/07/13","元富-大裕",0,49,-49
"26527","2929淘帝","110/07/13","日盛-園區",30,0,30
"26528","2929淘帝","110/07/13","國泰-館前",3,51,-48
"26529","2929淘帝","110/07/13","元大-南投",31,1,30
"26530","2929淘帝","110/07/13","凱基-中壢",0,41,-41
"26531","2929淘帝","110/07/13","兆豐-忠孝",28,0,28
"26532","2929淘帝","110/07/13","港商野村",21,55,-34
"26533","2929淘帝","110/07/13","元大-民生",28,0,28
"26534","2929淘帝","110/07/13","華南永昌-南京",2,34,-32
"26535","2929淘帝","110/07/13","合庫-高雄",27,0,27
"26536","2929淘帝","110/07/13","群益金鼎-土城",0,30,-30
"26537","2929淘帝","110/07/13","凱基-豐中",27,0,27
"26538","2929淘帝","110/07/13","富邦-南屯",0,22,-22
"26539","2929淘帝","110/07/13","新光",21,4,17
"26540","2929淘帝","110/07/13","第一金-豐原",0,20,-20
"26541","2929淘帝","110/07/13","元大-天母",17,0,17
"26542","2929淘帝","110/07/13","元大-屏南",6,26,-20
"26543","2929淘帝","110/07/13","永興",14,0,14
"26544","2929淘帝","110/07/13","永豐金-敦南",1,21,-20
"26545","2929淘帝","110/07/13","富邦-台北",12,0,12
"26546","2929淘帝","110/07/13","凱基-三重",2,21,-19
"26547","2929淘帝","110/07/13","元大-永和",12,0,12
"26548","2929淘帝","110/07/13","富邦-仁愛",7,25,-18
"26549","2929淘帝","110/07/13","國票-天祥",11,0,11
"26550","2929淘帝","110/07/13","元大-北投",0,16,-16
"26551","5410國眾","110/07/13","兆豐-城中",274,0,274
"26552","5410國眾","110/07/13","元富-嘉義",0,103,-103
"26553","5410國眾","110/07/13","新光",50,4,46
"26554","5410國眾","110/07/13","凱基-台北",0,50,-50
"26555","5410國眾","110/07/13","國泰-台中",26,0,26
"26556","5410國眾","110/07/13","瑞士信貸",0,31,-31
"26557","5410國眾","110/07/13","新加坡商瑞銀",22,0,22
"26558","5410國眾","110/07/13","台新-新莊",0,27,-27
"26559","5410國眾","110/07/13","光和-嘉義",20,0,20
"26560","5410國眾","110/07/13","元大-汐止",0,20,-20
"26561","5410國眾","110/07/13","凱基-竹北",17,0,17
"26562","5410國眾","110/07/13","亞東-新竹",0,17,-17
"26563","5410國眾","110/07/13","新光-桃園",15,0,15
"26564","5410國眾","110/07/13","元大-南勢角",0,13,-13
"26565","5410國眾","110/07/13","凱基-台東",14,0,14
"26566","5410國眾","110/07/13","台新-台南",0,12,-12
"26567","5410國眾","110/07/13","富邦-竹北",11,0,11
"26568","5410國眾","110/07/13","中國信託",0,11,-11
"26569","5410國眾","110/07/13","元富-同大",10,0,10
"26570","5410國眾","110/07/13","華南永昌",0,11,-11
"26571","5410國眾","110/07/13","國泰-敦南",24,15,9
"26572","5410國眾","110/07/13","臺銀-臺南",0,10,-10
"26573","5410國眾","110/07/13","日盛-內湖",7,0,7
"26574","5410國眾","110/07/13","台灣企銀-民雄",0,10,-10
"26575","5410國眾","110/07/13","台新-左楠",7,0,7
"26576","5410國眾","110/07/13","高橋",0,10,-10
"26577","5410國眾","110/07/13","元大-新盛",18,12,6
"26578","5410國眾","110/07/13","康和-嘉義",0,10,-10
"26579","5410國眾","110/07/13","統一",5,0,5
"26580","5410國眾","110/07/13","凱基-基隆",0,10,-10
"26581","2841台開","110/07/13","中國信託-高雄",251,50,201
"26582","2841台開","110/07/13","兆豐-公益",0,177,-177
"26583","2841台開","110/07/13","日盛證券",210,13,197
"26584","2841台開","110/07/13","日進",0,152,-152
"26585","2841台開","110/07/13","第一金-台中",55,0,55
"26586","2841台開","110/07/13","港商野村",0,109,-109
"26587","2841台開","110/07/13","國泰-板橋",46,0,46
"26588","2841台開","110/07/13","日盛-信義",0,103,-103
"26589","2841台開","110/07/13","國泰-館前",48,3,45
"26590","2841台開","110/07/13","國泰-敦南",11,75,-64
"26591","2841台開","110/07/13","華南永昌-新莊",45,0,45
"26592","2841台開","110/07/13","永興",0,50,-50
"26593","2841台開","110/07/13","日盛-園區",42,0,42
"26594","2841台開","110/07/13","永豐金-敦南",61,104,-43
"26595","2841台開","110/07/13","台新證券",32,0,32
"26596","2841台開","110/07/13","富邦-台南",0,42,-42
"26597","2841台開","110/07/13","台新-高雄",32,2,30
"26598","2841台開","110/07/13","國票-安和",0,30,-30
"26599","2841台開","110/07/13","豐農",23,0,23
"26600","2841台開","110/07/13","元大-桃園",0,25,-25
"26601","2841台開","110/07/13","合庫-嘉義",20,0,20
"26602","2841台開","110/07/13","新光",8,32,-24
"26603","2841台開","110/07/13","華南永昌-高雄",20,0,20
"26604","2841台開","110/07/13","元大-仁愛",0,24,-24
"26605","2841台開","110/07/13","元大-樹林",16,0,16
"26606","2841台開","110/07/13","日盛-中和",0,20,-20
"26607","2841台開","110/07/13","第一金-華江",15,2,13
"26608","2841台開","110/07/13","元富",0,20,-20
"26609","2841台開","110/07/13","美商高盛",12,0,12
"26610","2841台開","110/07/13","富邦-宜蘭",0,20,-20
"26611","6207雷科","110/07/13","元大-高雄",121,0,121
"26612","6207雷科","110/07/13","華南永昌-朴子",1,60,-59
"26613","6207雷科","110/07/13","第一金-新興",20,0,20
"26614","6207雷科","110/07/13","元大-南海",0,36,-36
"26615","6207雷科","110/07/13","元富-三重",20,0,20
"26616","6207雷科","110/07/13","凱基-土城",0,35,-35
"26617","6207雷科","110/07/13","元大-林園",15,0,15
"26618","6207雷科","110/07/13","台灣企銀",0,20,-20
"26619","6207雷科","110/07/13","元大-金華",16,1,15
"26620","6207雷科","110/07/13","群益金鼎-丹鳳",0,20,-20
"26621","6207雷科","110/07/13","日盛證券",10,0,10
"26622","6207雷科","110/07/13","元大-博愛",0,17,-17
"26623","6207雷科","110/07/13","統一-台中",10,0,10
"26624","6207雷科","110/07/13","元大-北港",0,13,-13
"26625","6207雷科","110/07/13","群益金鼎-土城",10,0,10
"26626","6207雷科","110/07/13","新加坡商瑞銀",0,12,-12
"26627","6207雷科","110/07/13","群益金鼎-桃園",10,0,10
"26628","6207雷科","110/07/13","凱基-台北",4,16,-12
"26629","6207雷科","110/07/13","永豐金-新莊",10,0,10
"26630","6207雷科","110/07/13","日茂-埔里",0,11,-11
"26631","6207雷科","110/07/13","永豐金-新店",10,0,10
"26632","6207雷科","110/07/13","元大-莒光",0,11,-11
"26633","6207雷科","110/07/13","元大證券",9,0,9
"26634","6207雷科","110/07/13","統一-新竹",0,10,-10
"26635","6207雷科","110/07/13","日盛-木柵",9,1,8
"26636","6207雷科","110/07/13","元大-西螺",0,10,-10
"26637","6207雷科","110/07/13","兆豐-來福",8,0,8
"26638","6207雷科","110/07/13","康和-台中",0,8,-8
"26639","6207雷科","110/07/13","新光",7,0,7
"26640","6207雷科","110/07/13","兆豐-高雄",0,6,-6
"26641","3679新至陞","110/07/13","永豐金證券",50,0,50
"26642","3679新至陞","110/07/13","摩根大通",2,25,-23
"26643","3679新至陞","110/07/13","國泰-桃園",22,0,22
"26644","3679新至陞","110/07/13","元大-成功",0,22,-22
"26645","3679新至陞","110/07/13","台中銀-員林",11,0,11
"26646","3679新至陞","110/07/13","富邦-板橋",1,19,-18
"26647","3679新至陞","110/07/13","元大-文心興安",8,0,8
"26648","3679新至陞","110/07/13","日盛-新莊",0,10,-10
"26649","3679新至陞","110/07/13","美商高盛",6,0,6
"26650","3679新至陞","110/07/13","台新-台中",0,10,-10
"26651","3679新至陞","110/07/13","台新-高雄",6,0,6
"26652","3679新至陞","110/07/13","永豐金-新竹",0,8,-8
"26653","3679新至陞","110/07/13","凱基-台北",18,12,6
"26654","3679新至陞","110/07/13","瑞士信貸",12,19,-7
"26655","3679新至陞","110/07/13","日盛-復興",5,0,5
"26656","3679新至陞","110/07/13","統一-南京",0,7,-7
"26657","3679新至陞","110/07/13","(牛牛牛)亞-鑫豐",4,0,4
"26658","3679新至陞","110/07/13","凱基-新莊",0,7,-7
"26659","3679新至陞","110/07/13","元富-大昌",3,0,3
"26660","3679新至陞","110/07/13","新加坡商瑞銀",0,6,-6
"26661","3679新至陞","110/07/13","富邦-台北",3,0,3
"26662","3679新至陞","110/07/13","合庫-自強",0,5,-5
"26663","3679新至陞","110/07/13","日盛-樹林",2,0,2
"26664","3679新至陞","110/07/13","富邦-桃園",0,5,-5
"26665","3679新至陞","110/07/13","宏遠-光隆",2,0,2
"26666","3679新至陞","110/07/13","永豐金-潮州",0,4,-4
"26667","3679新至陞","110/07/13","美林",3,1,2
"26668","3679新至陞","110/07/13","臺銀-臺南",0,3,-3
"26669","3679新至陞","110/07/13","第一金-中壢",2,0,2
"26670","3679新至陞","110/07/13","元大-六合",0,3,-3
"26671","2727王品","110/07/13","富邦-台北",43,3,40
"26672","2727王品","110/07/13","台灣摩根士丹利",15,97,-82
"26673","2727王品","110/07/13","元大-基隆孝二",40,0,40
"26674","2727王品","110/07/13","玉山-台南",5,57,-52
"26675","2727王品","110/07/13","國票-新莊",40,1,39
"26676","2727王品","110/07/13","新加坡商瑞銀",0,48,-48
"26677","2727王品","110/07/13","第一金-豐原",66,42,24
"26678","2727王品","110/07/13","凱基-台北",41,77,-36
"26679","2727王品","110/07/13","永豐金-大園",34,10,24
"26680","2727王品","110/07/13","永豐金-永康",0,22,-22
"26681","2727王品","110/07/13","元大-北屯",22,0,22
"26682","2727王品","110/07/13","統一-台中",2,22,-20
"26683","2727王品","110/07/13","元大-東蘆",26,7,19
"26684","2727王品","110/07/13","國泰-台中",21,39,-18
"26685","2727王品","110/07/13","永豐金-萬盛",13,1,12
"26686","2727王品","110/07/13","合庫-彰化",3,20,-17
"26687","2727王品","110/07/13","日盛-嘉義",11,0,11
"26688","2727王品","110/07/13","港商野村",13,30,-17
"26689","2727王品","110/07/13","日盛-八德",11,0,11
"26690","2727王品","110/07/13","元大-楊梅",1,16,-15
"26691","2727王品","110/07/13","統一-竹南",11,0,11
"26692","2727王品","110/07/13","凱基-高美館",2,15,-13
"26693","2727王品","110/07/13","日盛-士林",12,2,10
"26694","2727王品","110/07/13","美商高盛",2,14,-12
"26695","2727王品","110/07/13","統一-敦南",10,0,10
"26696","2727王品","110/07/13","統一-平鎮",1,13,-12
"26697","2727王品","110/07/13","中國信託",15,5,10
"26698","2727王品","110/07/13","兆豐-台中港",4,16,-12
"26699","2727王品","110/07/13","兆豐-竹北",13,3,10
"26700","2727王品","110/07/13","凱基-八德",1,13,-12
"26701","1570力肯","110/07/13","新光",115,11,104
"26702","1570力肯","110/07/13","元大-北三重",0,162,-162
"26703","1570力肯","110/07/13","群益金鼎-高雄",54,0,54
"26704","1570力肯","110/07/13","元大-大灣",0,25,-25
"26705","1570力肯","110/07/13","國票-新莊",22,0,22
"26706","1570力肯","110/07/13","永豐金-苓雅",0,22,-22
"26707","1570力肯","110/07/13","日盛-桃園",12,0,12
"26708","1570力肯","110/07/13","永豐金-永康",0,19,-19
"26709","1570力肯","110/07/13","元大-高雄",12,0,12
"26710","1570力肯","110/07/13","富邦-員林",0,15,-15
"26711","1570力肯","110/07/13","合庫-自強",11,0,11
"26712","1570力肯","110/07/13","凱基-台南",0,11,-11
"26713","1570力肯","110/07/13","摩根大通",26,15,11
"26714","1570力肯","110/07/13","日盛-竹北",0,10,-10
"26715","1570力肯","110/07/13","永豐金-中盛",11,0,11
"26716","1570力肯","110/07/13","國票-九鼎",0,10,-10
"26717","1570力肯","110/07/13","兆豐-台中港",10,0,10
"26718","1570力肯","110/07/13","凱基-桃園",0,10,-10
"26719","1570力肯","110/07/13","國泰-松江",9,0,9
"26720","1570力肯","110/07/13","凱基-新豐",0,10,-10
"26721","1570力肯","110/07/13","元大-新盛",9,0,9
"26722","1570力肯","110/07/13","元大-學甲",0,10,-10
"26723","1570力肯","110/07/13","元富-緯城",6,0,6
"26724","1570力肯","110/07/13","群益金鼎-東湖",1,10,-9
"26725","1570力肯","110/07/13","統一-三重",5,0,5
"26726","1570力肯","110/07/13","大昌",0,6,-6
"26727","1570力肯","110/07/13","元大-前金",5,0,5
"26728","1570力肯","110/07/13","元大-土城學府",0,6,-6
"26729","1570力肯","110/07/13","永豐金證券",5,0,5
"26730","1570力肯","110/07/13","統一",0,5,-5
"26731","6180橘子","110/07/13","摩根大通",119,0,119
"26732","6180橘子","110/07/13","元大-崇德",2,61,-59
"26733","6180橘子","110/07/13","美商高盛",96,0,96
"26734","6180橘子","110/07/13","康和-台中",0,51,-51
"26735","6180橘子","110/07/13","新加坡商瑞銀",86,7,79
"26736","6180橘子","110/07/13","康和-台北",0,50,-50
"26737","6180橘子","110/07/13","元大-和平",40,0,40
"26738","6180橘子","110/07/13","元富-潮州",0,40,-40
"26739","6180橘子","110/07/13","凱基-台北",83,47,36
"26740","6180橘子","110/07/13","日盛-永康",0,26,-26
"26741","6180橘子","110/07/13","美林",39,5,34
"26742","6180橘子","110/07/13","永豐金-中正",0,24,-24
"26743","6180橘子","110/07/13","富邦-新竹華信",31,2,29
"26744","6180橘子","110/07/13","國泰-板橋",2,25,-23
"26745","6180橘子","110/07/13","統一-南京",21,0,21
"26746","6180橘子","110/07/13","日盛-大墩",0,20,-20
"26747","6180橘子","110/07/13","富邦-陽明",24,3,21
"26748","6180橘子","110/07/13","元大-草屯",13,32,-19
"26749","6180橘子","110/07/13","大昌-樹林",21,1,20
"26750","6180橘子","110/07/13","元富-林園",1,18,-17
"26751","6180橘子","110/07/13","花旗環球",19,0,19
"26752","6180橘子","110/07/13","新光-新竹",1,18,-17
"26753","6180橘子","110/07/13","華南永昌-台南",19,0,19
"26754","6180橘子","110/07/13","元大-土城永寧",0,17,-17
"26755","6180橘子","110/07/13","福勝",14,0,14
"26756","6180橘子","110/07/13","國泰-新莊",3,19,-16
"26757","6180橘子","110/07/13","富邦-嘉義",12,1,11
"26758","6180橘子","110/07/13","中國信託-永康",6,21,-15
"26759","6180橘子","110/07/13","元大-板橋三民",11,0,11
"26760","6180橘子","110/07/13","凱基-東港",1,15,-14
"26761","2390云辰","110/07/13","新加坡商瑞銀",562,75,487
"26762","2390云辰","110/07/13","大展-台南",0,532,-532
"26763","2390云辰","110/07/13","台灣摩根士丹利",330,155,175
"26764","2390云辰","110/07/13","凱基-台北",668,854,-186
"26765","2390云辰","110/07/13","兆豐-公益",126,25,101
"26766","2390云辰","110/07/13","凱基-三重",12,172,-160
"26767","2390云辰","110/07/13","元富-中港",100,2,98
"26768","2390云辰","110/07/13","兆豐-忠孝",4,161,-157
"26769","2390云辰","110/07/13","統一-新台中",106,9,97
"26770","2390云辰","110/07/13","元大-士林",19,170,-151
"26771","2390云辰","110/07/13","中國信託-松江",81,11,70
"26772","2390云辰","110/07/13","臺銀-新竹",14,117,-103
"26773","2390云辰","110/07/13","日盛-板橋",72,3,69
"26774","2390云辰","110/07/13","國票-台中",4,102,-98
"26775","2390云辰","110/07/13","日盛-和美",57,0,57
"26776","2390云辰","110/07/13","新光",147,232,-85
"26777","2390云辰","110/07/13","永豐金-桃園",88,36,52
"26778","2390云辰","110/07/13","致和-崇德",2,70,-68
"26779","2390云辰","110/07/13","玉山-士林",54,4,50
"26780","2390云辰","110/07/13","群益金鼎-屏東",2,70,-68
"26781","2390云辰","110/07/13","富邦-仁愛",56,6,50
"26782","2390云辰","110/07/13","元大-大里",35,98,-63
"26783","2390云辰","110/07/13","第一金-豐原",50,1,49
"26784","2390云辰","110/07/13","元大-萬華",35,94,-59
"26785","2390云辰","110/07/13","摩根大通",502,453,49
"26786","2390云辰","110/07/13","元富-吉利",2,60,-58
"26787","2390云辰","110/07/13","凱基-松山",61,13,48
"26788","2390云辰","110/07/13","兆豐-新竹",3,53,-50
"26789","2390云辰","110/07/13","大昌",64,22,42
"26790","2390云辰","110/07/13","富邦-嘉義",65,108,-43
"26791","2363矽統","110/07/13","凱基-南崁",2133,63,2070
"26792","2363矽統","110/07/13","凱基-幸福",36,4048,-4012
"26793","2363矽統","110/07/13","國泰-敦南",2195,1617,578
"26794","2363矽統","110/07/13","統一",192,3325,-3133
"26795","2363矽統","110/07/13","中農",670,139,531
"26796","2363矽統","110/07/13","新加坡商瑞銀",1000,2747,-1747
"26797","2363矽統","110/07/13","康和-台中",638,154,484
"26798","2363矽統","110/07/13","凱基-台北",5359,6609,-1250
"26799","2363矽統","110/07/13","群益金鼎-三民",577,137,440
"26800","2363矽統","110/07/13","摩根大通",1930,2858,-928
"26801","2363矽統","110/07/13","台新-屏東",510,88,422
"26802","2363矽統","110/07/13","港商野村",960,1679,-719
"26803","2363矽統","110/07/13","德信-中正",455,67,388
"26804","2363矽統","110/07/13","兆豐-復興",25,705,-680
"26805","2363矽統","110/07/13","日盛-竹北",365,70,295
"26806","2363矽統","110/07/13","統一-仁愛",114,755,-641
"26807","2363矽統","110/07/13","元大-佳里",452,189,263
"26808","2363矽統","110/07/13","統一-敦南",29,638,-609
"26809","2363矽統","110/07/13","國票-博愛",296,38,258
"26810","2363矽統","110/07/13","統一-土城",100,704,-604
"26811","2363矽統","110/07/13","元大-萬華",340,95,245
"26812","2363矽統","110/07/13","統一-城中",116,676,-560
"26813","2363矽統","110/07/13","新光",1259,1031,228
"26814","2363矽統","110/07/13","永豐金證券",306,859,-553
"26815","2363矽統","110/07/13","元富-成功",323,96,227
"26816","2363矽統","110/07/13","元富",54,567,-513
"26817","2363矽統","110/07/13","豐農",228,23,205
"26818","2363矽統","110/07/13","瑞士信貸",202,666,-464
"26819","2363矽統","110/07/13","台灣企銀-岡山",186,4,182
"26820","2363矽統","110/07/13","永豐金-嘉義",67,468,-401
"26821","2363矽統","110/07/13","凱基-南崁",2133,63,2070
"26822","2363矽統","110/07/13","凱基-幸福",36,4048,-4012
"26823","2363矽統","110/07/13","國泰-敦南",2195,1617,578
"26824","2363矽統","110/07/13","統一",192,3325,-3133
"26825","2363矽統","110/07/13","中農",670,139,531
"26826","2363矽統","110/07/13","新加坡商瑞銀",1000,2747,-1747
"26827","2363矽統","110/07/13","康和-台中",638,154,484
"26828","2363矽統","110/07/13","凱基-台北",5359,6609,-1250
"26829","2363矽統","110/07/13","群益金鼎-三民",577,137,440
"26830","2363矽統","110/07/13","摩根大通",1930,2858,-928
"26831","2363矽統","110/07/13","台新-屏東",510,88,422
"26832","2363矽統","110/07/13","港商野村",960,1679,-719
"26833","2363矽統","110/07/13","德信-中正",455,67,388
"26834","2363矽統","110/07/13","兆豐-復興",25,705,-680
"26835","2363矽統","110/07/13","日盛-竹北",365,70,295
"26836","2363矽統","110/07/13","統一-仁愛",114,755,-641
"26837","2363矽統","110/07/13","元大-佳里",452,189,263
"26838","2363矽統","110/07/13","統一-敦南",29,638,-609
"26839","2363矽統","110/07/13","國票-博愛",296,38,258
"26840","2363矽統","110/07/13","統一-土城",100,704,-604
"26841","2363矽統","110/07/13","元大-萬華",340,95,245
"26842","2363矽統","110/07/13","統一-城中",116,676,-560
"26843","2363矽統","110/07/13","新光",1259,1031,228
"26844","2363矽統","110/07/13","永豐金證券",306,859,-553
"26845","2363矽統","110/07/13","元富-成功",323,96,227
"26846","2363矽統","110/07/13","元富",54,567,-513
"26847","2363矽統","110/07/13","豐農",228,23,205
"26848","2363矽統","110/07/13","瑞士信貸",202,666,-464
"26849","2363矽統","110/07/13","台灣企銀-岡山",186,4,182
"26850","2363矽統","110/07/13","永豐金-嘉義",67,468,-401
"26851","2363矽統","110/07/13","凱基-南崁",2133,63,2070
"26852","2363矽統","110/07/13","凱基-幸福",36,4048,-4012
"26853","2363矽統","110/07/13","國泰-敦南",2195,1617,578
"26854","2363矽統","110/07/13","統一",192,3325,-3133
"26855","2363矽統","110/07/13","中農",670,139,531
"26856","2363矽統","110/07/13","新加坡商瑞銀",1000,2747,-1747
"26857","2363矽統","110/07/13","康和-台中",638,154,484
"26858","2363矽統","110/07/13","凱基-台北",5359,6609,-1250
"26859","2363矽統","110/07/13","群益金鼎-三民",577,137,440
"26860","2363矽統","110/07/13","摩根大通",1930,2858,-928
"26861","2363矽統","110/07/13","台新-屏東",510,88,422
"26862","2363矽統","110/07/13","港商野村",960,1679,-719
"26863","2363矽統","110/07/13","德信-中正",455,67,388
"26864","2363矽統","110/07/13","兆豐-復興",25,705,-680
"26865","2363矽統","110/07/13","日盛-竹北",365,70,295
"26866","2363矽統","110/07/13","統一-仁愛",114,755,-641
"26867","2363矽統","110/07/13","元大-佳里",452,189,263
"26868","2363矽統","110/07/13","統一-敦南",29,638,-609
"26869","2363矽統","110/07/13","國票-博愛",296,38,258
"26870","2363矽統","110/07/13","統一-土城",100,704,-604
"26871","2363矽統","110/07/13","元大-萬華",340,95,245
"26872","2363矽統","110/07/13","統一-城中",116,676,-560
"26873","2363矽統","110/07/13","新光",1259,1031,228
"26874","2363矽統","110/07/13","永豐金證券",306,859,-553
"26875","2363矽統","110/07/13","元富-成功",323,96,227
"26876","2363矽統","110/07/13","元富",54,567,-513
"26877","2363矽統","110/07/13","豐農",228,23,205
"26878","2363矽統","110/07/13","瑞士信貸",202,666,-464
"26879","2363矽統","110/07/13","台灣企銀-岡山",186,4,182
"26880","2363矽統","110/07/13","永豐金-嘉義",67,468,-401
"26881","1570力肯","110/07/13","新光",115,11,104
"26882","1570力肯","110/07/13","元大-北三重",0,162,-162
"26883","1570力肯","110/07/13","群益金鼎-高雄",54,0,54
"26884","1570力肯","110/07/13","元大-大灣",0,25,-25
"26885","1570力肯","110/07/13","國票-新莊",22,0,22
"26886","1570力肯","110/07/13","永豐金-苓雅",0,22,-22
"26887","1570力肯","110/07/13","日盛-桃園",12,0,12
"26888","1570力肯","110/07/13","永豐金-永康",0,19,-19
"26889","1570力肯","110/07/13","元大-高雄",12,0,12
"26890","1570力肯","110/07/13","富邦-員林",0,15,-15
"26891","1570力肯","110/07/13","合庫-自強",11,0,11
"26892","1570力肯","110/07/13","凱基-台南",0,11,-11
"26893","1570力肯","110/07/13","摩根大通",26,15,11
"26894","1570力肯","110/07/13","日盛-竹北",0,10,-10
"26895","1570力肯","110/07/13","永豐金-中盛",11,0,11
"26896","1570力肯","110/07/13","國票-九鼎",0,10,-10
"26897","1570力肯","110/07/13","兆豐-台中港",10,0,10
"26898","1570力肯","110/07/13","凱基-桃園",0,10,-10
"26899","1570力肯","110/07/13","國泰-松江",9,0,9
"26900","1570力肯","110/07/13","凱基-新豐",0,10,-10
"26901","1570力肯","110/07/13","元大-新盛",9,0,9
"26902","1570力肯","110/07/13","元大-學甲",0,10,-10
"26903","1570力肯","110/07/13","元富-緯城",6,0,6
"26904","1570力肯","110/07/13","群益金鼎-東湖",1,10,-9
"26905","1570力肯","110/07/13","統一-三重",5,0,5
"26906","1570力肯","110/07/13","大昌",0,6,-6
"26907","1570力肯","110/07/13","元大-前金",5,0,5
"26908","1570力肯","110/07/13","元大-土城學府",0,6,-6
"26909","1570力肯","110/07/13","永豐金證券",5,0,5
"26910","1570力肯","110/07/13","統一",0,5,-5
"26911","1570力肯","110/07/13","新光",115,11,104
"26912","1570力肯","110/07/13","元大-北三重",0,162,-162
"26913","1570力肯","110/07/13","群益金鼎-高雄",54,0,54
"26914","1570力肯","110/07/13","元大-大灣",0,25,-25
"26915","1570力肯","110/07/13","國票-新莊",22,0,22
"26916","1570力肯","110/07/13","永豐金-苓雅",0,22,-22
"26917","1570力肯","110/07/13","日盛-桃園",12,0,12
"26918","1570力肯","110/07/13","永豐金-永康",0,19,-19
"26919","1570力肯","110/07/13","元大-高雄",12,0,12
"26920","1570力肯","110/07/13","富邦-員林",0,15,-15
"26921","1570力肯","110/07/13","合庫-自強",11,0,11
"26922","1570力肯","110/07/13","凱基-台南",0,11,-11
"26923","1570力肯","110/07/13","摩根大通",26,15,11
"26924","1570力肯","110/07/13","日盛-竹北",0,10,-10
"26925","1570力肯","110/07/13","永豐金-中盛",11,0,11
"26926","1570力肯","110/07/13","國票-九鼎",0,10,-10
"26927","1570力肯","110/07/13","兆豐-台中港",10,0,10
"26928","1570力肯","110/07/13","凱基-桃園",0,10,-10
"26929","1570力肯","110/07/13","國泰-松江",9,0,9
"26930","1570力肯","110/07/13","凱基-新豐",0,10,-10
"26931","1570力肯","110/07/13","元大-新盛",9,0,9
"26932","1570力肯","110/07/13","元大-學甲",0,10,-10
"26933","1570力肯","110/07/13","元富-緯城",6,0,6
"26934","1570力肯","110/07/13","群益金鼎-東湖",1,10,-9
"26935","1570力肯","110/07/13","統一-三重",5,0,5
"26936","1570力肯","110/07/13","大昌",0,6,-6
"26937","1570力肯","110/07/13","元大-前金",5,0,5
"26938","1570力肯","110/07/13","元大-土城學府",0,6,-6
"26939","1570力肯","110/07/13","永豐金證券",5,0,5
"26940","1570力肯","110/07/13","統一",0,5,-5
"26941","6180橘子","110/07/13","摩根大通",119,0,119
"26942","6180橘子","110/07/13","元大-崇德",2,61,-59
"26943","6180橘子","110/07/13","美商高盛",96,0,96
"26944","6180橘子","110/07/13","康和-台中",0,51,-51
"26945","6180橘子","110/07/13","新加坡商瑞銀",86,7,79
"26946","6180橘子","110/07/13","康和-台北",0,50,-50
"26947","6180橘子","110/07/13","元大-和平",40,0,40
"26948","6180橘子","110/07/13","元富-潮州",0,40,-40
"26949","6180橘子","110/07/13","凱基-台北",83,47,36
"26950","6180橘子","110/07/13","日盛-永康",0,26,-26
"26951","6180橘子","110/07/13","美林",39,5,34
"26952","6180橘子","110/07/13","永豐金-中正",0,24,-24
"26953","6180橘子","110/07/13","富邦-新竹華信",31,2,29
"26954","6180橘子","110/07/13","國泰-板橋",2,25,-23
"26955","6180橘子","110/07/13","統一-南京",21,0,21
"26956","6180橘子","110/07/13","日盛-大墩",0,20,-20
"26957","6180橘子","110/07/13","富邦-陽明",24,3,21
"26958","6180橘子","110/07/13","元大-草屯",13,32,-19
"26959","6180橘子","110/07/13","大昌-樹林",21,1,20
"26960","6180橘子","110/07/13","元富-林園",1,18,-17
"26961","6180橘子","110/07/13","花旗環球",19,0,19
"26962","6180橘子","110/07/13","新光-新竹",1,18,-17
"26963","6180橘子","110/07/13","華南永昌-台南",19,0,19
"26964","6180橘子","110/07/13","元大-土城永寧",0,17,-17
"26965","6180橘子","110/07/13","福勝",14,0,14
"26966","6180橘子","110/07/13","國泰-新莊",3,19,-16
"26967","6180橘子","110/07/13","富邦-嘉義",12,1,11
"26968","6180橘子","110/07/13","中國信託-永康",6,21,-15
"26969","6180橘子","110/07/13","元大-板橋三民",11,0,11
"26970","6180橘子","110/07/13","凱基-東港",1,15,-14
"26971","1570力肯","110/07/13","新光",115,11,104
"26972","1570力肯","110/07/13","元大-北三重",0,162,-162
"26973","1570力肯","110/07/13","群益金鼎-高雄",54,0,54
"26974","1570力肯","110/07/13","元大-大灣",0,25,-25
"26975","1570力肯","110/07/13","國票-新莊",22,0,22
"26976","1570力肯","110/07/13","永豐金-苓雅",0,22,-22
"26977","1570力肯","110/07/13","日盛-桃園",12,0,12
"26978","1570力肯","110/07/13","永豐金-永康",0,19,-19
"26979","1570力肯","110/07/13","元大-高雄",12,0,12
"26980","1570力肯","110/07/13","富邦-員林",0,15,-15
"26981","1570力肯","110/07/13","合庫-自強",11,0,11
"26982","1570力肯","110/07/13","凱基-台南",0,11,-11
"26983","1570力肯","110/07/13","摩根大通",26,15,11
"26984","1570力肯","110/07/13","日盛-竹北",0,10,-10
"26985","1570力肯","110/07/13","永豐金-中盛",11,0,11
"26986","1570力肯","110/07/13","國票-九鼎",0,10,-10
"26987","1570力肯","110/07/13","兆豐-台中港",10,0,10
"26988","1570力肯","110/07/13","凱基-桃園",0,10,-10
"26989","1570力肯","110/07/13","國泰-松江",9,0,9
"26990","1570力肯","110/07/13","凱基-新豐",0,10,-10
"26991","1570力肯","110/07/13","元大-新盛",9,0,9
"26992","1570力肯","110/07/13","元大-學甲",0,10,-10
"26993","1570力肯","110/07/13","元富-緯城",6,0,6
"26994","1570力肯","110/07/13","群益金鼎-東湖",1,10,-9
"26995","1570力肯","110/07/13","統一-三重",5,0,5
"26996","1570力肯","110/07/13","大昌",0,6,-6
"26997","1570力肯","110/07/13","元大-前金",5,0,5
"26998","1570力肯","110/07/13","元大-土城學府",0,6,-6
"26999","1570力肯","110/07/13","永豐金證券",5,0,5
"27000","1570力肯","110/07/13","統一",0,5,-5
"27001","6180橘子","110/07/13","摩根大通",119,0,119
"27002","6180橘子","110/07/13","元大-崇德",2,61,-59
"27003","6180橘子","110/07/13","美商高盛",96,0,96
"27004","6180橘子","110/07/13","康和-台中",0,51,-51
"27005","6180橘子","110/07/13","新加坡商瑞銀",86,7,79
"27006","6180橘子","110/07/13","康和-台北",0,50,-50
"27007","6180橘子","110/07/13","元大-和平",40,0,40
"27008","6180橘子","110/07/13","元富-潮州",0,40,-40
"27009","6180橘子","110/07/13","凱基-台北",83,47,36
"27010","6180橘子","110/07/13","日盛-永康",0,26,-26
"27011","6180橘子","110/07/13","美林",39,5,34
"27012","6180橘子","110/07/13","永豐金-中正",0,24,-24
"27013","6180橘子","110/07/13","富邦-新竹華信",31,2,29
"27014","6180橘子","110/07/13","國泰-板橋",2,25,-23
"27015","6180橘子","110/07/13","統一-南京",21,0,21
"27016","6180橘子","110/07/13","日盛-大墩",0,20,-20
"27017","6180橘子","110/07/13","富邦-陽明",24,3,21
"27018","6180橘子","110/07/13","元大-草屯",13,32,-19
"27019","6180橘子","110/07/13","大昌-樹林",21,1,20
"27020","6180橘子","110/07/13","元富-林園",1,18,-17
"27021","6180橘子","110/07/13","花旗環球",19,0,19
"27022","6180橘子","110/07/13","新光-新竹",1,18,-17
"27023","6180橘子","110/07/13","華南永昌-台南",19,0,19
"27024","6180橘子","110/07/13","元大-土城永寧",0,17,-17
"27025","6180橘子","110/07/13","福勝",14,0,14
"27026","6180橘子","110/07/13","國泰-新莊",3,19,-16
"27027","6180橘子","110/07/13","富邦-嘉義",12,1,11
"27028","6180橘子","110/07/13","中國信託-永康",6,21,-15
"27029","6180橘子","110/07/13","元大-板橋三民",11,0,11
"27030","6180橘子","110/07/13","凱基-東港",1,15,-14
"27031","2390云辰","110/07/13","新加坡商瑞銀",562,75,487
"27032","2390云辰","110/07/13","大展-台南",0,532,-532
"27033","2390云辰","110/07/13","台灣摩根士丹利",330,155,175
"27034","2390云辰","110/07/13","凱基-台北",668,854,-186
"27035","2390云辰","110/07/13","兆豐-公益",126,25,101
"27036","2390云辰","110/07/13","凱基-三重",12,172,-160
"27037","2390云辰","110/07/13","元富-中港",100,2,98
"27038","2390云辰","110/07/13","兆豐-忠孝",4,161,-157
"27039","2390云辰","110/07/13","統一-新台中",106,9,97
"27040","2390云辰","110/07/13","元大-士林",19,170,-151
"27041","2390云辰","110/07/13","中國信託-松江",81,11,70
"27042","2390云辰","110/07/13","臺銀-新竹",14,117,-103
"27043","2390云辰","110/07/13","日盛-板橋",72,3,69
"27044","2390云辰","110/07/13","國票-台中",4,102,-98
"27045","2390云辰","110/07/13","日盛-和美",57,0,57
"27046","2390云辰","110/07/13","新光",147,232,-85
"27047","2390云辰","110/07/13","永豐金-桃園",88,36,52
"27048","2390云辰","110/07/13","致和-崇德",2,70,-68
"27049","2390云辰","110/07/13","玉山-士林",54,4,50
"27050","2390云辰","110/07/13","群益金鼎-屏東",2,70,-68
"27051","2390云辰","110/07/13","富邦-仁愛",56,6,50
"27052","2390云辰","110/07/13","元大-大里",35,98,-63
"27053","2390云辰","110/07/13","第一金-豐原",50,1,49
"27054","2390云辰","110/07/13","元大-萬華",35,94,-59
"27055","2390云辰","110/07/13","摩根大通",502,453,49
"27056","2390云辰","110/07/13","元富-吉利",2,60,-58
"27057","2390云辰","110/07/13","凱基-松山",61,13,48
"27058","2390云辰","110/07/13","兆豐-新竹",3,53,-50
"27059","2390云辰","110/07/13","大昌",64,22,42
"27060","2390云辰","110/07/13","富邦-嘉義",65,108,-43
"27061","2363矽統","110/07/13","凱基-南崁",2133,63,2070
"27062","2363矽統","110/07/13","凱基-幸福",36,4048,-4012
"27063","2363矽統","110/07/13","國泰-敦南",2195,1617,578
"27064","2363矽統","110/07/13","統一",192,3325,-3133
"27065","2363矽統","110/07/13","中農",670,139,531
"27066","2363矽統","110/07/13","新加坡商瑞銀",1000,2747,-1747
"27067","2363矽統","110/07/13","康和-台中",638,154,484
"27068","2363矽統","110/07/13","凱基-台北",5359,6609,-1250
"27069","2363矽統","110/07/13","群益金鼎-三民",577,137,440
"27070","2363矽統","110/07/13","摩根大通",1930,2858,-928
"27071","2363矽統","110/07/13","台新-屏東",510,88,422
"27072","2363矽統","110/07/13","港商野村",960,1679,-719
"27073","2363矽統","110/07/13","德信-中正",455,67,388
"27074","2363矽統","110/07/13","兆豐-復興",25,705,-680
"27075","2363矽統","110/07/13","日盛-竹北",365,70,295
"27076","2363矽統","110/07/13","統一-仁愛",114,755,-641
"27077","2363矽統","110/07/13","元大-佳里",452,189,263
"27078","2363矽統","110/07/13","統一-敦南",29,638,-609
"27079","2363矽統","110/07/13","國票-博愛",296,38,258
"27080","2363矽統","110/07/13","統一-土城",100,704,-604
"27081","2363矽統","110/07/13","元大-萬華",340,95,245
"27082","2363矽統","110/07/13","統一-城中",116,676,-560
"27083","2363矽統","110/07/13","新光",1259,1031,228
"27084","2363矽統","110/07/13","永豐金證券",306,859,-553
"27085","2363矽統","110/07/13","元富-成功",323,96,227
"27086","2363矽統","110/07/13","元富",54,567,-513
"27087","2363矽統","110/07/13","豐農",228,23,205
"27088","2363矽統","110/07/13","瑞士信貸",202,666,-464
"27089","2363矽統","110/07/13","台灣企銀-岡山",186,4,182
"27090","2363矽統","110/07/13","永豐金-嘉義",67,468,-401
"27091","8112至上","110/07/13","摩根大通",688,296,392
"27092","8112至上","110/07/13","國票-中和",0,401,-401
"27093","8112至上","110/07/13","港商野村",344,145,199
"27094","8112至上","110/07/13","永豐金-板盛",0,205,-205
"27095","8112至上","110/07/13","兆豐-公益",195,5,190
"27096","8112至上","110/07/13","凱基-五股",43,155,-112
"27097","8112至上","110/07/13","台灣摩根士丹利",183,0,183
"27098","8112至上","110/07/13","凱基-市政",0,100,-100
"27099","8112至上","110/07/13","群益金鼎-敦南",153,2,151
"27100","8112至上","110/07/13","元大-大里德芳",1,92,-91
"27101","8112至上","110/07/13","臺銀-金山",146,26,120
"27102","8112至上","110/07/13","玉山-桃園",26,110,-84
"27103","8112至上","110/07/13","臺銀",133,19,114
"27104","8112至上","110/07/13","兆豐-天母",0,81,-81
"27105","8112至上","110/07/13","合庫-台中",115,6,109
"27106","8112至上","110/07/13","凱基-城中",3,84,-81
"27107","8112至上","110/07/13","亞東-板橋",134,26,108
"27108","8112至上","110/07/13","日盛-新莊",9,85,-76
"27109","8112至上","110/07/13","凱基-台北",414,326,88
"27110","8112至上","110/07/13","日盛-台中",2,64,-62
"27111","8112至上","110/07/13","新加坡商瑞銀",181,100,81
"27112","8112至上","110/07/13","日盛-中壢",3,64,-61
"27113","8112至上","110/07/13","國泰-敦南",108,31,77
"27114","8112至上","110/07/13","元大-台中",2,59,-57
"27115","8112至上","110/07/13","第一金-華江",77,4,73
"27116","8112至上","110/07/13","元大-雙和",7,64,-57
"27117","8112至上","110/07/13","永豐金-內湖",73,1,72
"27118","8112至上","110/07/13","元大-高雄",8,62,-54
"27119","8112至上","110/07/13","元大-永和",68,1,67
"27120","8112至上","110/07/13","元大-館前",2,55,-53
"27121","2929淘帝","110/07/13","玉山-新竹",130,0,130
"27122","2929淘帝","110/07/13","美商高盛",0,177,-177
"27123","2929淘帝","110/07/13","臺銀-民權",60,0,60
"27124","2929淘帝","110/07/13","凱基-台北",6,80,-74
"27125","2929淘帝","110/07/13","新百王",31,0,31
"27126","2929淘帝","110/07/13","元富-大裕",0,49,-49
"27127","2929淘帝","110/07/13","日盛-園區",30,0,30
"27128","2929淘帝","110/07/13","國泰-館前",3,51,-48
"27129","2929淘帝","110/07/13","元大-南投",31,1,30
"27130","2929淘帝","110/07/13","凱基-中壢",0,41,-41
"27131","2929淘帝","110/07/13","兆豐-忠孝",28,0,28
"27132","2929淘帝","110/07/13","港商野村",21,55,-34
"27133","2929淘帝","110/07/13","元大-民生",28,0,28
"27134","2929淘帝","110/07/13","華南永昌-南京",2,34,-32
"27135","2929淘帝","110/07/13","合庫-高雄",27,0,27
"27136","2929淘帝","110/07/13","群益金鼎-土城",0,30,-30
"27137","2929淘帝","110/07/13","凱基-豐中",27,0,27
"27138","2929淘帝","110/07/13","富邦-南屯",0,22,-22
"27139","2929淘帝","110/07/13","新光",21,4,17
"27140","2929淘帝","110/07/13","第一金-豐原",0,20,-20
"27141","2929淘帝","110/07/13","元大-天母",17,0,17
"27142","2929淘帝","110/07/13","元大-屏南",6,26,-20
"27143","2929淘帝","110/07/13","永興",14,0,14
"27144","2929淘帝","110/07/13","永豐金-敦南",1,21,-20
"27145","2929淘帝","110/07/13","富邦-台北",12,0,12
"27146","2929淘帝","110/07/13","凱基-三重",2,21,-19
"27147","2929淘帝","110/07/13","元大-永和",12,0,12
"27148","2929淘帝","110/07/13","富邦-仁愛",7,25,-18
"27149","2929淘帝","110/07/13","國票-天祥",11,0,11
"27150","2929淘帝","110/07/13","元大-北投",0,16,-16
"27151","2841台開","110/07/13","中國信託-高雄",251,50,201
"27152","2841台開","110/07/13","兆豐-公益",0,177,-177
"27153","2841台開","110/07/13","日盛證券",210,13,197
"27154","2841台開","110/07/13","日進",0,152,-152
"27155","2841台開","110/07/13","第一金-台中",55,0,55
"27156","2841台開","110/07/13","港商野村",0,109,-109
"27157","2841台開","110/07/13","國泰-板橋",46,0,46
"27158","2841台開","110/07/13","日盛-信義",0,103,-103
"27159","2841台開","110/07/13","國泰-館前",48,3,45
"27160","2841台開","110/07/13","國泰-敦南",11,75,-64
"27161","2841台開","110/07/13","華南永昌-新莊",45,0,45
"27162","2841台開","110/07/13","永興",0,50,-50
"27163","2841台開","110/07/13","日盛-園區",42,0,42
"27164","2841台開","110/07/13","永豐金-敦南",61,104,-43
"27165","2841台開","110/07/13","台新證券",32,0,32
"27166","2841台開","110/07/13","富邦-台南",0,42,-42
"27167","2841台開","110/07/13","台新-高雄",32,2,30
"27168","2841台開","110/07/13","國票-安和",0,30,-30
"27169","2841台開","110/07/13","豐農",23,0,23
"27170","2841台開","110/07/13","元大-桃園",0,25,-25
"27171","2841台開","110/07/13","合庫-嘉義",20,0,20
"27172","2841台開","110/07/13","新光",8,32,-24
"27173","2841台開","110/07/13","華南永昌-高雄",20,0,20
"27174","2841台開","110/07/13","元大-仁愛",0,24,-24
"27175","2841台開","110/07/13","元大-樹林",16,0,16
"27176","2841台開","110/07/13","日盛-中和",0,20,-20
"27177","2841台開","110/07/13","第一金-華江",15,2,13
"27178","2841台開","110/07/13","元富",0,20,-20
"27179","2841台開","110/07/13","美商高盛",12,0,12
"27180","2841台開","110/07/13","富邦-宜蘭",0,20,-20
"27181","6207雷科","110/07/13","元大-高雄",121,0,121
"27182","6207雷科","110/07/13","華南永昌-朴子",1,60,-59
"27183","6207雷科","110/07/13","第一金-新興",20,0,20
"27184","6207雷科","110/07/13","元大-南海",0,36,-36
"27185","6207雷科","110/07/13","元富-三重",20,0,20
"27186","6207雷科","110/07/13","凱基-土城",0,35,-35
"27187","6207雷科","110/07/13","元大-林園",15,0,15
"27188","6207雷科","110/07/13","台灣企銀",0,20,-20
"27189","6207雷科","110/07/13","元大-金華",16,1,15
"27190","6207雷科","110/07/13","群益金鼎-丹鳳",0,20,-20
"27191","6207雷科","110/07/13","日盛證券",10,0,10
"27192","6207雷科","110/07/13","元大-博愛",0,17,-17
"27193","6207雷科","110/07/13","統一-台中",10,0,10
"27194","6207雷科","110/07/13","元大-北港",0,13,-13
"27195","6207雷科","110/07/13","群益金鼎-土城",10,0,10
"27196","6207雷科","110/07/13","新加坡商瑞銀",0,12,-12
"27197","6207雷科","110/07/13","群益金鼎-桃園",10,0,10
"27198","6207雷科","110/07/13","凱基-台北",4,16,-12
"27199","6207雷科","110/07/13","永豐金-新莊",10,0,10
"27200","6207雷科","110/07/13","日茂-埔里",0,11,-11
"27201","6207雷科","110/07/13","永豐金-新店",10,0,10
"27202","6207雷科","110/07/13","元大-莒光",0,11,-11
"27203","6207雷科","110/07/13","元大證券",9,0,9
"27204","6207雷科","110/07/13","統一-新竹",0,10,-10
"27205","6207雷科","110/07/13","日盛-木柵",9,1,8
"27206","6207雷科","110/07/13","元大-西螺",0,10,-10
"27207","6207雷科","110/07/13","兆豐-來福",8,0,8
"27208","6207雷科","110/07/13","康和-台中",0,8,-8
"27209","6207雷科","110/07/13","新光",7,0,7
"27210","6207雷科","110/07/13","兆豐-高雄",0,6,-6
"27211","3679新至陞","110/07/13","永豐金證券",50,0,50
"27212","3679新至陞","110/07/13","摩根大通",2,25,-23
"27213","3679新至陞","110/07/13","國泰-桃園",22,0,22
"27214","3679新至陞","110/07/13","元大-成功",0,22,-22
"27215","3679新至陞","110/07/13","台中銀-員林",11,0,11
"27216","3679新至陞","110/07/13","富邦-板橋",1,19,-18
"27217","3679新至陞","110/07/13","元大-文心興安",8,0,8
"27218","3679新至陞","110/07/13","日盛-新莊",0,10,-10
"27219","3679新至陞","110/07/13","美商高盛",6,0,6
"27220","3679新至陞","110/07/13","台新-台中",0,10,-10
"27221","3679新至陞","110/07/13","台新-高雄",6,0,6
"27222","3679新至陞","110/07/13","永豐金-新竹",0,8,-8
"27223","3679新至陞","110/07/13","凱基-台北",18,12,6
"27224","3679新至陞","110/07/13","瑞士信貸",12,19,-7
"27225","3679新至陞","110/07/13","日盛-復興",5,0,5
"27226","3679新至陞","110/07/13","統一-南京",0,7,-7
"27227","3679新至陞","110/07/13","(牛牛牛)亞-鑫豐",4,0,4
"27228","3679新至陞","110/07/13","凱基-新莊",0,7,-7
"27229","3679新至陞","110/07/13","元富-大昌",3,0,3
"27230","3679新至陞","110/07/13","新加坡商瑞銀",0,6,-6
"27231","3679新至陞","110/07/13","富邦-台北",3,0,3
"27232","3679新至陞","110/07/13","合庫-自強",0,5,-5
"27233","3679新至陞","110/07/13","日盛-樹林",2,0,2
"27234","3679新至陞","110/07/13","富邦-桃園",0,5,-5
"27235","3679新至陞","110/07/13","宏遠-光隆",2,0,2
"27236","3679新至陞","110/07/13","永豐金-潮州",0,4,-4
"27237","3679新至陞","110/07/13","美林",3,1,2
"27238","3679新至陞","110/07/13","臺銀-臺南",0,3,-3
"27239","3679新至陞","110/07/13","第一金-中壢",2,0,2
"27240","3679新至陞","110/07/13","元大-六合",0,3,-3
"27241","2727王品","110/07/13","富邦-台北",43,3,40
"27242","2727王品","110/07/13","台灣摩根士丹利",15,97,-82
"27243","2727王品","110/07/13","元大-基隆孝二",40,0,40
"27244","2727王品","110/07/13","玉山-台南",5,57,-52
"27245","2727王品","110/07/13","國票-新莊",40,1,39
"27246","2727王品","110/07/13","新加坡商瑞銀",0,48,-48
"27247","2727王品","110/07/13","第一金-豐原",66,42,24
"27248","2727王品","110/07/13","凱基-台北",41,77,-36
"27249","2727王品","110/07/13","永豐金-大園",34,10,24
"27250","2727王品","110/07/13","永豐金-永康",0,22,-22
"27251","2727王品","110/07/13","元大-北屯",22,0,22
"27252","2727王品","110/07/13","統一-台中",2,22,-20
"27253","2727王品","110/07/13","元大-東蘆",26,7,19
"27254","2727王品","110/07/13","國泰-台中",21,39,-18
"27255","2727王品","110/07/13","永豐金-萬盛",13,1,12
"27256","2727王品","110/07/13","合庫-彰化",3,20,-17
"27257","2727王品","110/07/13","日盛-嘉義",11,0,11
"27258","2727王品","110/07/13","港商野村",13,30,-17
"27259","2727王品","110/07/13","日盛-八德",11,0,11
"27260","2727王品","110/07/13","元大-楊梅",1,16,-15
"27261","2727王品","110/07/13","統一-竹南",11,0,11
"27262","2727王品","110/07/13","凱基-高美館",2,15,-13
"27263","2727王品","110/07/13","日盛-士林",12,2,10
"27264","2727王品","110/07/13","美商高盛",2,14,-12
"27265","2727王品","110/07/13","統一-敦南",10,0,10
"27266","2727王品","110/07/13","統一-平鎮",1,13,-12
"27267","2727王品","110/07/13","中國信託",15,5,10
"27268","2727王品","110/07/13","兆豐-台中港",4,16,-12
"27269","2727王品","110/07/13","兆豐-竹北",13,3,10
"27270","2727王品","110/07/13","凱基-八德",1,13,-12
"27271","1570力肯","110/07/13","新光",115,11,104
"27272","1570力肯","110/07/13","元大-北三重",0,162,-162
"27273","1570力肯","110/07/13","群益金鼎-高雄",54,0,54
"27274","1570力肯","110/07/13","元大-大灣",0,25,-25
"27275","1570力肯","110/07/13","國票-新莊",22,0,22
"27276","1570力肯","110/07/13","永豐金-苓雅",0,22,-22
"27277","1570力肯","110/07/13","日盛-桃園",12,0,12
"27278","1570力肯","110/07/13","永豐金-永康",0,19,-19
"27279","1570力肯","110/07/13","元大-高雄",12,0,12
"27280","1570力肯","110/07/13","富邦-員林",0,15,-15
"27281","1570力肯","110/07/13","合庫-自強",11,0,11
"27282","1570力肯","110/07/13","凱基-台南",0,11,-11
"27283","1570力肯","110/07/13","摩根大通",26,15,11
"27284","1570力肯","110/07/13","日盛-竹北",0,10,-10
"27285","1570力肯","110/07/13","永豐金-中盛",11,0,11
"27286","1570力肯","110/07/13","國票-九鼎",0,10,-10
"27287","1570力肯","110/07/13","兆豐-台中港",10,0,10
"27288","1570力肯","110/07/13","凱基-桃園",0,10,-10
"27289","1570力肯","110/07/13","國泰-松江",9,0,9
"27290","1570力肯","110/07/13","凱基-新豐",0,10,-10
"27291","1570力肯","110/07/13","元大-新盛",9,0,9
"27292","1570力肯","110/07/13","元大-學甲",0,10,-10
"27293","1570力肯","110/07/13","元富-緯城",6,0,6
"27294","1570力肯","110/07/13","群益金鼎-東湖",1,10,-9
"27295","1570力肯","110/07/13","統一-三重",5,0,5
"27296","1570力肯","110/07/13","大昌",0,6,-6
"27297","1570力肯","110/07/13","元大-前金",5,0,5
"27298","1570力肯","110/07/13","元大-土城學府",0,6,-6
"27299","1570力肯","110/07/13","永豐金證券",5,0,5
"27300","1570力肯","110/07/13","統一",0,5,-5
"27301","6180橘子","110/07/13","摩根大通",119,0,119
"27302","6180橘子","110/07/13","元大-崇德",2,61,-59
"27303","6180橘子","110/07/13","美商高盛",96,0,96
"27304","6180橘子","110/07/13","康和-台中",0,51,-51
"27305","6180橘子","110/07/13","新加坡商瑞銀",86,7,79
"27306","6180橘子","110/07/13","康和-台北",0,50,-50
"27307","6180橘子","110/07/13","元大-和平",40,0,40
"27308","6180橘子","110/07/13","元富-潮州",0,40,-40
"27309","6180橘子","110/07/13","凱基-台北",83,47,36
"27310","6180橘子","110/07/13","日盛-永康",0,26,-26
"27311","6180橘子","110/07/13","美林",39,5,34
"27312","6180橘子","110/07/13","永豐金-中正",0,24,-24
"27313","6180橘子","110/07/13","富邦-新竹華信",31,2,29
"27314","6180橘子","110/07/13","國泰-板橋",2,25,-23
"27315","6180橘子","110/07/13","統一-南京",21,0,21
"27316","6180橘子","110/07/13","日盛-大墩",0,20,-20
"27317","6180橘子","110/07/13","富邦-陽明",24,3,21
"27318","6180橘子","110/07/13","元大-草屯",13,32,-19
"27319","6180橘子","110/07/13","大昌-樹林",21,1,20
"27320","6180橘子","110/07/13","元富-林園",1,18,-17
"27321","6180橘子","110/07/13","花旗環球",19,0,19
"27322","6180橘子","110/07/13","新光-新竹",1,18,-17
"27323","6180橘子","110/07/13","華南永昌-台南",19,0,19
"27324","6180橘子","110/07/13","元大-土城永寧",0,17,-17
"27325","6180橘子","110/07/13","福勝",14,0,14
"27326","6180橘子","110/07/13","國泰-新莊",3,19,-16
"27327","6180橘子","110/07/13","富邦-嘉義",12,1,11
"27328","6180橘子","110/07/13","中國信託-永康",6,21,-15
"27329","6180橘子","110/07/13","元大-板橋三民",11,0,11
"27330","6180橘子","110/07/13","凱基-東港",1,15,-14
"27331","2390云辰","110/07/13","新加坡商瑞銀",562,75,487
"27332","2390云辰","110/07/13","大展-台南",0,532,-532
"27333","2390云辰","110/07/13","台灣摩根士丹利",330,155,175
"27334","2390云辰","110/07/13","凱基-台北",668,854,-186
"27335","2390云辰","110/07/13","兆豐-公益",126,25,101
"27336","2390云辰","110/07/13","凱基-三重",12,172,-160
"27337","2390云辰","110/07/13","元富-中港",100,2,98
"27338","2390云辰","110/07/13","兆豐-忠孝",4,161,-157
"27339","2390云辰","110/07/13","統一-新台中",106,9,97
"27340","2390云辰","110/07/13","元大-士林",19,170,-151
"27341","2390云辰","110/07/13","中國信託-松江",81,11,70
"27342","2390云辰","110/07/13","臺銀-新竹",14,117,-103
"27343","2390云辰","110/07/13","日盛-板橋",72,3,69
"27344","2390云辰","110/07/13","國票-台中",4,102,-98
"27345","2390云辰","110/07/13","日盛-和美",57,0,57
"27346","2390云辰","110/07/13","新光",147,232,-85
"27347","2390云辰","110/07/13","永豐金-桃園",88,36,52
"27348","2390云辰","110/07/13","致和-崇德",2,70,-68
"27349","2390云辰","110/07/13","玉山-士林",54,4,50
"27350","2390云辰","110/07/13","群益金鼎-屏東",2,70,-68
"27351","2390云辰","110/07/13","富邦-仁愛",56,6,50
"27352","2390云辰","110/07/13","元大-大里",35,98,-63
"27353","2390云辰","110/07/13","第一金-豐原",50,1,49
"27354","2390云辰","110/07/13","元大-萬華",35,94,-59
"27355","2390云辰","110/07/13","摩根大通",502,453,49
"27356","2390云辰","110/07/13","元富-吉利",2,60,-58
"27357","2390云辰","110/07/13","凱基-松山",61,13,48
"27358","2390云辰","110/07/13","兆豐-新竹",3,53,-50
"27359","2390云辰","110/07/13","大昌",64,22,42
"27360","2390云辰","110/07/13","富邦-嘉義",65,108,-43
"27361","2363矽統","110/07/13","凱基-南崁",2133,63,2070
"27362","2363矽統","110/07/13","凱基-幸福",36,4048,-4012
"27363","2363矽統","110/07/13","國泰-敦南",2195,1617,578
"27364","2363矽統","110/07/13","統一",192,3325,-3133
"27365","2363矽統","110/07/13","中農",670,139,531
"27366","2363矽統","110/07/13","新加坡商瑞銀",1000,2747,-1747
"27367","2363矽統","110/07/13","康和-台中",638,154,484
"27368","2363矽統","110/07/13","凱基-台北",5359,6609,-1250
"27369","2363矽統","110/07/13","群益金鼎-三民",577,137,440
"27370","2363矽統","110/07/13","摩根大通",1930,2858,-928
"27371","2363矽統","110/07/13","台新-屏東",510,88,422
"27372","2363矽統","110/07/13","港商野村",960,1679,-719
"27373","2363矽統","110/07/13","德信-中正",455,67,388
"27374","2363矽統","110/07/13","兆豐-復興",25,705,-680
"27375","2363矽統","110/07/13","日盛-竹北",365,70,295
"27376","2363矽統","110/07/13","統一-仁愛",114,755,-641
"27377","2363矽統","110/07/13","元大-佳里",452,189,263
"27378","2363矽統","110/07/13","統一-敦南",29,638,-609
"27379","2363矽統","110/07/13","國票-博愛",296,38,258
"27380","2363矽統","110/07/13","統一-土城",100,704,-604
"27381","2363矽統","110/07/13","元大-萬華",340,95,245
"27382","2363矽統","110/07/13","統一-城中",116,676,-560
"27383","2363矽統","110/07/13","新光",1259,1031,228
"27384","2363矽統","110/07/13","永豐金證券",306,859,-553
"27385","2363矽統","110/07/13","元富-成功",323,96,227
"27386","2363矽統","110/07/13","元富",54,567,-513
"27387","2363矽統","110/07/13","豐農",228,23,205
"27388","2363矽統","110/07/13","瑞士信貸",202,666,-464
"27389","2363矽統","110/07/13","台灣企銀-岡山",186,4,182
"27390","2363矽統","110/07/13","永豐金-嘉義",67,468,-401
"27391","8112至上","110/07/13","摩根大通",688,296,392
"27392","8112至上","110/07/13","國票-中和",0,401,-401
"27393","8112至上","110/07/13","港商野村",344,145,199
"27394","8112至上","110/07/13","永豐金-板盛",0,205,-205
"27395","8112至上","110/07/13","兆豐-公益",195,5,190
"27396","8112至上","110/07/13","凱基-五股",43,155,-112
"27397","8112至上","110/07/13","台灣摩根士丹利",183,0,183
"27398","8112至上","110/07/13","凱基-市政",0,100,-100
"27399","8112至上","110/07/13","群益金鼎-敦南",153,2,151
"27400","8112至上","110/07/13","元大-大里德芳",1,92,-91
"27401","8112至上","110/07/13","臺銀-金山",146,26,120
"27402","8112至上","110/07/13","玉山-桃園",26,110,-84
"27403","8112至上","110/07/13","臺銀",133,19,114
"27404","8112至上","110/07/13","兆豐-天母",0,81,-81
"27405","8112至上","110/07/13","合庫-台中",115,6,109
"27406","8112至上","110/07/13","凱基-城中",3,84,-81
"27407","8112至上","110/07/13","亞東-板橋",134,26,108
"27408","8112至上","110/07/13","日盛-新莊",9,85,-76
"27409","8112至上","110/07/13","凱基-台北",414,326,88
"27410","8112至上","110/07/13","日盛-台中",2,64,-62
"27411","8112至上","110/07/13","新加坡商瑞銀",181,100,81
"27412","8112至上","110/07/13","日盛-中壢",3,64,-61
"27413","8112至上","110/07/13","國泰-敦南",108,31,77
"27414","8112至上","110/07/13","元大-台中",2,59,-57
"27415","8112至上","110/07/13","第一金-華江",77,4,73
"27416","8112至上","110/07/13","元大-雙和",7,64,-57
"27417","8112至上","110/07/13","永豐金-內湖",73,1,72
"27418","8112至上","110/07/13","元大-高雄",8,62,-54
"27419","8112至上","110/07/13","元大-永和",68,1,67
"27420","8112至上","110/07/13","元大-館前",2,55,-53
"27421","2929淘帝","110/07/13","玉山-新竹",130,0,130
"27422","2929淘帝","110/07/13","美商高盛",0,177,-177
"27423","2929淘帝","110/07/13","臺銀-民權",60,0,60
"27424","2929淘帝","110/07/13","凱基-台北",6,80,-74
"27425","2929淘帝","110/07/13","新百王",31,0,31
"27426","2929淘帝","110/07/13","元富-大裕",0,49,-49
"27427","2929淘帝","110/07/13","日盛-園區",30,0,30
"27428","2929淘帝","110/07/13","國泰-館前",3,51,-48
"27429","2929淘帝","110/07/13","元大-南投",31,1,30
"27430","2929淘帝","110/07/13","凱基-中壢",0,41,-41
"27431","2929淘帝","110/07/13","兆豐-忠孝",28,0,28
"27432","2929淘帝","110/07/13","港商野村",21,55,-34
"27433","2929淘帝","110/07/13","元大-民生",28,0,28
"27434","2929淘帝","110/07/13","華南永昌-南京",2,34,-32
"27435","2929淘帝","110/07/13","合庫-高雄",27,0,27
"27436","2929淘帝","110/07/13","群益金鼎-土城",0,30,-30
"27437","2929淘帝","110/07/13","凱基-豐中",27,0,27
"27438","2929淘帝","110/07/13","富邦-南屯",0,22,-22
"27439","2929淘帝","110/07/13","新光",21,4,17
"27440","2929淘帝","110/07/13","第一金-豐原",0,20,-20
"27441","2929淘帝","110/07/13","元大-天母",17,0,17
"27442","2929淘帝","110/07/13","元大-屏南",6,26,-20
"27443","2929淘帝","110/07/13","永興",14,0,14
"27444","2929淘帝","110/07/13","永豐金-敦南",1,21,-20
"27445","2929淘帝","110/07/13","富邦-台北",12,0,12
"27446","2929淘帝","110/07/13","凱基-三重",2,21,-19
"27447","2929淘帝","110/07/13","元大-永和",12,0,12
"27448","2929淘帝","110/07/13","富邦-仁愛",7,25,-18
"27449","2929淘帝","110/07/13","國票-天祥",11,0,11
"27450","2929淘帝","110/07/13","元大-北投",0,16,-16
"27451","5410國眾","110/07/13","兆豐-城中",274,0,274
"27452","5410國眾","110/07/13","元富-嘉義",0,103,-103
"27453","5410國眾","110/07/13","新光",50,4,46
"27454","5410國眾","110/07/13","凱基-台北",0,50,-50
"27455","5410國眾","110/07/13","國泰-台中",26,0,26
"27456","5410國眾","110/07/13","瑞士信貸",0,31,-31
"27457","5410國眾","110/07/13","新加坡商瑞銀",22,0,22
"27458","5410國眾","110/07/13","台新-新莊",0,27,-27
"27459","5410國眾","110/07/13","光和-嘉義",20,0,20
"27460","5410國眾","110/07/13","元大-汐止",0,20,-20
"27461","5410國眾","110/07/13","凱基-竹北",17,0,17
"27462","5410國眾","110/07/13","亞東-新竹",0,17,-17
"27463","5410國眾","110/07/13","新光-桃園",15,0,15
"27464","5410國眾","110/07/13","元大-南勢角",0,13,-13
"27465","5410國眾","110/07/13","凱基-台東",14,0,14
"27466","5410國眾","110/07/13","台新-台南",0,12,-12
"27467","5410國眾","110/07/13","富邦-竹北",11,0,11
"27468","5410國眾","110/07/13","中國信託",0,11,-11
"27469","5410國眾","110/07/13","元富-同大",10,0,10
"27470","5410國眾","110/07/13","華南永昌",0,11,-11
"27471","5410國眾","110/07/13","國泰-敦南",24,15,9
"27472","5410國眾","110/07/13","臺銀-臺南",0,10,-10
"27473","5410國眾","110/07/13","日盛-內湖",7,0,7
"27474","5410國眾","110/07/13","台灣企銀-民雄",0,10,-10
"27475","5410國眾","110/07/13","台新-左楠",7,0,7
"27476","5410國眾","110/07/13","高橋",0,10,-10
"27477","5410國眾","110/07/13","元大-新盛",18,12,6
"27478","5410國眾","110/07/13","康和-嘉義",0,10,-10
"27479","5410國眾","110/07/13","統一",5,0,5
"27480","5410國眾","110/07/13","凱基-基隆",0,10,-10
"27481","2841台開","110/07/13","中國信託-高雄",251,50,201
"27482","2841台開","110/07/13","兆豐-公益",0,177,-177
"27483","2841台開","110/07/13","日盛證券",210,13,197
"27484","2841台開","110/07/13","日進",0,152,-152
"27485","2841台開","110/07/13","第一金-台中",55,0,55
"27486","2841台開","110/07/13","港商野村",0,109,-109
"27487","2841台開","110/07/13","國泰-板橋",46,0,46
"27488","2841台開","110/07/13","日盛-信義",0,103,-103
"27489","2841台開","110/07/13","國泰-館前",48,3,45
"27490","2841台開","110/07/13","國泰-敦南",11,75,-64
"27491","2841台開","110/07/13","華南永昌-新莊",45,0,45
"27492","2841台開","110/07/13","永興",0,50,-50
"27493","2841台開","110/07/13","日盛-園區",42,0,42
"27494","2841台開","110/07/13","永豐金-敦南",61,104,-43
"27495","2841台開","110/07/13","台新證券",32,0,32
"27496","2841台開","110/07/13","富邦-台南",0,42,-42
"27497","2841台開","110/07/13","台新-高雄",32,2,30
"27498","2841台開","110/07/13","國票-安和",0,30,-30
"27499","2841台開","110/07/13","豐農",23,0,23
"27500","2841台開","110/07/13","元大-桃園",0,25,-25
"27501","2841台開","110/07/13","合庫-嘉義",20,0,20
"27502","2841台開","110/07/13","新光",8,32,-24
"27503","2841台開","110/07/13","華南永昌-高雄",20,0,20
"27504","2841台開","110/07/13","元大-仁愛",0,24,-24
"27505","2841台開","110/07/13","元大-樹林",16,0,16
"27506","2841台開","110/07/13","日盛-中和",0,20,-20
"27507","2841台開","110/07/13","第一金-華江",15,2,13
"27508","2841台開","110/07/13","元富",0,20,-20
"27509","2841台開","110/07/13","美商高盛",12,0,12
"27510","2841台開","110/07/13","富邦-宜蘭",0,20,-20
"27511","6207雷科","110/07/13","元大-高雄",121,0,121
"27512","6207雷科","110/07/13","華南永昌-朴子",1,60,-59
"27513","6207雷科","110/07/13","第一金-新興",20,0,20
"27514","6207雷科","110/07/13","元大-南海",0,36,-36
"27515","6207雷科","110/07/13","元富-三重",20,0,20
"27516","6207雷科","110/07/13","凱基-土城",0,35,-35
"27517","6207雷科","110/07/13","元大-林園",15,0,15
"27518","6207雷科","110/07/13","台灣企銀",0,20,-20
"27519","6207雷科","110/07/13","元大-金華",16,1,15
"27520","6207雷科","110/07/13","群益金鼎-丹鳳",0,20,-20
"27521","6207雷科","110/07/13","日盛證券",10,0,10
"27522","6207雷科","110/07/13","元大-博愛",0,17,-17
"27523","6207雷科","110/07/13","統一-台中",10,0,10
"27524","6207雷科","110/07/13","元大-北港",0,13,-13
"27525","6207雷科","110/07/13","群益金鼎-土城",10,0,10
"27526","6207雷科","110/07/13","新加坡商瑞銀",0,12,-12
"27527","6207雷科","110/07/13","群益金鼎-桃園",10,0,10
"27528","6207雷科","110/07/13","凱基-台北",4,16,-12
"27529","6207雷科","110/07/13","永豐金-新莊",10,0,10
"27530","6207雷科","110/07/13","日茂-埔里",0,11,-11
"27531","6207雷科","110/07/13","永豐金-新店",10,0,10
"27532","6207雷科","110/07/13","元大-莒光",0,11,-11
"27533","6207雷科","110/07/13","元大證券",9,0,9
"27534","6207雷科","110/07/13","統一-新竹",0,10,-10
"27535","6207雷科","110/07/13","日盛-木柵",9,1,8
"27536","6207雷科","110/07/13","元大-西螺",0,10,-10
"27537","6207雷科","110/07/13","兆豐-來福",8,0,8
"27538","6207雷科","110/07/13","康和-台中",0,8,-8
"27539","6207雷科","110/07/13","新光",7,0,7
"27540","6207雷科","110/07/13","兆豐-高雄",0,6,-6
"27541","3679新至陞","110/07/13","永豐金證券",50,0,50
"27542","3679新至陞","110/07/13","摩根大通",2,25,-23
"27543","3679新至陞","110/07/13","國泰-桃園",22,0,22
"27544","3679新至陞","110/07/13","元大-成功",0,22,-22
"27545","3679新至陞","110/07/13","台中銀-員林",11,0,11
"27546","3679新至陞","110/07/13","富邦-板橋",1,19,-18
"27547","3679新至陞","110/07/13","元大-文心興安",8,0,8
"27548","3679新至陞","110/07/13","日盛-新莊",0,10,-10
"27549","3679新至陞","110/07/13","美商高盛",6,0,6
"27550","3679新至陞","110/07/13","台新-台中",0,10,-10
"27551","3679新至陞","110/07/13","台新-高雄",6,0,6
"27552","3679新至陞","110/07/13","永豐金-新竹",0,8,-8
"27553","3679新至陞","110/07/13","凱基-台北",18,12,6
"27554","3679新至陞","110/07/13","瑞士信貸",12,19,-7
"27555","3679新至陞","110/07/13","日盛-復興",5,0,5
"27556","3679新至陞","110/07/13","統一-南京",0,7,-7
"27557","3679新至陞","110/07/13","(牛牛牛)亞-鑫豐",4,0,4
"27558","3679新至陞","110/07/13","凱基-新莊",0,7,-7
"27559","3679新至陞","110/07/13","元富-大昌",3,0,3
"27560","3679新至陞","110/07/13","新加坡商瑞銀",0,6,-6
"27561","3679新至陞","110/07/13","富邦-台北",3,0,3
"27562","3679新至陞","110/07/13","合庫-自強",0,5,-5
"27563","3679新至陞","110/07/13","日盛-樹林",2,0,2
"27564","3679新至陞","110/07/13","富邦-桃園",0,5,-5
"27565","3679新至陞","110/07/13","宏遠-光隆",2,0,2
"27566","3679新至陞","110/07/13","永豐金-潮州",0,4,-4
"27567","3679新至陞","110/07/13","美林",3,1,2
"27568","3679新至陞","110/07/13","臺銀-臺南",0,3,-3
"27569","3679新至陞","110/07/13","第一金-中壢",2,0,2
"27570","3679新至陞","110/07/13","元大-六合",0,3,-3
"27571","2727王品","110/07/13","富邦-台北",43,3,40
"27572","2727王品","110/07/13","台灣摩根士丹利",15,97,-82
"27573","2727王品","110/07/13","元大-基隆孝二",40,0,40
"27574","2727王品","110/07/13","玉山-台南",5,57,-52
"27575","2727王品","110/07/13","國票-新莊",40,1,39
"27576","2727王品","110/07/13","新加坡商瑞銀",0,48,-48
"27577","2727王品","110/07/13","第一金-豐原",66,42,24
"27578","2727王品","110/07/13","凱基-台北",41,77,-36
"27579","2727王品","110/07/13","永豐金-大園",34,10,24
"27580","2727王品","110/07/13","永豐金-永康",0,22,-22
"27581","2727王品","110/07/13","元大-北屯",22,0,22
"27582","2727王品","110/07/13","統一-台中",2,22,-20
"27583","2727王品","110/07/13","元大-東蘆",26,7,19
"27584","2727王品","110/07/13","國泰-台中",21,39,-18
"27585","2727王品","110/07/13","永豐金-萬盛",13,1,12
"27586","2727王品","110/07/13","合庫-彰化",3,20,-17
"27587","2727王品","110/07/13","日盛-嘉義",11,0,11
"27588","2727王品","110/07/13","港商野村",13,30,-17
"27589","2727王品","110/07/13","日盛-八德",11,0,11
"27590","2727王品","110/07/13","元大-楊梅",1,16,-15
"27591","2727王品","110/07/13","統一-竹南",11,0,11
"27592","2727王品","110/07/13","凱基-高美館",2,15,-13
"27593","2727王品","110/07/13","日盛-士林",12,2,10
"27594","2727王品","110/07/13","美商高盛",2,14,-12
"27595","2727王品","110/07/13","統一-敦南",10,0,10
"27596","2727王品","110/07/13","統一-平鎮",1,13,-12
"27597","2727王品","110/07/13","中國信託",15,5,10
"27598","2727王品","110/07/13","兆豐-台中港",4,16,-12
"27599","2727王品","110/07/13","兆豐-竹北",13,3,10
"27600","2727王品","110/07/13","凱基-八德",1,13,-12
"27601","1570力肯","110/07/13","新光",115,11,104
"27602","1570力肯","110/07/13","元大-北三重",0,162,-162
"27603","1570力肯","110/07/13","群益金鼎-高雄",54,0,54
"27604","1570力肯","110/07/13","元大-大灣",0,25,-25
"27605","1570力肯","110/07/13","國票-新莊",22,0,22
"27606","1570力肯","110/07/13","永豐金-苓雅",0,22,-22
"27607","1570力肯","110/07/13","日盛-桃園",12,0,12
"27608","1570力肯","110/07/13","永豐金-永康",0,19,-19
"27609","1570力肯","110/07/13","元大-高雄",12,0,12
"27610","1570力肯","110/07/13","富邦-員林",0,15,-15
"27611","1570力肯","110/07/13","合庫-自強",11,0,11
"27612","1570力肯","110/07/13","凱基-台南",0,11,-11
"27613","1570力肯","110/07/13","摩根大通",26,15,11
"27614","1570力肯","110/07/13","日盛-竹北",0,10,-10
"27615","1570力肯","110/07/13","永豐金-中盛",11,0,11
"27616","1570力肯","110/07/13","國票-九鼎",0,10,-10
"27617","1570力肯","110/07/13","兆豐-台中港",10,0,10
"27618","1570力肯","110/07/13","凱基-桃園",0,10,-10
"27619","1570力肯","110/07/13","國泰-松江",9,0,9
"27620","1570力肯","110/07/13","凱基-新豐",0,10,-10
"27621","1570力肯","110/07/13","元大-新盛",9,0,9
"27622","1570力肯","110/07/13","元大-學甲",0,10,-10
"27623","1570力肯","110/07/13","元富-緯城",6,0,6
"27624","1570力肯","110/07/13","群益金鼎-東湖",1,10,-9
"27625","1570力肯","110/07/13","統一-三重",5,0,5
"27626","1570力肯","110/07/13","大昌",0,6,-6
"27627","1570力肯","110/07/13","元大-前金",5,0,5
"27628","1570力肯","110/07/13","元大-土城學府",0,6,-6
"27629","1570力肯","110/07/13","永豐金證券",5,0,5
"27630","1570力肯","110/07/13","統一",0,5,-5
"27631","6180橘子","110/07/13","摩根大通",119,0,119
"27632","6180橘子","110/07/13","元大-崇德",2,61,-59
"27633","6180橘子","110/07/13","美商高盛",96,0,96
"27634","6180橘子","110/07/13","康和-台中",0,51,-51
"27635","6180橘子","110/07/13","新加坡商瑞銀",86,7,79
"27636","6180橘子","110/07/13","康和-台北",0,50,-50
"27637","6180橘子","110/07/13","元大-和平",40,0,40
"27638","6180橘子","110/07/13","元富-潮州",0,40,-40
"27639","6180橘子","110/07/13","凱基-台北",83,47,36
"27640","6180橘子","110/07/13","日盛-永康",0,26,-26
"27641","6180橘子","110/07/13","美林",39,5,34
"27642","6180橘子","110/07/13","永豐金-中正",0,24,-24
"27643","6180橘子","110/07/13","富邦-新竹華信",31,2,29
"27644","6180橘子","110/07/13","國泰-板橋",2,25,-23
"27645","6180橘子","110/07/13","統一-南京",21,0,21
"27646","6180橘子","110/07/13","日盛-大墩",0,20,-20
"27647","6180橘子","110/07/13","富邦-陽明",24,3,21
"27648","6180橘子","110/07/13","元大-草屯",13,32,-19
"27649","6180橘子","110/07/13","大昌-樹林",21,1,20
"27650","6180橘子","110/07/13","元富-林園",1,18,-17
"27651","6180橘子","110/07/13","花旗環球",19,0,19
"27652","6180橘子","110/07/13","新光-新竹",1,18,-17
"27653","6180橘子","110/07/13","華南永昌-台南",19,0,19
"27654","6180橘子","110/07/13","元大-土城永寧",0,17,-17
"27655","6180橘子","110/07/13","福勝",14,0,14
"27656","6180橘子","110/07/13","國泰-新莊",3,19,-16
"27657","6180橘子","110/07/13","富邦-嘉義",12,1,11
"27658","6180橘子","110/07/13","中國信託-永康",6,21,-15
"27659","6180橘子","110/07/13","元大-板橋三民",11,0,11
"27660","6180橘子","110/07/13","凱基-東港",1,15,-14
"27661","2390云辰","110/07/13","新加坡商瑞銀",562,75,487
"27662","2390云辰","110/07/13","大展-台南",0,532,-532
"27663","2390云辰","110/07/13","台灣摩根士丹利",330,155,175
"27664","2390云辰","110/07/13","凱基-台北",668,854,-186
"27665","2390云辰","110/07/13","兆豐-公益",126,25,101
"27666","2390云辰","110/07/13","凱基-三重",12,172,-160
"27667","2390云辰","110/07/13","元富-中港",100,2,98
"27668","2390云辰","110/07/13","兆豐-忠孝",4,161,-157
"27669","2390云辰","110/07/13","統一-新台中",106,9,97
"27670","2390云辰","110/07/13","元大-士林",19,170,-151
"27671","2390云辰","110/07/13","中國信託-松江",81,11,70
"27672","2390云辰","110/07/13","臺銀-新竹",14,117,-103
"27673","2390云辰","110/07/13","日盛-板橋",72,3,69
"27674","2390云辰","110/07/13","國票-台中",4,102,-98
"27675","2390云辰","110/07/13","日盛-和美",57,0,57
"27676","2390云辰","110/07/13","新光",147,232,-85
"27677","2390云辰","110/07/13","永豐金-桃園",88,36,52
"27678","2390云辰","110/07/13","致和-崇德",2,70,-68
"27679","2390云辰","110/07/13","玉山-士林",54,4,50
"27680","2390云辰","110/07/13","群益金鼎-屏東",2,70,-68
"27681","2390云辰","110/07/13","富邦-仁愛",56,6,50
"27682","2390云辰","110/07/13","元大-大里",35,98,-63
"27683","2390云辰","110/07/13","第一金-豐原",50,1,49
"27684","2390云辰","110/07/13","元大-萬華",35,94,-59
"27685","2390云辰","110/07/13","摩根大通",502,453,49
"27686","2390云辰","110/07/13","元富-吉利",2,60,-58
"27687","2390云辰","110/07/13","凱基-松山",61,13,48
"27688","2390云辰","110/07/13","兆豐-新竹",3,53,-50
"27689","2390云辰","110/07/13","大昌",64,22,42
"27690","2390云辰","110/07/13","富邦-嘉義",65,108,-43
"27691","2363矽統","110/07/13","凱基-南崁",2133,63,2070
"27692","2363矽統","110/07/13","凱基-幸福",36,4048,-4012
"27693","2363矽統","110/07/13","國泰-敦南",2195,1617,578
"27694","2363矽統","110/07/13","統一",192,3325,-3133
"27695","2363矽統","110/07/13","中農",670,139,531
"27696","2363矽統","110/07/13","新加坡商瑞銀",1000,2747,-1747
"27697","2363矽統","110/07/13","康和-台中",638,154,484
"27698","2363矽統","110/07/13","凱基-台北",5359,6609,-1250
"27699","2363矽統","110/07/13","群益金鼎-三民",577,137,440
"27700","2363矽統","110/07/13","摩根大通",1930,2858,-928
"27701","2363矽統","110/07/13","台新-屏東",510,88,422
"27702","2363矽統","110/07/13","港商野村",960,1679,-719
"27703","2363矽統","110/07/13","德信-中正",455,67,388
"27704","2363矽統","110/07/13","兆豐-復興",25,705,-680
"27705","2363矽統","110/07/13","日盛-竹北",365,70,295
"27706","2363矽統","110/07/13","統一-仁愛",114,755,-641
"27707","2363矽統","110/07/13","元大-佳里",452,189,263
"27708","2363矽統","110/07/13","統一-敦南",29,638,-609
"27709","2363矽統","110/07/13","國票-博愛",296,38,258
"27710","2363矽統","110/07/13","統一-土城",100,704,-604
"27711","2363矽統","110/07/13","元大-萬華",340,95,245
"27712","2363矽統","110/07/13","統一-城中",116,676,-560
"27713","2363矽統","110/07/13","新光",1259,1031,228
"27714","2363矽統","110/07/13","永豐金證券",306,859,-553
"27715","2363矽統","110/07/13","元富-成功",323,96,227
"27716","2363矽統","110/07/13","元富",54,567,-513
"27717","2363矽統","110/07/13","豐農",228,23,205
"27718","2363矽統","110/07/13","瑞士信貸",202,666,-464
"27719","2363矽統","110/07/13","台灣企銀-岡山",186,4,182
"27720","2363矽統","110/07/13","永豐金-嘉義",67,468,-401
"27721","8112至上","110/07/13","摩根大通",688,296,392
"27722","8112至上","110/07/13","國票-中和",0,401,-401
"27723","8112至上","110/07/13","港商野村",344,145,199
"27724","8112至上","110/07/13","永豐金-板盛",0,205,-205
"27725","8112至上","110/07/13","兆豐-公益",195,5,190
"27726","8112至上","110/07/13","凱基-五股",43,155,-112
"27727","8112至上","110/07/13","台灣摩根士丹利",183,0,183
"27728","8112至上","110/07/13","凱基-市政",0,100,-100
"27729","8112至上","110/07/13","群益金鼎-敦南",153,2,151
"27730","8112至上","110/07/13","元大-大里德芳",1,92,-91
"27731","8112至上","110/07/13","臺銀-金山",146,26,120
"27732","8112至上","110/07/13","玉山-桃園",26,110,-84
"27733","8112至上","110/07/13","臺銀",133,19,114
"27734","8112至上","110/07/13","兆豐-天母",0,81,-81
"27735","8112至上","110/07/13","合庫-台中",115,6,109
"27736","8112至上","110/07/13","凱基-城中",3,84,-81
"27737","8112至上","110/07/13","亞東-板橋",134,26,108
"27738","8112至上","110/07/13","日盛-新莊",9,85,-76
"27739","8112至上","110/07/13","凱基-台北",414,326,88
"27740","8112至上","110/07/13","日盛-台中",2,64,-62
"27741","8112至上","110/07/13","新加坡商瑞銀",181,100,81
"27742","8112至上","110/07/13","日盛-中壢",3,64,-61
"27743","8112至上","110/07/13","國泰-敦南",108,31,77
"27744","8112至上","110/07/13","元大-台中",2,59,-57
"27745","8112至上","110/07/13","第一金-華江",77,4,73
"27746","8112至上","110/07/13","元大-雙和",7,64,-57
"27747","8112至上","110/07/13","永豐金-內湖",73,1,72
"27748","8112至上","110/07/13","元大-高雄",8,62,-54
"27749","8112至上","110/07/13","元大-永和",68,1,67
"27750","8112至上","110/07/13","元大-館前",2,55,-53
"27751","2929淘帝","110/07/13","玉山-新竹",130,0,130
"27752","2929淘帝","110/07/13","美商高盛",0,177,-177
"27753","2929淘帝","110/07/13","臺銀-民權",60,0,60
"27754","2929淘帝","110/07/13","凱基-台北",6,80,-74
"27755","2929淘帝","110/07/13","新百王",31,0,31
"27756","2929淘帝","110/07/13","元富-大裕",0,49,-49
"27757","2929淘帝","110/07/13","日盛-園區",30,0,30
"27758","2929淘帝","110/07/13","國泰-館前",3,51,-48
"27759","2929淘帝","110/07/13","元大-南投",31,1,30
"27760","2929淘帝","110/07/13","凱基-中壢",0,41,-41
"27761","2929淘帝","110/07/13","兆豐-忠孝",28,0,28
"27762","2929淘帝","110/07/13","港商野村",21,55,-34
"27763","2929淘帝","110/07/13","元大-民生",28,0,28
"27764","2929淘帝","110/07/13","華南永昌-南京",2,34,-32
"27765","2929淘帝","110/07/13","合庫-高雄",27,0,27
"27766","2929淘帝","110/07/13","群益金鼎-土城",0,30,-30
"27767","2929淘帝","110/07/13","凱基-豐中",27,0,27
"27768","2929淘帝","110/07/13","富邦-南屯",0,22,-22
"27769","2929淘帝","110/07/13","新光",21,4,17
"27770","2929淘帝","110/07/13","第一金-豐原",0,20,-20
"27771","2929淘帝","110/07/13","元大-天母",17,0,17
"27772","2929淘帝","110/07/13","元大-屏南",6,26,-20
"27773","2929淘帝","110/07/13","永興",14,0,14
"27774","2929淘帝","110/07/13","永豐金-敦南",1,21,-20
"27775","2929淘帝","110/07/13","富邦-台北",12,0,12
"27776","2929淘帝","110/07/13","凱基-三重",2,21,-19
"27777","2929淘帝","110/07/13","元大-永和",12,0,12
"27778","2929淘帝","110/07/13","富邦-仁愛",7,25,-18
"27779","2929淘帝","110/07/13","國票-天祥",11,0,11
"27780","2929淘帝","110/07/13","元大-北投",0,16,-16
"27781","5410國眾","110/07/13","兆豐-城中",274,0,274
"27782","5410國眾","110/07/13","元富-嘉義",0,103,-103
"27783","5410國眾","110/07/13","新光",50,4,46
"27784","5410國眾","110/07/13","凱基-台北",0,50,-50
"27785","5410國眾","110/07/13","國泰-台中",26,0,26
"27786","5410國眾","110/07/13","瑞士信貸",0,31,-31
"27787","5410國眾","110/07/13","新加坡商瑞銀",22,0,22
"27788","5410國眾","110/07/13","台新-新莊",0,27,-27
"27789","5410國眾","110/07/13","光和-嘉義",20,0,20
"27790","5410國眾","110/07/13","元大-汐止",0,20,-20
"27791","5410國眾","110/07/13","凱基-竹北",17,0,17
"27792","5410國眾","110/07/13","亞東-新竹",0,17,-17
"27793","5410國眾","110/07/13","新光-桃園",15,0,15
"27794","5410國眾","110/07/13","元大-南勢角",0,13,-13
"27795","5410國眾","110/07/13","凱基-台東",14,0,14
"27796","5410國眾","110/07/13","台新-台南",0,12,-12
"27797","5410國眾","110/07/13","富邦-竹北",11,0,11
"27798","5410國眾","110/07/13","中國信託",0,11,-11
"27799","5410國眾","110/07/13","元富-同大",10,0,10
"27800","5410國眾","110/07/13","華南永昌",0,11,-11
"27801","5410國眾","110/07/13","國泰-敦南",24,15,9
"27802","5410國眾","110/07/13","臺銀-臺南",0,10,-10
"27803","5410國眾","110/07/13","日盛-內湖",7,0,7
"27804","5410國眾","110/07/13","台灣企銀-民雄",0,10,-10
"27805","5410國眾","110/07/13","台新-左楠",7,0,7
"27806","5410國眾","110/07/13","高橋",0,10,-10
"27807","5410國眾","110/07/13","元大-新盛",18,12,6
"27808","5410國眾","110/07/13","康和-嘉義",0,10,-10
"27809","5410國眾","110/07/13","統一",5,0,5
"27810","5410國眾","110/07/13","凱基-基隆",0,10,-10
"27811","2841台開","110/07/13","中國信託-高雄",251,50,201
"27812","2841台開","110/07/13","兆豐-公益",0,177,-177
"27813","2841台開","110/07/13","日盛證券",210,13,197
"27814","2841台開","110/07/13","日進",0,152,-152
"27815","2841台開","110/07/13","第一金-台中",55,0,55
"27816","2841台開","110/07/13","港商野村",0,109,-109
"27817","2841台開","110/07/13","國泰-板橋",46,0,46
"27818","2841台開","110/07/13","日盛-信義",0,103,-103
"27819","2841台開","110/07/13","國泰-館前",48,3,45
"27820","2841台開","110/07/13","國泰-敦南",11,75,-64
"27821","2841台開","110/07/13","華南永昌-新莊",45,0,45
"27822","2841台開","110/07/13","永興",0,50,-50
"27823","2841台開","110/07/13","日盛-園區",42,0,42
"27824","2841台開","110/07/13","永豐金-敦南",61,104,-43
"27825","2841台開","110/07/13","台新證券",32,0,32
"27826","2841台開","110/07/13","富邦-台南",0,42,-42
"27827","2841台開","110/07/13","台新-高雄",32,2,30
"27828","2841台開","110/07/13","國票-安和",0,30,-30
"27829","2841台開","110/07/13","豐農",23,0,23
"27830","2841台開","110/07/13","元大-桃園",0,25,-25
"27831","2841台開","110/07/13","合庫-嘉義",20,0,20
"27832","2841台開","110/07/13","新光",8,32,-24
"27833","2841台開","110/07/13","華南永昌-高雄",20,0,20
"27834","2841台開","110/07/13","元大-仁愛",0,24,-24
"27835","2841台開","110/07/13","元大-樹林",16,0,16
"27836","2841台開","110/07/13","日盛-中和",0,20,-20
"27837","2841台開","110/07/13","第一金-華江",15,2,13
"27838","2841台開","110/07/13","元富",0,20,-20
"27839","2841台開","110/07/13","美商高盛",12,0,12
"27840","2841台開","110/07/13","富邦-宜蘭",0,20,-20
"27841","6207雷科","110/07/13","元大-高雄",121,0,121
"27842","6207雷科","110/07/13","華南永昌-朴子",1,60,-59
"27843","6207雷科","110/07/13","第一金-新興",20,0,20
"27844","6207雷科","110/07/13","元大-南海",0,36,-36
"27845","6207雷科","110/07/13","元富-三重",20,0,20
"27846","6207雷科","110/07/13","凱基-土城",0,35,-35
"27847","6207雷科","110/07/13","元大-林園",15,0,15
"27848","6207雷科","110/07/13","台灣企銀",0,20,-20
"27849","6207雷科","110/07/13","元大-金華",16,1,15
"27850","6207雷科","110/07/13","群益金鼎-丹鳳",0,20,-20
"27851","6207雷科","110/07/13","日盛證券",10,0,10
"27852","6207雷科","110/07/13","元大-博愛",0,17,-17
"27853","6207雷科","110/07/13","統一-台中",10,0,10
"27854","6207雷科","110/07/13","元大-北港",0,13,-13
"27855","6207雷科","110/07/13","群益金鼎-土城",10,0,10
"27856","6207雷科","110/07/13","新加坡商瑞銀",0,12,-12
"27857","6207雷科","110/07/13","群益金鼎-桃園",10,0,10
"27858","6207雷科","110/07/13","凱基-台北",4,16,-12
"27859","6207雷科","110/07/13","永豐金-新莊",10,0,10
"27860","6207雷科","110/07/13","日茂-埔里",0,11,-11
"27861","6207雷科","110/07/13","永豐金-新店",10,0,10
"27862","6207雷科","110/07/13","元大-莒光",0,11,-11
"27863","6207雷科","110/07/13","元大證券",9,0,9
"27864","6207雷科","110/07/13","統一-新竹",0,10,-10
"27865","6207雷科","110/07/13","日盛-木柵",9,1,8
"27866","6207雷科","110/07/13","元大-西螺",0,10,-10
"27867","6207雷科","110/07/13","兆豐-來福",8,0,8
"27868","6207雷科","110/07/13","康和-台中",0,8,-8
"27869","6207雷科","110/07/13","新光",7,0,7
"27870","6207雷科","110/07/13","兆豐-高雄",0,6,-6
"27871","3679新至陞","110/07/13","永豐金證券",50,0,50
"27872","3679新至陞","110/07/13","摩根大通",2,25,-23
"27873","3679新至陞","110/07/13","國泰-桃園",22,0,22
"27874","3679新至陞","110/07/13","元大-成功",0,22,-22
"27875","3679新至陞","110/07/13","台中銀-員林",11,0,11
"27876","3679新至陞","110/07/13","富邦-板橋",1,19,-18
"27877","3679新至陞","110/07/13","元大-文心興安",8,0,8
"27878","3679新至陞","110/07/13","日盛-新莊",0,10,-10
"27879","3679新至陞","110/07/13","美商高盛",6,0,6
"27880","3679新至陞","110/07/13","台新-台中",0,10,-10
"27881","3679新至陞","110/07/13","台新-高雄",6,0,6
"27882","3679新至陞","110/07/13","永豐金-新竹",0,8,-8
"27883","3679新至陞","110/07/13","凱基-台北",18,12,6
"27884","3679新至陞","110/07/13","瑞士信貸",12,19,-7
"27885","3679新至陞","110/07/13","日盛-復興",5,0,5
"27886","3679新至陞","110/07/13","統一-南京",0,7,-7
"27887","3679新至陞","110/07/13","(牛牛牛)亞-鑫豐",4,0,4
"27888","3679新至陞","110/07/13","凱基-新莊",0,7,-7
"27889","3679新至陞","110/07/13","元富-大昌",3,0,3
"27890","3679新至陞","110/07/13","新加坡商瑞銀",0,6,-6
"27891","3679新至陞","110/07/13","富邦-台北",3,0,3
"27892","3679新至陞","110/07/13","合庫-自強",0,5,-5
"27893","3679新至陞","110/07/13","日盛-樹林",2,0,2
"27894","3679新至陞","110/07/13","富邦-桃園",0,5,-5
"27895","3679新至陞","110/07/13","宏遠-光隆",2,0,2
"27896","3679新至陞","110/07/13","永豐金-潮州",0,4,-4
"27897","3679新至陞","110/07/13","美林",3,1,2
"27898","3679新至陞","110/07/13","臺銀-臺南",0,3,-3
"27899","3679新至陞","110/07/13","第一金-中壢",2,0,2
"27900","3679新至陞","110/07/13","元大-六合",0,3,-3
"27901","2727王品","110/07/13","富邦-台北",43,3,40
"27902","2727王品","110/07/13","台灣摩根士丹利",15,97,-82
"27903","2727王品","110/07/13","元大-基隆孝二",40,0,40
"27904","2727王品","110/07/13","玉山-台南",5,57,-52
"27905","2727王品","110/07/13","國票-新莊",40,1,39
"27906","2727王品","110/07/13","新加坡商瑞銀",0,48,-48
"27907","2727王品","110/07/13","第一金-豐原",66,42,24
"27908","2727王品","110/07/13","凱基-台北",41,77,-36
"27909","2727王品","110/07/13","永豐金-大園",34,10,24
"27910","2727王品","110/07/13","永豐金-永康",0,22,-22
"27911","2727王品","110/07/13","元大-北屯",22,0,22
"27912","2727王品","110/07/13","統一-台中",2,22,-20
"27913","2727王品","110/07/13","元大-東蘆",26,7,19
"27914","2727王品","110/07/13","國泰-台中",21,39,-18
"27915","2727王品","110/07/13","永豐金-萬盛",13,1,12
"27916","2727王品","110/07/13","合庫-彰化",3,20,-17
"27917","2727王品","110/07/13","日盛-嘉義",11,0,11
"27918","2727王品","110/07/13","港商野村",13,30,-17
"27919","2727王品","110/07/13","日盛-八德",11,0,11
"27920","2727王品","110/07/13","元大-楊梅",1,16,-15
"27921","2727王品","110/07/13","統一-竹南",11,0,11
"27922","2727王品","110/07/13","凱基-高美館",2,15,-13
"27923","2727王品","110/07/13","日盛-士林",12,2,10
"27924","2727王品","110/07/13","美商高盛",2,14,-12
"27925","2727王品","110/07/13","統一-敦南",10,0,10
"27926","2727王品","110/07/13","統一-平鎮",1,13,-12
"27927","2727王品","110/07/13","中國信託",15,5,10
"27928","2727王品","110/07/13","兆豐-台中港",4,16,-12
"27929","2727王品","110/07/13","兆豐-竹北",13,3,10
"27930","2727王品","110/07/13","凱基-八德",1,13,-12
"27931","1570力肯","110/07/13","新光",115,11,104
"27932","1570力肯","110/07/13","元大-北三重",0,162,-162
"27933","1570力肯","110/07/13","群益金鼎-高雄",54,0,54
"27934","1570力肯","110/07/13","元大-大灣",0,25,-25
"27935","1570力肯","110/07/13","國票-新莊",22,0,22
"27936","1570力肯","110/07/13","永豐金-苓雅",0,22,-22
"27937","1570力肯","110/07/13","日盛-桃園",12,0,12
"27938","1570力肯","110/07/13","永豐金-永康",0,19,-19
"27939","1570力肯","110/07/13","元大-高雄",12,0,12
"27940","1570力肯","110/07/13","富邦-員林",0,15,-15
"27941","1570力肯","110/07/13","合庫-自強",11,0,11
"27942","1570力肯","110/07/13","凱基-台南",0,11,-11
"27943","1570力肯","110/07/13","摩根大通",26,15,11
"27944","1570力肯","110/07/13","日盛-竹北",0,10,-10
"27945","1570力肯","110/07/13","永豐金-中盛",11,0,11
"27946","1570力肯","110/07/13","國票-九鼎",0,10,-10
"27947","1570力肯","110/07/13","兆豐-台中港",10,0,10
"27948","1570力肯","110/07/13","凱基-桃園",0,10,-10
"27949","1570力肯","110/07/13","國泰-松江",9,0,9
"27950","1570力肯","110/07/13","凱基-新豐",0,10,-10
"27951","1570力肯","110/07/13","元大-新盛",9,0,9
"27952","1570力肯","110/07/13","元大-學甲",0,10,-10
"27953","1570力肯","110/07/13","元富-緯城",6,0,6
"27954","1570力肯","110/07/13","群益金鼎-東湖",1,10,-9
"27955","1570力肯","110/07/13","統一-三重",5,0,5
"27956","1570力肯","110/07/13","大昌",0,6,-6
"27957","1570力肯","110/07/13","元大-前金",5,0,5
"27958","1570力肯","110/07/13","元大-土城學府",0,6,-6
"27959","1570力肯","110/07/13","永豐金證券",5,0,5
"27960","1570力肯","110/07/13","統一",0,5,-5
"27961","6180橘子","110/07/13","摩根大通",119,0,119
"27962","6180橘子","110/07/13","元大-崇德",2,61,-59
"27963","6180橘子","110/07/13","美商高盛",96,0,96
"27964","6180橘子","110/07/13","康和-台中",0,51,-51
"27965","6180橘子","110/07/13","新加坡商瑞銀",86,7,79
"27966","6180橘子","110/07/13","康和-台北",0,50,-50
"27967","6180橘子","110/07/13","元大-和平",40,0,40
"27968","6180橘子","110/07/13","元富-潮州",0,40,-40
"27969","6180橘子","110/07/13","凱基-台北",83,47,36
"27970","6180橘子","110/07/13","日盛-永康",0,26,-26
"27971","6180橘子","110/07/13","美林",39,5,34
"27972","6180橘子","110/07/13","永豐金-中正",0,24,-24
"27973","6180橘子","110/07/13","富邦-新竹華信",31,2,29
"27974","6180橘子","110/07/13","國泰-板橋",2,25,-23
"27975","6180橘子","110/07/13","統一-南京",21,0,21
"27976","6180橘子","110/07/13","日盛-大墩",0,20,-20
"27977","6180橘子","110/07/13","富邦-陽明",24,3,21
"27978","6180橘子","110/07/13","元大-草屯",13,32,-19
"27979","6180橘子","110/07/13","大昌-樹林",21,1,20
"27980","6180橘子","110/07/13","元富-林園",1,18,-17
"27981","6180橘子","110/07/13","花旗環球",19,0,19
"27982","6180橘子","110/07/13","新光-新竹",1,18,-17
"27983","6180橘子","110/07/13","華南永昌-台南",19,0,19
"27984","6180橘子","110/07/13","元大-土城永寧",0,17,-17
"27985","6180橘子","110/07/13","福勝",14,0,14
"27986","6180橘子","110/07/13","國泰-新莊",3,19,-16
"27987","6180橘子","110/07/13","富邦-嘉義",12,1,11
"27988","6180橘子","110/07/13","中國信託-永康",6,21,-15
"27989","6180橘子","110/07/13","元大-板橋三民",11,0,11
"27990","6180橘子","110/07/13","凱基-東港",1,15,-14
"27991","2390云辰","110/07/13","新加坡商瑞銀",562,75,487
"27992","2390云辰","110/07/13","大展-台南",0,532,-532
"27993","2390云辰","110/07/13","台灣摩根士丹利",330,155,175
"27994","2390云辰","110/07/13","凱基-台北",668,854,-186
"27995","2390云辰","110/07/13","兆豐-公益",126,25,101
"27996","2390云辰","110/07/13","凱基-三重",12,172,-160
"27997","2390云辰","110/07/13","元富-中港",100,2,98
"27998","2390云辰","110/07/13","兆豐-忠孝",4,161,-157
"27999","2390云辰","110/07/13","統一-新台中",106,9,97
"28000","2390云辰","110/07/13","元大-士林",19,170,-151
"28001","2390云辰","110/07/13","中國信託-松江",81,11,70
"28002","2390云辰","110/07/13","臺銀-新竹",14,117,-103
"28003","2390云辰","110/07/13","日盛-板橋",72,3,69
"28004","2390云辰","110/07/13","國票-台中",4,102,-98
"28005","2390云辰","110/07/13","日盛-和美",57,0,57
"28006","2390云辰","110/07/13","新光",147,232,-85
"28007","2390云辰","110/07/13","永豐金-桃園",88,36,52
"28008","2390云辰","110/07/13","致和-崇德",2,70,-68
"28009","2390云辰","110/07/13","玉山-士林",54,4,50
"28010","2390云辰","110/07/13","群益金鼎-屏東",2,70,-68
"28011","2390云辰","110/07/13","富邦-仁愛",56,6,50
"28012","2390云辰","110/07/13","元大-大里",35,98,-63
"28013","2390云辰","110/07/13","第一金-豐原",50,1,49
"28014","2390云辰","110/07/13","元大-萬華",35,94,-59
"28015","2390云辰","110/07/13","摩根大通",502,453,49
"28016","2390云辰","110/07/13","元富-吉利",2,60,-58
"28017","2390云辰","110/07/13","凱基-松山",61,13,48
"28018","2390云辰","110/07/13","兆豐-新竹",3,53,-50
"28019","2390云辰","110/07/13","大昌",64,22,42
"28020","2390云辰","110/07/13","富邦-嘉義",65,108,-43
"28021","2363矽統","110/07/13","凱基-南崁",2133,63,2070
"28022","2363矽統","110/07/13","凱基-幸福",36,4048,-4012
"28023","2363矽統","110/07/13","國泰-敦南",2195,1617,578
"28024","2363矽統","110/07/13","統一",192,3325,-3133
"28025","2363矽統","110/07/13","中農",670,139,531
"28026","2363矽統","110/07/13","新加坡商瑞銀",1000,2747,-1747
"28027","2363矽統","110/07/13","康和-台中",638,154,484
"28028","2363矽統","110/07/13","凱基-台北",5359,6609,-1250
"28029","2363矽統","110/07/13","群益金鼎-三民",577,137,440
"28030","2363矽統","110/07/13","摩根大通",1930,2858,-928
"28031","2363矽統","110/07/13","台新-屏東",510,88,422
"28032","2363矽統","110/07/13","港商野村",960,1679,-719
"28033","2363矽統","110/07/13","德信-中正",455,67,388
"28034","2363矽統","110/07/13","兆豐-復興",25,705,-680
"28035","2363矽統","110/07/13","日盛-竹北",365,70,295
"28036","2363矽統","110/07/13","統一-仁愛",114,755,-641
"28037","2363矽統","110/07/13","元大-佳里",452,189,263
"28038","2363矽統","110/07/13","統一-敦南",29,638,-609
"28039","2363矽統","110/07/13","國票-博愛",296,38,258
"28040","2363矽統","110/07/13","統一-土城",100,704,-604
"28041","2363矽統","110/07/13","元大-萬華",340,95,245
"28042","2363矽統","110/07/13","統一-城中",116,676,-560
"28043","2363矽統","110/07/13","新光",1259,1031,228
"28044","2363矽統","110/07/13","永豐金證券",306,859,-553
"28045","2363矽統","110/07/13","元富-成功",323,96,227
"28046","2363矽統","110/07/13","元富",54,567,-513
"28047","2363矽統","110/07/13","豐農",228,23,205
"28048","2363矽統","110/07/13","瑞士信貸",202,666,-464
"28049","2363矽統","110/07/13","台灣企銀-岡山",186,4,182
"28050","2363矽統","110/07/13","永豐金-嘉義",67,468,-401
"28051","8112至上","110/07/13","摩根大通",688,296,392
"28052","8112至上","110/07/13","國票-中和",0,401,-401
"28053","8112至上","110/07/13","港商野村",344,145,199
"28054","8112至上","110/07/13","永豐金-板盛",0,205,-205
"28055","8112至上","110/07/13","兆豐-公益",195,5,190
"28056","8112至上","110/07/13","凱基-五股",43,155,-112
"28057","8112至上","110/07/13","台灣摩根士丹利",183,0,183
"28058","8112至上","110/07/13","凱基-市政",0,100,-100
"28059","8112至上","110/07/13","群益金鼎-敦南",153,2,151
"28060","8112至上","110/07/13","元大-大里德芳",1,92,-91
"28061","8112至上","110/07/13","臺銀-金山",146,26,120
"28062","8112至上","110/07/13","玉山-桃園",26,110,-84
"28063","8112至上","110/07/13","臺銀",133,19,114
"28064","8112至上","110/07/13","兆豐-天母",0,81,-81
"28065","8112至上","110/07/13","合庫-台中",115,6,109
"28066","8112至上","110/07/13","凱基-城中",3,84,-81
"28067","8112至上","110/07/13","亞東-板橋",134,26,108
"28068","8112至上","110/07/13","日盛-新莊",9,85,-76
"28069","8112至上","110/07/13","凱基-台北",414,326,88
"28070","8112至上","110/07/13","日盛-台中",2,64,-62
"28071","8112至上","110/07/13","新加坡商瑞銀",181,100,81
"28072","8112至上","110/07/13","日盛-中壢",3,64,-61
"28073","8112至上","110/07/13","國泰-敦南",108,31,77
"28074","8112至上","110/07/13","元大-台中",2,59,-57
"28075","8112至上","110/07/13","第一金-華江",77,4,73
"28076","8112至上","110/07/13","元大-雙和",7,64,-57
"28077","8112至上","110/07/13","永豐金-內湖",73,1,72
"28078","8112至上","110/07/13","元大-高雄",8,62,-54
"28079","8112至上","110/07/13","元大-永和",68,1,67
"28080","8112至上","110/07/13","元大-館前",2,55,-53
"28081","4903聯光通","110/07/13","台灣企銀-太平",56,0,56
"28082","4903聯光通","110/07/13","土銀",0,32,-32
"28083","4903聯光通","110/07/13","元富-新興",23,0,23
"28084","4903聯光通","110/07/13","元大-樹林",0,19,-19
"28085","4903聯光通","110/07/13","日盛-樹林",22,0,22
"28086","4903聯光通","110/07/13","凱基-士林",0,17,-17
"28087","4903聯光通","110/07/13","兆豐-天母",20,0,20
"28088","4903聯光通","110/07/13","國票-博愛",0,14,-14
"28089","4903聯光通","110/07/13","華南永昌-桃園",20,0,20
"28090","4903聯光通","110/07/13","元富",0,10,-10
"28091","4903聯光通","110/07/13","富邦-新店",10,0,10
"28092","4903聯光通","110/07/13","新光",0,10,-10
"28093","4903聯光通","110/07/13","新光-台中",5,0,5
"28094","4903聯光通","110/07/13","玉山-南京東路",0,10,-10
"28095","4903聯光通","110/07/13","華南永昌-台中",5,0,5
"28096","4903聯光通","110/07/13","富邦-陽明",0,10,-10
"28097","4903聯光通","110/07/13","元大-崇德",5,0,5
"28098","4903聯光通","110/07/13","元大-大甲",0,8,-8
"28099","4903聯光通","110/07/13","元大-草屯",5,0,5
"28100","4903聯光通","110/07/13","富邦-台中",0,7,-7
"28101","4903聯光通","110/07/13","元富-草屯",4,0,4
"28102","4903聯光通","110/07/13","凱基-中壢",0,6,-6
"28103","4903聯光通","110/07/13","元大-清水",4,0,4
"28104","4903聯光通","110/07/13","臺銀-民權",0,5,-5
"28105","4903聯光通","110/07/13","元大-東泰",4,0,4
"28106","4903聯光通","110/07/13","日盛-板橋",0,5,-5
"28107","4903聯光通","110/07/13","元大-佳里",2,0,2
"28108","4903聯光通","110/07/13","中國信託-忠孝",0,5,-5
"28109","4903聯光通","110/07/13","永豐金-板橋",2,0,2
"28110","4903聯光通","110/07/13","永豐金-鳳山",0,5,-5
"28111","2929淘帝","110/07/13","玉山-新竹",130,0,130
"28112","2929淘帝","110/07/13","美商高盛",0,177,-177
"28113","2929淘帝","110/07/13","臺銀-民權",60,0,60
"28114","2929淘帝","110/07/13","凱基-台北",6,80,-74
"28115","2929淘帝","110/07/13","新百王",31,0,31
"28116","2929淘帝","110/07/13","元富-大裕",0,49,-49
"28117","2929淘帝","110/07/13","日盛-園區",30,0,30
"28118","2929淘帝","110/07/13","國泰-館前",3,51,-48
"28119","2929淘帝","110/07/13","元大-南投",31,1,30
"28120","2929淘帝","110/07/13","凱基-中壢",0,41,-41
"28121","2929淘帝","110/07/13","兆豐-忠孝",28,0,28
"28122","2929淘帝","110/07/13","港商野村",21,55,-34
"28123","2929淘帝","110/07/13","元大-民生",28,0,28
"28124","2929淘帝","110/07/13","華南永昌-南京",2,34,-32
"28125","2929淘帝","110/07/13","合庫-高雄",27,0,27
"28126","2929淘帝","110/07/13","群益金鼎-土城",0,30,-30
"28127","2929淘帝","110/07/13","凱基-豐中",27,0,27
"28128","2929淘帝","110/07/13","富邦-南屯",0,22,-22
"28129","2929淘帝","110/07/13","新光",21,4,17
"28130","2929淘帝","110/07/13","第一金-豐原",0,20,-20
"28131","2929淘帝","110/07/13","元大-天母",17,0,17
"28132","2929淘帝","110/07/13","元大-屏南",6,26,-20
"28133","2929淘帝","110/07/13","永興",14,0,14
"28134","2929淘帝","110/07/13","永豐金-敦南",1,21,-20
"28135","2929淘帝","110/07/13","富邦-台北",12,0,12
"28136","2929淘帝","110/07/13","凱基-三重",2,21,-19
"28137","2929淘帝","110/07/13","元大-永和",12,0,12
"28138","2929淘帝","110/07/13","富邦-仁愛",7,25,-18
"28139","2929淘帝","110/07/13","國票-天祥",11,0,11
"28140","2929淘帝","110/07/13","元大-北投",0,16,-16
"28141","5410國眾","110/07/13","兆豐-城中",274,0,274
"28142","5410國眾","110/07/13","元富-嘉義",0,103,-103
"28143","5410國眾","110/07/13","新光",50,4,46
"28144","5410國眾","110/07/13","凱基-台北",0,50,-50
"28145","5410國眾","110/07/13","國泰-台中",26,0,26
"28146","5410國眾","110/07/13","瑞士信貸",0,31,-31
"28147","5410國眾","110/07/13","新加坡商瑞銀",22,0,22
"28148","5410國眾","110/07/13","台新-新莊",0,27,-27
"28149","5410國眾","110/07/13","光和-嘉義",20,0,20
"28150","5410國眾","110/07/13","元大-汐止",0,20,-20
"28151","5410國眾","110/07/13","凱基-竹北",17,0,17
"28152","5410國眾","110/07/13","亞東-新竹",0,17,-17
"28153","5410國眾","110/07/13","新光-桃園",15,0,15
"28154","5410國眾","110/07/13","元大-南勢角",0,13,-13
"28155","5410國眾","110/07/13","凱基-台東",14,0,14
"28156","5410國眾","110/07/13","台新-台南",0,12,-12
"28157","5410國眾","110/07/13","富邦-竹北",11,0,11
"28158","5410國眾","110/07/13","中國信託",0,11,-11
"28159","5410國眾","110/07/13","元富-同大",10,0,10
"28160","5410國眾","110/07/13","華南永昌",0,11,-11
"28161","5410國眾","110/07/13","國泰-敦南",24,15,9
"28162","5410國眾","110/07/13","臺銀-臺南",0,10,-10
"28163","5410國眾","110/07/13","日盛-內湖",7,0,7
"28164","5410國眾","110/07/13","台灣企銀-民雄",0,10,-10
"28165","5410國眾","110/07/13","台新-左楠",7,0,7
"28166","5410國眾","110/07/13","高橋",0,10,-10
"28167","5410國眾","110/07/13","元大-新盛",18,12,6
"28168","5410國眾","110/07/13","康和-嘉義",0,10,-10
"28169","5410國眾","110/07/13","統一",5,0,5
"28170","5410國眾","110/07/13","凱基-基隆",0,10,-10
"28171","2841台開","110/07/13","中國信託-高雄",251,50,201
"28172","2841台開","110/07/13","兆豐-公益",0,177,-177
"28173","2841台開","110/07/13","日盛證券",210,13,197
"28174","2841台開","110/07/13","日進",0,152,-152
"28175","2841台開","110/07/13","第一金-台中",55,0,55
"28176","2841台開","110/07/13","港商野村",0,109,-109
"28177","2841台開","110/07/13","國泰-板橋",46,0,46
"28178","2841台開","110/07/13","日盛-信義",0,103,-103
"28179","2841台開","110/07/13","國泰-館前",48,3,45
"28180","2841台開","110/07/13","國泰-敦南",11,75,-64
"28181","2841台開","110/07/13","華南永昌-新莊",45,0,45
"28182","2841台開","110/07/13","永興",0,50,-50
"28183","2841台開","110/07/13","日盛-園區",42,0,42
"28184","2841台開","110/07/13","永豐金-敦南",61,104,-43
"28185","2841台開","110/07/13","台新證券",32,0,32
"28186","2841台開","110/07/13","富邦-台南",0,42,-42
"28187","2841台開","110/07/13","台新-高雄",32,2,30
"28188","2841台開","110/07/13","國票-安和",0,30,-30
"28189","2841台開","110/07/13","豐農",23,0,23
"28190","2841台開","110/07/13","元大-桃園",0,25,-25
"28191","2841台開","110/07/13","合庫-嘉義",20,0,20
"28192","2841台開","110/07/13","新光",8,32,-24
"28193","2841台開","110/07/13","華南永昌-高雄",20,0,20
"28194","2841台開","110/07/13","元大-仁愛",0,24,-24
"28195","2841台開","110/07/13","元大-樹林",16,0,16
"28196","2841台開","110/07/13","日盛-中和",0,20,-20
"28197","2841台開","110/07/13","第一金-華江",15,2,13
"28198","2841台開","110/07/13","元富",0,20,-20
"28199","2841台開","110/07/13","美商高盛",12,0,12
"28200","2841台開","110/07/13","富邦-宜蘭",0,20,-20
"28201","6207雷科","110/07/13","元大-高雄",121,0,121
"28202","6207雷科","110/07/13","華南永昌-朴子",1,60,-59
"28203","6207雷科","110/07/13","第一金-新興",20,0,20
"28204","6207雷科","110/07/13","元大-南海",0,36,-36
"28205","6207雷科","110/07/13","元富-三重",20,0,20
"28206","6207雷科","110/07/13","凱基-土城",0,35,-35
"28207","6207雷科","110/07/13","元大-林園",15,0,15
"28208","6207雷科","110/07/13","台灣企銀",0,20,-20
"28209","6207雷科","110/07/13","元大-金華",16,1,15
"28210","6207雷科","110/07/13","群益金鼎-丹鳳",0,20,-20
"28211","6207雷科","110/07/13","日盛證券",10,0,10
"28212","6207雷科","110/07/13","元大-博愛",0,17,-17
"28213","6207雷科","110/07/13","統一-台中",10,0,10
"28214","6207雷科","110/07/13","元大-北港",0,13,-13
"28215","6207雷科","110/07/13","群益金鼎-土城",10,0,10
"28216","6207雷科","110/07/13","新加坡商瑞銀",0,12,-12
"28217","6207雷科","110/07/13","群益金鼎-桃園",10,0,10
"28218","6207雷科","110/07/13","凱基-台北",4,16,-12
"28219","6207雷科","110/07/13","永豐金-新莊",10,0,10
"28220","6207雷科","110/07/13","日茂-埔里",0,11,-11
"28221","6207雷科","110/07/13","永豐金-新店",10,0,10
"28222","6207雷科","110/07/13","元大-莒光",0,11,-11
"28223","6207雷科","110/07/13","元大證券",9,0,9
"28224","6207雷科","110/07/13","統一-新竹",0,10,-10
"28225","6207雷科","110/07/13","日盛-木柵",9,1,8
"28226","6207雷科","110/07/13","元大-西螺",0,10,-10
"28227","6207雷科","110/07/13","兆豐-來福",8,0,8
"28228","6207雷科","110/07/13","康和-台中",0,8,-8
"28229","6207雷科","110/07/13","新光",7,0,7
"28230","6207雷科","110/07/13","兆豐-高雄",0,6,-6
"28231","3679新至陞","110/07/13","永豐金證券",50,0,50
"28232","3679新至陞","110/07/13","摩根大通",2,25,-23
"28233","3679新至陞","110/07/13","國泰-桃園",22,0,22
"28234","3679新至陞","110/07/13","元大-成功",0,22,-22
"28235","3679新至陞","110/07/13","台中銀-員林",11,0,11
"28236","3679新至陞","110/07/13","富邦-板橋",1,19,-18
"28237","3679新至陞","110/07/13","元大-文心興安",8,0,8
"28238","3679新至陞","110/07/13","日盛-新莊",0,10,-10
"28239","3679新至陞","110/07/13","美商高盛",6,0,6
"28240","3679新至陞","110/07/13","台新-台中",0,10,-10
"28241","3679新至陞","110/07/13","台新-高雄",6,0,6
"28242","3679新至陞","110/07/13","永豐金-新竹",0,8,-8
"28243","3679新至陞","110/07/13","凱基-台北",18,12,6
"28244","3679新至陞","110/07/13","瑞士信貸",12,19,-7
"28245","3679新至陞","110/07/13","日盛-復興",5,0,5
"28246","3679新至陞","110/07/13","統一-南京",0,7,-7
"28247","3679新至陞","110/07/13","(牛牛牛)亞-鑫豐",4,0,4
"28248","3679新至陞","110/07/13","凱基-新莊",0,7,-7
"28249","3679新至陞","110/07/13","元富-大昌",3,0,3
"28250","3679新至陞","110/07/13","新加坡商瑞銀",0,6,-6
"28251","3679新至陞","110/07/13","富邦-台北",3,0,3
"28252","3679新至陞","110/07/13","合庫-自強",0,5,-5
"28253","3679新至陞","110/07/13","日盛-樹林",2,0,2
"28254","3679新至陞","110/07/13","富邦-桃園",0,5,-5
"28255","3679新至陞","110/07/13","宏遠-光隆",2,0,2
"28256","3679新至陞","110/07/13","永豐金-潮州",0,4,-4
"28257","3679新至陞","110/07/13","美林",3,1,2
"28258","3679新至陞","110/07/13","臺銀-臺南",0,3,-3
"28259","3679新至陞","110/07/13","第一金-中壢",2,0,2
"28260","3679新至陞","110/07/13","元大-六合",0,3,-3
"28261","2727王品","110/07/13","富邦-台北",43,3,40
"28262","2727王品","110/07/13","台灣摩根士丹利",15,97,-82
"28263","2727王品","110/07/13","元大-基隆孝二",40,0,40
"28264","2727王品","110/07/13","玉山-台南",5,57,-52
"28265","2727王品","110/07/13","國票-新莊",40,1,39
"28266","2727王品","110/07/13","新加坡商瑞銀",0,48,-48
"28267","2727王品","110/07/13","第一金-豐原",66,42,24
"28268","2727王品","110/07/13","凱基-台北",41,77,-36
"28269","2727王品","110/07/13","永豐金-大園",34,10,24
"28270","2727王品","110/07/13","永豐金-永康",0,22,-22
"28271","2727王品","110/07/13","元大-北屯",22,0,22
"28272","2727王品","110/07/13","統一-台中",2,22,-20
"28273","2727王品","110/07/13","元大-東蘆",26,7,19
"28274","2727王品","110/07/13","國泰-台中",21,39,-18
"28275","2727王品","110/07/13","永豐金-萬盛",13,1,12
"28276","2727王品","110/07/13","合庫-彰化",3,20,-17
"28277","2727王品","110/07/13","日盛-嘉義",11,0,11
"28278","2727王品","110/07/13","港商野村",13,30,-17
"28279","2727王品","110/07/13","日盛-八德",11,0,11
"28280","2727王品","110/07/13","元大-楊梅",1,16,-15
"28281","2727王品","110/07/13","統一-竹南",11,0,11
"28282","2727王品","110/07/13","凱基-高美館",2,15,-13
"28283","2727王品","110/07/13","日盛-士林",12,2,10
"28284","2727王品","110/07/13","美商高盛",2,14,-12
"28285","2727王品","110/07/13","統一-敦南",10,0,10
"28286","2727王品","110/07/13","統一-平鎮",1,13,-12
"28287","2727王品","110/07/13","中國信託",15,5,10
"28288","2727王品","110/07/13","兆豐-台中港",4,16,-12
"28289","2727王品","110/07/13","兆豐-竹北",13,3,10
"28290","2727王品","110/07/13","凱基-八德",1,13,-12
"28291","1570力肯","110/07/13","新光",115,11,104
"28292","1570力肯","110/07/13","元大-北三重",0,162,-162
"28293","1570力肯","110/07/13","群益金鼎-高雄",54,0,54
"28294","1570力肯","110/07/13","元大-大灣",0,25,-25
"28295","1570力肯","110/07/13","國票-新莊",22,0,22
"28296","1570力肯","110/07/13","永豐金-苓雅",0,22,-22
"28297","1570力肯","110/07/13","日盛-桃園",12,0,12
"28298","1570力肯","110/07/13","永豐金-永康",0,19,-19
"28299","1570力肯","110/07/13","元大-高雄",12,0,12
"28300","1570力肯","110/07/13","富邦-員林",0,15,-15
"28301","1570力肯","110/07/13","合庫-自強",11,0,11
"28302","1570力肯","110/07/13","凱基-台南",0,11,-11
"28303","1570力肯","110/07/13","摩根大通",26,15,11
"28304","1570力肯","110/07/13","日盛-竹北",0,10,-10
"28305","1570力肯","110/07/13","永豐金-中盛",11,0,11
"28306","1570力肯","110/07/13","國票-九鼎",0,10,-10
"28307","1570力肯","110/07/13","兆豐-台中港",10,0,10
"28308","1570力肯","110/07/13","凱基-桃園",0,10,-10
"28309","1570力肯","110/07/13","國泰-松江",9,0,9
"28310","1570力肯","110/07/13","凱基-新豐",0,10,-10
"28311","1570力肯","110/07/13","元大-新盛",9,0,9
"28312","1570力肯","110/07/13","元大-學甲",0,10,-10
"28313","1570力肯","110/07/13","元富-緯城",6,0,6
"28314","1570力肯","110/07/13","群益金鼎-東湖",1,10,-9
"28315","1570力肯","110/07/13","統一-三重",5,0,5
"28316","1570力肯","110/07/13","大昌",0,6,-6
"28317","1570力肯","110/07/13","元大-前金",5,0,5
"28318","1570力肯","110/07/13","元大-土城學府",0,6,-6
"28319","1570力肯","110/07/13","永豐金證券",5,0,5
"28320","1570力肯","110/07/13","統一",0,5,-5
"28321","6180橘子","110/07/13","摩根大通",119,0,119
"28322","6180橘子","110/07/13","元大-崇德",2,61,-59
"28323","6180橘子","110/07/13","美商高盛",96,0,96
"28324","6180橘子","110/07/13","康和-台中",0,51,-51
"28325","6180橘子","110/07/13","新加坡商瑞銀",86,7,79
"28326","6180橘子","110/07/13","康和-台北",0,50,-50
"28327","6180橘子","110/07/13","元大-和平",40,0,40
"28328","6180橘子","110/07/13","元富-潮州",0,40,-40
"28329","6180橘子","110/07/13","凱基-台北",83,47,36
"28330","6180橘子","110/07/13","日盛-永康",0,26,-26
"28331","6180橘子","110/07/13","美林",39,5,34
"28332","6180橘子","110/07/13","永豐金-中正",0,24,-24
"28333","6180橘子","110/07/13","富邦-新竹華信",31,2,29
"28334","6180橘子","110/07/13","國泰-板橋",2,25,-23
"28335","6180橘子","110/07/13","統一-南京",21,0,21
"28336","6180橘子","110/07/13","日盛-大墩",0,20,-20
"28337","6180橘子","110/07/13","富邦-陽明",24,3,21
"28338","6180橘子","110/07/13","元大-草屯",13,32,-19
"28339","6180橘子","110/07/13","大昌-樹林",21,1,20
"28340","6180橘子","110/07/13","元富-林園",1,18,-17
"28341","6180橘子","110/07/13","花旗環球",19,0,19
"28342","6180橘子","110/07/13","新光-新竹",1,18,-17
"28343","6180橘子","110/07/13","華南永昌-台南",19,0,19
"28344","6180橘子","110/07/13","元大-土城永寧",0,17,-17
"28345","6180橘子","110/07/13","福勝",14,0,14
"28346","6180橘子","110/07/13","國泰-新莊",3,19,-16
"28347","6180橘子","110/07/13","富邦-嘉義",12,1,11
"28348","6180橘子","110/07/13","中國信託-永康",6,21,-15
"28349","6180橘子","110/07/13","元大-板橋三民",11,0,11
"28350","6180橘子","110/07/13","凱基-東港",1,15,-14
"28351","2390云辰","110/07/13","新加坡商瑞銀",562,75,487
"28352","2390云辰","110/07/13","大展-台南",0,532,-532
"28353","2390云辰","110/07/13","台灣摩根士丹利",330,155,175
"28354","2390云辰","110/07/13","凱基-台北",668,854,-186
"28355","2390云辰","110/07/13","兆豐-公益",126,25,101
"28356","2390云辰","110/07/13","凱基-三重",12,172,-160
"28357","2390云辰","110/07/13","元富-中港",100,2,98
"28358","2390云辰","110/07/13","兆豐-忠孝",4,161,-157
"28359","2390云辰","110/07/13","統一-新台中",106,9,97
"28360","2390云辰","110/07/13","元大-士林",19,170,-151
"28361","2390云辰","110/07/13","中國信託-松江",81,11,70
"28362","2390云辰","110/07/13","臺銀-新竹",14,117,-103
"28363","2390云辰","110/07/13","日盛-板橋",72,3,69
"28364","2390云辰","110/07/13","國票-台中",4,102,-98
"28365","2390云辰","110/07/13","日盛-和美",57,0,57
"28366","2390云辰","110/07/13","新光",147,232,-85
"28367","2390云辰","110/07/13","永豐金-桃園",88,36,52
"28368","2390云辰","110/07/13","致和-崇德",2,70,-68
"28369","2390云辰","110/07/13","玉山-士林",54,4,50
"28370","2390云辰","110/07/13","群益金鼎-屏東",2,70,-68
"28371","2390云辰","110/07/13","富邦-仁愛",56,6,50
"28372","2390云辰","110/07/13","元大-大里",35,98,-63
"28373","2390云辰","110/07/13","第一金-豐原",50,1,49
"28374","2390云辰","110/07/13","元大-萬華",35,94,-59
"28375","2390云辰","110/07/13","摩根大通",502,453,49
"28376","2390云辰","110/07/13","元富-吉利",2,60,-58
"28377","2390云辰","110/07/13","凱基-松山",61,13,48
"28378","2390云辰","110/07/13","兆豐-新竹",3,53,-50
"28379","2390云辰","110/07/13","大昌",64,22,42
"28380","2390云辰","110/07/13","富邦-嘉義",65,108,-43
"28381","2363矽統","110/07/13","凱基-南崁",2133,63,2070
"28382","2363矽統","110/07/13","凱基-幸福",36,4048,-4012
"28383","2363矽統","110/07/13","國泰-敦南",2195,1617,578
"28384","2363矽統","110/07/13","統一",192,3325,-3133
"28385","2363矽統","110/07/13","中農",670,139,531
"28386","2363矽統","110/07/13","新加坡商瑞銀",1000,2747,-1747
"28387","2363矽統","110/07/13","康和-台中",638,154,484
"28388","2363矽統","110/07/13","凱基-台北",5359,6609,-1250
"28389","2363矽統","110/07/13","群益金鼎-三民",577,137,440
"28390","2363矽統","110/07/13","摩根大通",1930,2858,-928
"28391","2363矽統","110/07/13","台新-屏東",510,88,422
"28392","2363矽統","110/07/13","港商野村",960,1679,-719
"28393","2363矽統","110/07/13","德信-中正",455,67,388
"28394","2363矽統","110/07/13","兆豐-復興",25,705,-680
"28395","2363矽統","110/07/13","日盛-竹北",365,70,295
"28396","2363矽統","110/07/13","統一-仁愛",114,755,-641
"28397","2363矽統","110/07/13","元大-佳里",452,189,263
"28398","2363矽統","110/07/13","統一-敦南",29,638,-609
"28399","2363矽統","110/07/13","國票-博愛",296,38,258
"28400","2363矽統","110/07/13","統一-土城",100,704,-604
"28401","2363矽統","110/07/13","元大-萬華",340,95,245
"28402","2363矽統","110/07/13","統一-城中",116,676,-560
"28403","2363矽統","110/07/13","新光",1259,1031,228
"28404","2363矽統","110/07/13","永豐金證券",306,859,-553
"28405","2363矽統","110/07/13","元富-成功",323,96,227
"28406","2363矽統","110/07/13","元富",54,567,-513
"28407","2363矽統","110/07/13","豐農",228,23,205
"28408","2363矽統","110/07/13","瑞士信貸",202,666,-464
"28409","2363矽統","110/07/13","台灣企銀-岡山",186,4,182
"28410","2363矽統","110/07/13","永豐金-嘉義",67,468,-401
"28411","8112至上","110/07/13","摩根大通",688,296,392
"28412","8112至上","110/07/13","國票-中和",0,401,-401
"28413","8112至上","110/07/13","港商野村",344,145,199
"28414","8112至上","110/07/13","永豐金-板盛",0,205,-205
"28415","8112至上","110/07/13","兆豐-公益",195,5,190
"28416","8112至上","110/07/13","凱基-五股",43,155,-112
"28417","8112至上","110/07/13","台灣摩根士丹利",183,0,183
"28418","8112至上","110/07/13","凱基-市政",0,100,-100
"28419","8112至上","110/07/13","群益金鼎-敦南",153,2,151
"28420","8112至上","110/07/13","元大-大里德芳",1,92,-91
"28421","8112至上","110/07/13","臺銀-金山",146,26,120
"28422","8112至上","110/07/13","玉山-桃園",26,110,-84
"28423","8112至上","110/07/13","臺銀",133,19,114
"28424","8112至上","110/07/13","兆豐-天母",0,81,-81
"28425","8112至上","110/07/13","合庫-台中",115,6,109
"28426","8112至上","110/07/13","凱基-城中",3,84,-81
"28427","8112至上","110/07/13","亞東-板橋",134,26,108
"28428","8112至上","110/07/13","日盛-新莊",9,85,-76
"28429","8112至上","110/07/13","凱基-台北",414,326,88
"28430","8112至上","110/07/13","日盛-台中",2,64,-62
"28431","8112至上","110/07/13","新加坡商瑞銀",181,100,81
"28432","8112至上","110/07/13","日盛-中壢",3,64,-61
"28433","8112至上","110/07/13","國泰-敦南",108,31,77
"28434","8112至上","110/07/13","元大-台中",2,59,-57
"28435","8112至上","110/07/13","第一金-華江",77,4,73
"28436","8112至上","110/07/13","元大-雙和",7,64,-57
"28437","8112至上","110/07/13","永豐金-內湖",73,1,72
"28438","8112至上","110/07/13","元大-高雄",8,62,-54
"28439","8112至上","110/07/13","元大-永和",68,1,67
"28440","8112至上","110/07/13","元大-館前",2,55,-53
"28441","4903聯光通","110/07/13","台灣企銀-太平",56,0,56
"28442","4903聯光通","110/07/13","土銀",0,32,-32
"28443","4903聯光通","110/07/13","元富-新興",23,0,23
"28444","4903聯光通","110/07/13","元大-樹林",0,19,-19
"28445","4903聯光通","110/07/13","日盛-樹林",22,0,22
"28446","4903聯光通","110/07/13","凱基-士林",0,17,-17
"28447","4903聯光通","110/07/13","兆豐-天母",20,0,20
"28448","4903聯光通","110/07/13","國票-博愛",0,14,-14
"28449","4903聯光通","110/07/13","華南永昌-桃園",20,0,20
"28450","4903聯光通","110/07/13","元富",0,10,-10
"28451","4903聯光通","110/07/13","富邦-新店",10,0,10
"28452","4903聯光通","110/07/13","新光",0,10,-10
"28453","4903聯光通","110/07/13","新光-台中",5,0,5
"28454","4903聯光通","110/07/13","玉山-南京東路",0,10,-10
"28455","4903聯光通","110/07/13","華南永昌-台中",5,0,5
"28456","4903聯光通","110/07/13","富邦-陽明",0,10,-10
"28457","4903聯光通","110/07/13","元大-崇德",5,0,5
"28458","4903聯光通","110/07/13","元大-大甲",0,8,-8
"28459","4903聯光通","110/07/13","元大-草屯",5,0,5
"28460","4903聯光通","110/07/13","富邦-台中",0,7,-7
"28461","4903聯光通","110/07/13","元富-草屯",4,0,4
"28462","4903聯光通","110/07/13","凱基-中壢",0,6,-6
"28463","4903聯光通","110/07/13","元大-清水",4,0,4
"28464","4903聯光通","110/07/13","臺銀-民權",0,5,-5
"28465","4903聯光通","110/07/13","元大-東泰",4,0,4
"28466","4903聯光通","110/07/13","日盛-板橋",0,5,-5
"28467","4903聯光通","110/07/13","元大-佳里",2,0,2
"28468","4903聯光通","110/07/13","中國信託-忠孝",0,5,-5
"28469","4903聯光通","110/07/13","永豐金-板橋",2,0,2
"28470","4903聯光通","110/07/13","永豐金-鳳山",0,5,-5
"28471","2929淘帝","110/07/13","玉山-新竹",130,0,130
"28472","2929淘帝","110/07/13","美商高盛",0,177,-177
"28473","2929淘帝","110/07/13","臺銀-民權",60,0,60
"28474","2929淘帝","110/07/13","凱基-台北",6,80,-74
"28475","2929淘帝","110/07/13","新百王",31,0,31
"28476","2929淘帝","110/07/13","元富-大裕",0,49,-49
"28477","2929淘帝","110/07/13","日盛-園區",30,0,30
"28478","2929淘帝","110/07/13","國泰-館前",3,51,-48
"28479","2929淘帝","110/07/13","元大-南投",31,1,30
"28480","2929淘帝","110/07/13","凱基-中壢",0,41,-41
"28481","2929淘帝","110/07/13","兆豐-忠孝",28,0,28
"28482","2929淘帝","110/07/13","港商野村",21,55,-34
"28483","2929淘帝","110/07/13","元大-民生",28,0,28
"28484","2929淘帝","110/07/13","華南永昌-南京",2,34,-32
"28485","2929淘帝","110/07/13","合庫-高雄",27,0,27
"28486","2929淘帝","110/07/13","群益金鼎-土城",0,30,-30
"28487","2929淘帝","110/07/13","凱基-豐中",27,0,27
"28488","2929淘帝","110/07/13","富邦-南屯",0,22,-22
"28489","2929淘帝","110/07/13","新光",21,4,17
"28490","2929淘帝","110/07/13","第一金-豐原",0,20,-20
"28491","2929淘帝","110/07/13","元大-天母",17,0,17
"28492","2929淘帝","110/07/13","元大-屏南",6,26,-20
"28493","2929淘帝","110/07/13","永興",14,0,14
"28494","2929淘帝","110/07/13","永豐金-敦南",1,21,-20
"28495","2929淘帝","110/07/13","富邦-台北",12,0,12
"28496","2929淘帝","110/07/13","凱基-三重",2,21,-19
"28497","2929淘帝","110/07/13","元大-永和",12,0,12
"28498","2929淘帝","110/07/13","富邦-仁愛",7,25,-18
"28499","2929淘帝","110/07/13","國票-天祥",11,0,11
"28500","2929淘帝","110/07/13","元大-北投",0,16,-16
"28501","5410國眾","110/07/13","兆豐-城中",274,0,274
"28502","5410國眾","110/07/13","元富-嘉義",0,103,-103
"28503","5410國眾","110/07/13","新光",50,4,46
"28504","5410國眾","110/07/13","凱基-台北",0,50,-50
"28505","5410國眾","110/07/13","國泰-台中",26,0,26
"28506","5410國眾","110/07/13","瑞士信貸",0,31,-31
"28507","5410國眾","110/07/13","新加坡商瑞銀",22,0,22
"28508","5410國眾","110/07/13","台新-新莊",0,27,-27
"28509","5410國眾","110/07/13","光和-嘉義",20,0,20
"28510","5410國眾","110/07/13","元大-汐止",0,20,-20
"28511","5410國眾","110/07/13","凱基-竹北",17,0,17
"28512","5410國眾","110/07/13","亞東-新竹",0,17,-17
"28513","5410國眾","110/07/13","新光-桃園",15,0,15
"28514","5410國眾","110/07/13","元大-南勢角",0,13,-13
"28515","5410國眾","110/07/13","凱基-台東",14,0,14
"28516","5410國眾","110/07/13","台新-台南",0,12,-12
"28517","5410國眾","110/07/13","富邦-竹北",11,0,11
"28518","5410國眾","110/07/13","中國信託",0,11,-11
"28519","5410國眾","110/07/13","元富-同大",10,0,10
"28520","5410國眾","110/07/13","華南永昌",0,11,-11
"28521","5410國眾","110/07/13","國泰-敦南",24,15,9
"28522","5410國眾","110/07/13","臺銀-臺南",0,10,-10
"28523","5410國眾","110/07/13","日盛-內湖",7,0,7
"28524","5410國眾","110/07/13","台灣企銀-民雄",0,10,-10
"28525","5410國眾","110/07/13","台新-左楠",7,0,7
"28526","5410國眾","110/07/13","高橋",0,10,-10
"28527","5410國眾","110/07/13","元大-新盛",18,12,6
"28528","5410國眾","110/07/13","康和-嘉義",0,10,-10
"28529","5410國眾","110/07/13","統一",5,0,5
"28530","5410國眾","110/07/13","凱基-基隆",0,10,-10
"28531","2841台開","110/07/13","中國信託-高雄",251,50,201
"28532","2841台開","110/07/13","兆豐-公益",0,177,-177
"28533","2841台開","110/07/13","日盛證券",210,13,197
"28534","2841台開","110/07/13","日進",0,152,-152
"28535","2841台開","110/07/13","第一金-台中",55,0,55
"28536","2841台開","110/07/13","港商野村",0,109,-109
"28537","2841台開","110/07/13","國泰-板橋",46,0,46
"28538","2841台開","110/07/13","日盛-信義",0,103,-103
"28539","2841台開","110/07/13","國泰-館前",48,3,45
"28540","2841台開","110/07/13","國泰-敦南",11,75,-64
"28541","2841台開","110/07/13","華南永昌-新莊",45,0,45
"28542","2841台開","110/07/13","永興",0,50,-50
"28543","2841台開","110/07/13","日盛-園區",42,0,42
"28544","2841台開","110/07/13","永豐金-敦南",61,104,-43
"28545","2841台開","110/07/13","台新證券",32,0,32
"28546","2841台開","110/07/13","富邦-台南",0,42,-42
"28547","2841台開","110/07/13","台新-高雄",32,2,30
"28548","2841台開","110/07/13","國票-安和",0,30,-30
"28549","2841台開","110/07/13","豐農",23,0,23
"28550","2841台開","110/07/13","元大-桃園",0,25,-25
"28551","2841台開","110/07/13","合庫-嘉義",20,0,20
"28552","2841台開","110/07/13","新光",8,32,-24
"28553","2841台開","110/07/13","華南永昌-高雄",20,0,20
"28554","2841台開","110/07/13","元大-仁愛",0,24,-24
"28555","2841台開","110/07/13","元大-樹林",16,0,16
"28556","2841台開","110/07/13","日盛-中和",0,20,-20
"28557","2841台開","110/07/13","第一金-華江",15,2,13
"28558","2841台開","110/07/13","元富",0,20,-20
"28559","2841台開","110/07/13","美商高盛",12,0,12
"28560","2841台開","110/07/13","富邦-宜蘭",0,20,-20
"28561","6207雷科","110/07/13","元大-高雄",121,0,121
"28562","6207雷科","110/07/13","華南永昌-朴子",1,60,-59
"28563","6207雷科","110/07/13","第一金-新興",20,0,20
"28564","6207雷科","110/07/13","元大-南海",0,36,-36
"28565","6207雷科","110/07/13","元富-三重",20,0,20
"28566","6207雷科","110/07/13","凱基-土城",0,35,-35
"28567","6207雷科","110/07/13","元大-林園",15,0,15
"28568","6207雷科","110/07/13","台灣企銀",0,20,-20
"28569","6207雷科","110/07/13","元大-金華",16,1,15
"28570","6207雷科","110/07/13","群益金鼎-丹鳳",0,20,-20
"28571","6207雷科","110/07/13","日盛證券",10,0,10
"28572","6207雷科","110/07/13","元大-博愛",0,17,-17
"28573","6207雷科","110/07/13","統一-台中",10,0,10
"28574","6207雷科","110/07/13","元大-北港",0,13,-13
"28575","6207雷科","110/07/13","群益金鼎-土城",10,0,10
"28576","6207雷科","110/07/13","新加坡商瑞銀",0,12,-12
"28577","6207雷科","110/07/13","群益金鼎-桃園",10,0,10
"28578","6207雷科","110/07/13","凱基-台北",4,16,-12
"28579","6207雷科","110/07/13","永豐金-新莊",10,0,10
"28580","6207雷科","110/07/13","日茂-埔里",0,11,-11
"28581","6207雷科","110/07/13","永豐金-新店",10,0,10
"28582","6207雷科","110/07/13","元大-莒光",0,11,-11
"28583","6207雷科","110/07/13","元大證券",9,0,9
"28584","6207雷科","110/07/13","統一-新竹",0,10,-10
"28585","6207雷科","110/07/13","日盛-木柵",9,1,8
"28586","6207雷科","110/07/13","元大-西螺",0,10,-10
"28587","6207雷科","110/07/13","兆豐-來福",8,0,8
"28588","6207雷科","110/07/13","康和-台中",0,8,-8
"28589","6207雷科","110/07/13","新光",7,0,7
"28590","6207雷科","110/07/13","兆豐-高雄",0,6,-6
"28591","3679新至陞","110/07/13","永豐金證券",50,0,50
"28592","3679新至陞","110/07/13","摩根大通",2,25,-23
"28593","3679新至陞","110/07/13","國泰-桃園",22,0,22
"28594","3679新至陞","110/07/13","元大-成功",0,22,-22
"28595","3679新至陞","110/07/13","台中銀-員林",11,0,11
"28596","3679新至陞","110/07/13","富邦-板橋",1,19,-18
"28597","3679新至陞","110/07/13","元大-文心興安",8,0,8
"28598","3679新至陞","110/07/13","日盛-新莊",0,10,-10
"28599","3679新至陞","110/07/13","美商高盛",6,0,6
"28600","3679新至陞","110/07/13","台新-台中",0,10,-10
"28601","3679新至陞","110/07/13","台新-高雄",6,0,6
"28602","3679新至陞","110/07/13","永豐金-新竹",0,8,-8
"28603","3679新至陞","110/07/13","凱基-台北",18,12,6
"28604","3679新至陞","110/07/13","瑞士信貸",12,19,-7
"28605","3679新至陞","110/07/13","日盛-復興",5,0,5
"28606","3679新至陞","110/07/13","統一-南京",0,7,-7
"28607","3679新至陞","110/07/13","(牛牛牛)亞-鑫豐",4,0,4
"28608","3679新至陞","110/07/13","凱基-新莊",0,7,-7
"28609","3679新至陞","110/07/13","元富-大昌",3,0,3
"28610","3679新至陞","110/07/13","新加坡商瑞銀",0,6,-6
"28611","3679新至陞","110/07/13","富邦-台北",3,0,3
"28612","3679新至陞","110/07/13","合庫-自強",0,5,-5
"28613","3679新至陞","110/07/13","日盛-樹林",2,0,2
"28614","3679新至陞","110/07/13","富邦-桃園",0,5,-5
"28615","3679新至陞","110/07/13","宏遠-光隆",2,0,2
"28616","3679新至陞","110/07/13","永豐金-潮州",0,4,-4
"28617","3679新至陞","110/07/13","美林",3,1,2
"28618","3679新至陞","110/07/13","臺銀-臺南",0,3,-3
"28619","3679新至陞","110/07/13","第一金-中壢",2,0,2
"28620","3679新至陞","110/07/13","元大-六合",0,3,-3
"28621","2727王品","110/07/13","富邦-台北",43,3,40
"28622","2727王品","110/07/13","台灣摩根士丹利",15,97,-82
"28623","2727王品","110/07/13","元大-基隆孝二",40,0,40
"28624","2727王品","110/07/13","玉山-台南",5,57,-52
"28625","2727王品","110/07/13","國票-新莊",40,1,39
"28626","2727王品","110/07/13","新加坡商瑞銀",0,48,-48
"28627","2727王品","110/07/13","第一金-豐原",66,42,24
"28628","2727王品","110/07/13","凱基-台北",41,77,-36
"28629","2727王品","110/07/13","永豐金-大園",34,10,24
"28630","2727王品","110/07/13","永豐金-永康",0,22,-22
"28631","2727王品","110/07/13","元大-北屯",22,0,22
"28632","2727王品","110/07/13","統一-台中",2,22,-20
"28633","2727王品","110/07/13","元大-東蘆",26,7,19
"28634","2727王品","110/07/13","國泰-台中",21,39,-18
"28635","2727王品","110/07/13","永豐金-萬盛",13,1,12
"28636","2727王品","110/07/13","合庫-彰化",3,20,-17
"28637","2727王品","110/07/13","日盛-嘉義",11,0,11
"28638","2727王品","110/07/13","港商野村",13,30,-17
"28639","2727王品","110/07/13","日盛-八德",11,0,11
"28640","2727王品","110/07/13","元大-楊梅",1,16,-15
"28641","2727王品","110/07/13","統一-竹南",11,0,11
"28642","2727王品","110/07/13","凱基-高美館",2,15,-13
"28643","2727王品","110/07/13","日盛-士林",12,2,10
"28644","2727王品","110/07/13","美商高盛",2,14,-12
"28645","2727王品","110/07/13","統一-敦南",10,0,10
"28646","2727王品","110/07/13","統一-平鎮",1,13,-12
"28647","2727王品","110/07/13","中國信託",15,5,10
"28648","2727王品","110/07/13","兆豐-台中港",4,16,-12
"28649","2727王品","110/07/13","兆豐-竹北",13,3,10
"28650","2727王品","110/07/13","凱基-八德",1,13,-12
"28651","1570力肯","110/07/13","新光",115,11,104
"28652","1570力肯","110/07/13","元大-北三重",0,162,-162
"28653","1570力肯","110/07/13","群益金鼎-高雄",54,0,54
"28654","1570力肯","110/07/13","元大-大灣",0,25,-25
"28655","1570力肯","110/07/13","國票-新莊",22,0,22
"28656","1570力肯","110/07/13","永豐金-苓雅",0,22,-22
"28657","1570力肯","110/07/13","日盛-桃園",12,0,12
"28658","1570力肯","110/07/13","永豐金-永康",0,19,-19
"28659","1570力肯","110/07/13","元大-高雄",12,0,12
"28660","1570力肯","110/07/13","富邦-員林",0,15,-15
"28661","1570力肯","110/07/13","合庫-自強",11,0,11
"28662","1570力肯","110/07/13","凱基-台南",0,11,-11
"28663","1570力肯","110/07/13","摩根大通",26,15,11
"28664","1570力肯","110/07/13","日盛-竹北",0,10,-10
"28665","1570力肯","110/07/13","永豐金-中盛",11,0,11
"28666","1570力肯","110/07/13","國票-九鼎",0,10,-10
"28667","1570力肯","110/07/13","兆豐-台中港",10,0,10
"28668","1570力肯","110/07/13","凱基-桃園",0,10,-10
"28669","1570力肯","110/07/13","國泰-松江",9,0,9
"28670","1570力肯","110/07/13","凱基-新豐",0,10,-10
"28671","1570力肯","110/07/13","元大-新盛",9,0,9
"28672","1570力肯","110/07/13","元大-學甲",0,10,-10
"28673","1570力肯","110/07/13","元富-緯城",6,0,6
"28674","1570力肯","110/07/13","群益金鼎-東湖",1,10,-9
"28675","1570力肯","110/07/13","統一-三重",5,0,5
"28676","1570力肯","110/07/13","大昌",0,6,-6
"28677","1570力肯","110/07/13","元大-前金",5,0,5
"28678","1570力肯","110/07/13","元大-土城學府",0,6,-6
"28679","1570力肯","110/07/13","永豐金證券",5,0,5
"28680","1570力肯","110/07/13","統一",0,5,-5
"28681","6180橘子","110/07/13","摩根大通",119,0,119
"28682","6180橘子","110/07/13","元大-崇德",2,61,-59
"28683","6180橘子","110/07/13","美商高盛",96,0,96
"28684","6180橘子","110/07/13","康和-台中",0,51,-51
"28685","6180橘子","110/07/13","新加坡商瑞銀",86,7,79
"28686","6180橘子","110/07/13","康和-台北",0,50,-50
"28687","6180橘子","110/07/13","元大-和平",40,0,40
"28688","6180橘子","110/07/13","元富-潮州",0,40,-40
"28689","6180橘子","110/07/13","凱基-台北",83,47,36
"28690","6180橘子","110/07/13","日盛-永康",0,26,-26
"28691","6180橘子","110/07/13","美林",39,5,34
"28692","6180橘子","110/07/13","永豐金-中正",0,24,-24
"28693","6180橘子","110/07/13","富邦-新竹華信",31,2,29
"28694","6180橘子","110/07/13","國泰-板橋",2,25,-23
"28695","6180橘子","110/07/13","統一-南京",21,0,21
"28696","6180橘子","110/07/13","日盛-大墩",0,20,-20
"28697","6180橘子","110/07/13","富邦-陽明",24,3,21
"28698","6180橘子","110/07/13","元大-草屯",13,32,-19
"28699","6180橘子","110/07/13","大昌-樹林",21,1,20
"28700","6180橘子","110/07/13","元富-林園",1,18,-17
"28701","6180橘子","110/07/13","花旗環球",19,0,19
"28702","6180橘子","110/07/13","新光-新竹",1,18,-17
"28703","6180橘子","110/07/13","華南永昌-台南",19,0,19
"28704","6180橘子","110/07/13","元大-土城永寧",0,17,-17
"28705","6180橘子","110/07/13","福勝",14,0,14
"28706","6180橘子","110/07/13","國泰-新莊",3,19,-16
"28707","6180橘子","110/07/13","富邦-嘉義",12,1,11
"28708","6180橘子","110/07/13","中國信託-永康",6,21,-15
"28709","6180橘子","110/07/13","元大-板橋三民",11,0,11
"28710","6180橘子","110/07/13","凱基-東港",1,15,-14
"28711","2390云辰","110/07/13","新加坡商瑞銀",562,75,487
"28712","2390云辰","110/07/13","大展-台南",0,532,-532
"28713","2390云辰","110/07/13","台灣摩根士丹利",330,155,175
"28714","2390云辰","110/07/13","凱基-台北",668,854,-186
"28715","2390云辰","110/07/13","兆豐-公益",126,25,101
"28716","2390云辰","110/07/13","凱基-三重",12,172,-160
"28717","2390云辰","110/07/13","元富-中港",100,2,98
"28718","2390云辰","110/07/13","兆豐-忠孝",4,161,-157
"28719","2390云辰","110/07/13","統一-新台中",106,9,97
"28720","2390云辰","110/07/13","元大-士林",19,170,-151
"28721","2390云辰","110/07/13","中國信託-松江",81,11,70
"28722","2390云辰","110/07/13","臺銀-新竹",14,117,-103
"28723","2390云辰","110/07/13","日盛-板橋",72,3,69
"28724","2390云辰","110/07/13","國票-台中",4,102,-98
"28725","2390云辰","110/07/13","日盛-和美",57,0,57
"28726","2390云辰","110/07/13","新光",147,232,-85
"28727","2390云辰","110/07/13","永豐金-桃園",88,36,52
"28728","2390云辰","110/07/13","致和-崇德",2,70,-68
"28729","2390云辰","110/07/13","玉山-士林",54,4,50
"28730","2390云辰","110/07/13","群益金鼎-屏東",2,70,-68
"28731","2390云辰","110/07/13","富邦-仁愛",56,6,50
"28732","2390云辰","110/07/13","元大-大里",35,98,-63
"28733","2390云辰","110/07/13","第一金-豐原",50,1,49
"28734","2390云辰","110/07/13","元大-萬華",35,94,-59
"28735","2390云辰","110/07/13","摩根大通",502,453,49
"28736","2390云辰","110/07/13","元富-吉利",2,60,-58
"28737","2390云辰","110/07/13","凱基-松山",61,13,48
"28738","2390云辰","110/07/13","兆豐-新竹",3,53,-50
"28739","2390云辰","110/07/13","大昌",64,22,42
"28740","2390云辰","110/07/13","富邦-嘉義",65,108,-43
"28741","2363矽統","110/07/13","凱基-南崁",2133,63,2070
"28742","2363矽統","110/07/13","凱基-幸福",36,4048,-4012
"28743","2363矽統","110/07/13","國泰-敦南",2195,1617,578
"28744","2363矽統","110/07/13","統一",192,3325,-3133
"28745","2363矽統","110/07/13","中農",670,139,531
"28746","2363矽統","110/07/13","新加坡商瑞銀",1000,2747,-1747
"28747","2363矽統","110/07/13","康和-台中",638,154,484
"28748","2363矽統","110/07/13","凱基-台北",5359,6609,-1250
"28749","2363矽統","110/07/13","群益金鼎-三民",577,137,440
"28750","2363矽統","110/07/13","摩根大通",1930,2858,-928
"28751","2363矽統","110/07/13","台新-屏東",510,88,422
"28752","2363矽統","110/07/13","港商野村",960,1679,-719
"28753","2363矽統","110/07/13","德信-中正",455,67,388
"28754","2363矽統","110/07/13","兆豐-復興",25,705,-680
"28755","2363矽統","110/07/13","日盛-竹北",365,70,295
"28756","2363矽統","110/07/13","統一-仁愛",114,755,-641
"28757","2363矽統","110/07/13","元大-佳里",452,189,263
"28758","2363矽統","110/07/13","統一-敦南",29,638,-609
"28759","2363矽統","110/07/13","國票-博愛",296,38,258
"28760","2363矽統","110/07/13","統一-土城",100,704,-604
"28761","2363矽統","110/07/13","元大-萬華",340,95,245
"28762","2363矽統","110/07/13","統一-城中",116,676,-560
"28763","2363矽統","110/07/13","新光",1259,1031,228
"28764","2363矽統","110/07/13","永豐金證券",306,859,-553
"28765","2363矽統","110/07/13","元富-成功",323,96,227
"28766","2363矽統","110/07/13","元富",54,567,-513
"28767","2363矽統","110/07/13","豐農",228,23,205
"28768","2363矽統","110/07/13","瑞士信貸",202,666,-464
"28769","2363矽統","110/07/13","台灣企銀-岡山",186,4,182
"28770","2363矽統","110/07/13","永豐金-嘉義",67,468,-401
"28771","8112至上","110/07/13","摩根大通",688,296,392
"28772","8112至上","110/07/13","國票-中和",0,401,-401
"28773","8112至上","110/07/13","港商野村",344,145,199
"28774","8112至上","110/07/13","永豐金-板盛",0,205,-205
"28775","8112至上","110/07/13","兆豐-公益",195,5,190
"28776","8112至上","110/07/13","凱基-五股",43,155,-112
"28777","8112至上","110/07/13","台灣摩根士丹利",183,0,183
"28778","8112至上","110/07/13","凱基-市政",0,100,-100
"28779","8112至上","110/07/13","群益金鼎-敦南",153,2,151
"28780","8112至上","110/07/13","元大-大里德芳",1,92,-91
"28781","8112至上","110/07/13","臺銀-金山",146,26,120
"28782","8112至上","110/07/13","玉山-桃園",26,110,-84
"28783","8112至上","110/07/13","臺銀",133,19,114
"28784","8112至上","110/07/13","兆豐-天母",0,81,-81
"28785","8112至上","110/07/13","合庫-台中",115,6,109
"28786","8112至上","110/07/13","凱基-城中",3,84,-81
"28787","8112至上","110/07/13","亞東-板橋",134,26,108
"28788","8112至上","110/07/13","日盛-新莊",9,85,-76
"28789","8112至上","110/07/13","凱基-台北",414,326,88
"28790","8112至上","110/07/13","日盛-台中",2,64,-62
"28791","8112至上","110/07/13","新加坡商瑞銀",181,100,81
"28792","8112至上","110/07/13","日盛-中壢",3,64,-61
"28793","8112至上","110/07/13","國泰-敦南",108,31,77
"28794","8112至上","110/07/13","元大-台中",2,59,-57
"28795","8112至上","110/07/13","第一金-華江",77,4,73
"28796","8112至上","110/07/13","元大-雙和",7,64,-57
"28797","8112至上","110/07/13","永豐金-內湖",73,1,72
"28798","8112至上","110/07/13","元大-高雄",8,62,-54
"28799","8112至上","110/07/13","元大-永和",68,1,67
"28800","8112至上","110/07/13","元大-館前",2,55,-53
"28801","4903聯光通","110/07/13","台灣企銀-太平",56,0,56
"28802","4903聯光通","110/07/13","土銀",0,32,-32
"28803","4903聯光通","110/07/13","元富-新興",23,0,23
"28804","4903聯光通","110/07/13","元大-樹林",0,19,-19
"28805","4903聯光通","110/07/13","日盛-樹林",22,0,22
"28806","4903聯光通","110/07/13","凱基-士林",0,17,-17
"28807","4903聯光通","110/07/13","兆豐-天母",20,0,20
"28808","4903聯光通","110/07/13","國票-博愛",0,14,-14
"28809","4903聯光通","110/07/13","華南永昌-桃園",20,0,20
"28810","4903聯光通","110/07/13","元富",0,10,-10
"28811","4903聯光通","110/07/13","富邦-新店",10,0,10
"28812","4903聯光通","110/07/13","新光",0,10,-10
"28813","4903聯光通","110/07/13","新光-台中",5,0,5
"28814","4903聯光通","110/07/13","玉山-南京東路",0,10,-10
"28815","4903聯光通","110/07/13","華南永昌-台中",5,0,5
"28816","4903聯光通","110/07/13","富邦-陽明",0,10,-10
"28817","4903聯光通","110/07/13","元大-崇德",5,0,5
"28818","4903聯光通","110/07/13","元大-大甲",0,8,-8
"28819","4903聯光通","110/07/13","元大-草屯",5,0,5
"28820","4903聯光通","110/07/13","富邦-台中",0,7,-7
"28821","4903聯光通","110/07/13","元富-草屯",4,0,4
"28822","4903聯光通","110/07/13","凱基-中壢",0,6,-6
"28823","4903聯光通","110/07/13","元大-清水",4,0,4
"28824","4903聯光通","110/07/13","臺銀-民權",0,5,-5
"28825","4903聯光通","110/07/13","元大-東泰",4,0,4
"28826","4903聯光通","110/07/13","日盛-板橋",0,5,-5
"28827","4903聯光通","110/07/13","元大-佳里",2,0,2
"28828","4903聯光通","110/07/13","中國信託-忠孝",0,5,-5
"28829","4903聯光通","110/07/13","永豐金-板橋",2,0,2
"28830","4903聯光通","110/07/13","永豐金-鳳山",0,5,-5
"28831","2929淘帝","110/07/13","玉山-新竹",130,0,130
"28832","2929淘帝","110/07/13","美商高盛",0,177,-177
"28833","2929淘帝","110/07/13","臺銀-民權",60,0,60
"28834","2929淘帝","110/07/13","凱基-台北",6,80,-74
"28835","2929淘帝","110/07/13","新百王",31,0,31
"28836","2929淘帝","110/07/13","元富-大裕",0,49,-49
"28837","2929淘帝","110/07/13","日盛-園區",30,0,30
"28838","2929淘帝","110/07/13","國泰-館前",3,51,-48
"28839","2929淘帝","110/07/13","元大-南投",31,1,30
"28840","2929淘帝","110/07/13","凱基-中壢",0,41,-41
"28841","2929淘帝","110/07/13","兆豐-忠孝",28,0,28
"28842","2929淘帝","110/07/13","港商野村",21,55,-34
"28843","2929淘帝","110/07/13","元大-民生",28,0,28
"28844","2929淘帝","110/07/13","華南永昌-南京",2,34,-32
"28845","2929淘帝","110/07/13","合庫-高雄",27,0,27
"28846","2929淘帝","110/07/13","群益金鼎-土城",0,30,-30
"28847","2929淘帝","110/07/13","凱基-豐中",27,0,27
"28848","2929淘帝","110/07/13","富邦-南屯",0,22,-22
"28849","2929淘帝","110/07/13","新光",21,4,17
"28850","2929淘帝","110/07/13","第一金-豐原",0,20,-20
"28851","2929淘帝","110/07/13","元大-天母",17,0,17
"28852","2929淘帝","110/07/13","元大-屏南",6,26,-20
"28853","2929淘帝","110/07/13","永興",14,0,14
"28854","2929淘帝","110/07/13","永豐金-敦南",1,21,-20
"28855","2929淘帝","110/07/13","富邦-台北",12,0,12
"28856","2929淘帝","110/07/13","凱基-三重",2,21,-19
"28857","2929淘帝","110/07/13","元大-永和",12,0,12
"28858","2929淘帝","110/07/13","富邦-仁愛",7,25,-18
"28859","2929淘帝","110/07/13","國票-天祥",11,0,11
"28860","2929淘帝","110/07/13","元大-北投",0,16,-16
"28861","5410國眾","110/07/13","兆豐-城中",274,0,274
"28862","5410國眾","110/07/13","元富-嘉義",0,103,-103
"28863","5410國眾","110/07/13","新光",50,4,46
"28864","5410國眾","110/07/13","凱基-台北",0,50,-50
"28865","5410國眾","110/07/13","國泰-台中",26,0,26
"28866","5410國眾","110/07/13","瑞士信貸",0,31,-31
"28867","5410國眾","110/07/13","新加坡商瑞銀",22,0,22
"28868","5410國眾","110/07/13","台新-新莊",0,27,-27
"28869","5410國眾","110/07/13","光和-嘉義",20,0,20
"28870","5410國眾","110/07/13","元大-汐止",0,20,-20
"28871","5410國眾","110/07/13","凱基-竹北",17,0,17
"28872","5410國眾","110/07/13","亞東-新竹",0,17,-17
"28873","5410國眾","110/07/13","新光-桃園",15,0,15
"28874","5410國眾","110/07/13","元大-南勢角",0,13,-13
"28875","5410國眾","110/07/13","凱基-台東",14,0,14
"28876","5410國眾","110/07/13","台新-台南",0,12,-12
"28877","5410國眾","110/07/13","富邦-竹北",11,0,11
"28878","5410國眾","110/07/13","中國信託",0,11,-11
"28879","5410國眾","110/07/13","元富-同大",10,0,10
"28880","5410國眾","110/07/13","華南永昌",0,11,-11
"28881","5410國眾","110/07/13","國泰-敦南",24,15,9
"28882","5410國眾","110/07/13","臺銀-臺南",0,10,-10
"28883","5410國眾","110/07/13","日盛-內湖",7,0,7
"28884","5410國眾","110/07/13","台灣企銀-民雄",0,10,-10
"28885","5410國眾","110/07/13","台新-左楠",7,0,7
"28886","5410國眾","110/07/13","高橋",0,10,-10
"28887","5410國眾","110/07/13","元大-新盛",18,12,6
"28888","5410國眾","110/07/13","康和-嘉義",0,10,-10
"28889","5410國眾","110/07/13","統一",5,0,5
"28890","5410國眾","110/07/13","凱基-基隆",0,10,-10
"28891","2841台開","110/07/13","中國信託-高雄",251,50,201
"28892","2841台開","110/07/13","兆豐-公益",0,177,-177
"28893","2841台開","110/07/13","日盛證券",210,13,197
"28894","2841台開","110/07/13","日進",0,152,-152
"28895","2841台開","110/07/13","第一金-台中",55,0,55
"28896","2841台開","110/07/13","港商野村",0,109,-109
"28897","2841台開","110/07/13","國泰-板橋",46,0,46
"28898","2841台開","110/07/13","日盛-信義",0,103,-103
"28899","2841台開","110/07/13","國泰-館前",48,3,45
"28900","2841台開","110/07/13","國泰-敦南",11,75,-64
"28901","2841台開","110/07/13","華南永昌-新莊",45,0,45
"28902","2841台開","110/07/13","永興",0,50,-50
"28903","2841台開","110/07/13","日盛-園區",42,0,42
"28904","2841台開","110/07/13","永豐金-敦南",61,104,-43
"28905","2841台開","110/07/13","台新證券",32,0,32
"28906","2841台開","110/07/13","富邦-台南",0,42,-42
"28907","2841台開","110/07/13","台新-高雄",32,2,30
"28908","2841台開","110/07/13","國票-安和",0,30,-30
"28909","2841台開","110/07/13","豐農",23,0,23
"28910","2841台開","110/07/13","元大-桃園",0,25,-25
"28911","2841台開","110/07/13","合庫-嘉義",20,0,20
"28912","2841台開","110/07/13","新光",8,32,-24
"28913","2841台開","110/07/13","華南永昌-高雄",20,0,20
"28914","2841台開","110/07/13","元大-仁愛",0,24,-24
"28915","2841台開","110/07/13","元大-樹林",16,0,16
"28916","2841台開","110/07/13","日盛-中和",0,20,-20
"28917","2841台開","110/07/13","第一金-華江",15,2,13
"28918","2841台開","110/07/13","元富",0,20,-20
"28919","2841台開","110/07/13","美商高盛",12,0,12
"28920","2841台開","110/07/13","富邦-宜蘭",0,20,-20
"28921","6207雷科","110/07/13","元大-高雄",121,0,121
"28922","6207雷科","110/07/13","華南永昌-朴子",1,60,-59
"28923","6207雷科","110/07/13","第一金-新興",20,0,20
"28924","6207雷科","110/07/13","元大-南海",0,36,-36
"28925","6207雷科","110/07/13","元富-三重",20,0,20
"28926","6207雷科","110/07/13","凱基-土城",0,35,-35
"28927","6207雷科","110/07/13","元大-林園",15,0,15
"28928","6207雷科","110/07/13","台灣企銀",0,20,-20
"28929","6207雷科","110/07/13","元大-金華",16,1,15
"28930","6207雷科","110/07/13","群益金鼎-丹鳳",0,20,-20
"28931","6207雷科","110/07/13","日盛證券",10,0,10
"28932","6207雷科","110/07/13","元大-博愛",0,17,-17
"28933","6207雷科","110/07/13","統一-台中",10,0,10
"28934","6207雷科","110/07/13","元大-北港",0,13,-13
"28935","6207雷科","110/07/13","群益金鼎-土城",10,0,10
"28936","6207雷科","110/07/13","新加坡商瑞銀",0,12,-12
"28937","6207雷科","110/07/13","群益金鼎-桃園",10,0,10
"28938","6207雷科","110/07/13","凱基-台北",4,16,-12
"28939","6207雷科","110/07/13","永豐金-新莊",10,0,10
"28940","6207雷科","110/07/13","日茂-埔里",0,11,-11
"28941","6207雷科","110/07/13","永豐金-新店",10,0,10
"28942","6207雷科","110/07/13","元大-莒光",0,11,-11
"28943","6207雷科","110/07/13","元大證券",9,0,9
"28944","6207雷科","110/07/13","統一-新竹",0,10,-10
"28945","6207雷科","110/07/13","日盛-木柵",9,1,8
"28946","6207雷科","110/07/13","元大-西螺",0,10,-10
"28947","6207雷科","110/07/13","兆豐-來福",8,0,8
"28948","6207雷科","110/07/13","康和-台中",0,8,-8
"28949","6207雷科","110/07/13","新光",7,0,7
"28950","6207雷科","110/07/13","兆豐-高雄",0,6,-6
"28951","3679新至陞","110/07/13","永豐金證券",50,0,50
"28952","3679新至陞","110/07/13","摩根大通",2,25,-23
"28953","3679新至陞","110/07/13","國泰-桃園",22,0,22
"28954","3679新至陞","110/07/13","元大-成功",0,22,-22
"28955","3679新至陞","110/07/13","台中銀-員林",11,0,11
"28956","3679新至陞","110/07/13","富邦-板橋",1,19,-18
"28957","3679新至陞","110/07/13","元大-文心興安",8,0,8
"28958","3679新至陞","110/07/13","日盛-新莊",0,10,-10
"28959","3679新至陞","110/07/13","美商高盛",6,0,6
"28960","3679新至陞","110/07/13","台新-台中",0,10,-10
"28961","3679新至陞","110/07/13","台新-高雄",6,0,6
"28962","3679新至陞","110/07/13","永豐金-新竹",0,8,-8
"28963","3679新至陞","110/07/13","凱基-台北",18,12,6
"28964","3679新至陞","110/07/13","瑞士信貸",12,19,-7
"28965","3679新至陞","110/07/13","日盛-復興",5,0,5
"28966","3679新至陞","110/07/13","統一-南京",0,7,-7
"28967","3679新至陞","110/07/13","(牛牛牛)亞-鑫豐",4,0,4
"28968","3679新至陞","110/07/13","凱基-新莊",0,7,-7
"28969","3679新至陞","110/07/13","元富-大昌",3,0,3
"28970","3679新至陞","110/07/13","新加坡商瑞銀",0,6,-6
"28971","3679新至陞","110/07/13","富邦-台北",3,0,3
"28972","3679新至陞","110/07/13","合庫-自強",0,5,-5
"28973","3679新至陞","110/07/13","日盛-樹林",2,0,2
"28974","3679新至陞","110/07/13","富邦-桃園",0,5,-5
"28975","3679新至陞","110/07/13","宏遠-光隆",2,0,2
"28976","3679新至陞","110/07/13","永豐金-潮州",0,4,-4
"28977","3679新至陞","110/07/13","美林",3,1,2
"28978","3679新至陞","110/07/13","臺銀-臺南",0,3,-3
"28979","3679新至陞","110/07/13","第一金-中壢",2,0,2
"28980","3679新至陞","110/07/13","元大-六合",0,3,-3
"28981","2727王品","110/07/13","富邦-台北",43,3,40
"28982","2727王品","110/07/13","台灣摩根士丹利",15,97,-82
"28983","2727王品","110/07/13","元大-基隆孝二",40,0,40
"28984","2727王品","110/07/13","玉山-台南",5,57,-52
"28985","2727王品","110/07/13","國票-新莊",40,1,39
"28986","2727王品","110/07/13","新加坡商瑞銀",0,48,-48
"28987","2727王品","110/07/13","第一金-豐原",66,42,24
"28988","2727王品","110/07/13","凱基-台北",41,77,-36
"28989","2727王品","110/07/13","永豐金-大園",34,10,24
"28990","2727王品","110/07/13","永豐金-永康",0,22,-22
"28991","2727王品","110/07/13","元大-北屯",22,0,22
"28992","2727王品","110/07/13","統一-台中",2,22,-20
"28993","2727王品","110/07/13","元大-東蘆",26,7,19
"28994","2727王品","110/07/13","國泰-台中",21,39,-18
"28995","2727王品","110/07/13","永豐金-萬盛",13,1,12
"28996","2727王品","110/07/13","合庫-彰化",3,20,-17
"28997","2727王品","110/07/13","日盛-嘉義",11,0,11
"28998","2727王品","110/07/13","港商野村",13,30,-17
"28999","2727王品","110/07/13","日盛-八德",11,0,11
"29000","2727王品","110/07/13","元大-楊梅",1,16,-15
"29001","2727王品","110/07/13","統一-竹南",11,0,11
"29002","2727王品","110/07/13","凱基-高美館",2,15,-13
"29003","2727王品","110/07/13","日盛-士林",12,2,10
"29004","2727王品","110/07/13","美商高盛",2,14,-12
"29005","2727王品","110/07/13","統一-敦南",10,0,10
"29006","2727王品","110/07/13","統一-平鎮",1,13,-12
"29007","2727王品","110/07/13","中國信託",15,5,10
"29008","2727王品","110/07/13","兆豐-台中港",4,16,-12
"29009","2727王品","110/07/13","兆豐-竹北",13,3,10
"29010","2727王品","110/07/13","凱基-八德",1,13,-12
"29011","1570力肯","110/07/13","新光",115,11,104
"29012","1570力肯","110/07/13","元大-北三重",0,162,-162
"29013","1570力肯","110/07/13","群益金鼎-高雄",54,0,54
"29014","1570力肯","110/07/13","元大-大灣",0,25,-25
"29015","1570力肯","110/07/13","國票-新莊",22,0,22
"29016","1570力肯","110/07/13","永豐金-苓雅",0,22,-22
"29017","1570力肯","110/07/13","日盛-桃園",12,0,12
"29018","1570力肯","110/07/13","永豐金-永康",0,19,-19
"29019","1570力肯","110/07/13","元大-高雄",12,0,12
"29020","1570力肯","110/07/13","富邦-員林",0,15,-15
"29021","1570力肯","110/07/13","合庫-自強",11,0,11
"29022","1570力肯","110/07/13","凱基-台南",0,11,-11
"29023","1570力肯","110/07/13","摩根大通",26,15,11
"29024","1570力肯","110/07/13","日盛-竹北",0,10,-10
"29025","1570力肯","110/07/13","永豐金-中盛",11,0,11
"29026","1570力肯","110/07/13","國票-九鼎",0,10,-10
"29027","1570力肯","110/07/13","兆豐-台中港",10,0,10
"29028","1570力肯","110/07/13","凱基-桃園",0,10,-10
"29029","1570力肯","110/07/13","國泰-松江",9,0,9
"29030","1570力肯","110/07/13","凱基-新豐",0,10,-10
"29031","1570力肯","110/07/13","元大-新盛",9,0,9
"29032","1570力肯","110/07/13","元大-學甲",0,10,-10
"29033","1570力肯","110/07/13","元富-緯城",6,0,6
"29034","1570力肯","110/07/13","群益金鼎-東湖",1,10,-9
"29035","1570力肯","110/07/13","統一-三重",5,0,5
"29036","1570力肯","110/07/13","大昌",0,6,-6
"29037","1570力肯","110/07/13","元大-前金",5,0,5
"29038","1570力肯","110/07/13","元大-土城學府",0,6,-6
"29039","1570力肯","110/07/13","永豐金證券",5,0,5
"29040","1570力肯","110/07/13","統一",0,5,-5
"29041","6180橘子","110/07/13","摩根大通",119,0,119
"29042","6180橘子","110/07/13","元大-崇德",2,61,-59
"29043","6180橘子","110/07/13","美商高盛",96,0,96
"29044","6180橘子","110/07/13","康和-台中",0,51,-51
"29045","6180橘子","110/07/13","新加坡商瑞銀",86,7,79
"29046","6180橘子","110/07/13","康和-台北",0,50,-50
"29047","6180橘子","110/07/13","元大-和平",40,0,40
"29048","6180橘子","110/07/13","元富-潮州",0,40,-40
"29049","6180橘子","110/07/13","凱基-台北",83,47,36
"29050","6180橘子","110/07/13","日盛-永康",0,26,-26
"29051","6180橘子","110/07/13","美林",39,5,34
"29052","6180橘子","110/07/13","永豐金-中正",0,24,-24
"29053","6180橘子","110/07/13","富邦-新竹華信",31,2,29
"29054","6180橘子","110/07/13","國泰-板橋",2,25,-23
"29055","6180橘子","110/07/13","統一-南京",21,0,21
"29056","6180橘子","110/07/13","日盛-大墩",0,20,-20
"29057","6180橘子","110/07/13","富邦-陽明",24,3,21
"29058","6180橘子","110/07/13","元大-草屯",13,32,-19
"29059","6180橘子","110/07/13","大昌-樹林",21,1,20
"29060","6180橘子","110/07/13","元富-林園",1,18,-17
"29061","6180橘子","110/07/13","花旗環球",19,0,19
"29062","6180橘子","110/07/13","新光-新竹",1,18,-17
"29063","6180橘子","110/07/13","華南永昌-台南",19,0,19
"29064","6180橘子","110/07/13","元大-土城永寧",0,17,-17
"29065","6180橘子","110/07/13","福勝",14,0,14
"29066","6180橘子","110/07/13","國泰-新莊",3,19,-16
"29067","6180橘子","110/07/13","富邦-嘉義",12,1,11
"29068","6180橘子","110/07/13","中國信託-永康",6,21,-15
"29069","6180橘子","110/07/13","元大-板橋三民",11,0,11
"29070","6180橘子","110/07/13","凱基-東港",1,15,-14
"29071","2390云辰","110/07/13","新加坡商瑞銀",562,75,487
"29072","2390云辰","110/07/13","大展-台南",0,532,-532
"29073","2390云辰","110/07/13","台灣摩根士丹利",330,155,175
"29074","2390云辰","110/07/13","凱基-台北",668,854,-186
"29075","2390云辰","110/07/13","兆豐-公益",126,25,101
"29076","2390云辰","110/07/13","凱基-三重",12,172,-160
"29077","2390云辰","110/07/13","元富-中港",100,2,98
"29078","2390云辰","110/07/13","兆豐-忠孝",4,161,-157
"29079","2390云辰","110/07/13","統一-新台中",106,9,97
"29080","2390云辰","110/07/13","元大-士林",19,170,-151
"29081","2390云辰","110/07/13","中國信託-松江",81,11,70
"29082","2390云辰","110/07/13","臺銀-新竹",14,117,-103
"29083","2390云辰","110/07/13","日盛-板橋",72,3,69
"29084","2390云辰","110/07/13","國票-台中",4,102,-98
"29085","2390云辰","110/07/13","日盛-和美",57,0,57
"29086","2390云辰","110/07/13","新光",147,232,-85
"29087","2390云辰","110/07/13","永豐金-桃園",88,36,52
"29088","2390云辰","110/07/13","致和-崇德",2,70,-68
"29089","2390云辰","110/07/13","玉山-士林",54,4,50
"29090","2390云辰","110/07/13","群益金鼎-屏東",2,70,-68
"29091","2390云辰","110/07/13","富邦-仁愛",56,6,50
"29092","2390云辰","110/07/13","元大-大里",35,98,-63
"29093","2390云辰","110/07/13","第一金-豐原",50,1,49
"29094","2390云辰","110/07/13","元大-萬華",35,94,-59
"29095","2390云辰","110/07/13","摩根大通",502,453,49
"29096","2390云辰","110/07/13","元富-吉利",2,60,-58
"29097","2390云辰","110/07/13","凱基-松山",61,13,48
"29098","2390云辰","110/07/13","兆豐-新竹",3,53,-50
"29099","2390云辰","110/07/13","大昌",64,22,42
"29100","2390云辰","110/07/13","富邦-嘉義",65,108,-43
"29101","2363矽統","110/07/13","凱基-南崁",2133,63,2070
"29102","2363矽統","110/07/13","凱基-幸福",36,4048,-4012
"29103","2363矽統","110/07/13","國泰-敦南",2195,1617,578
"29104","2363矽統","110/07/13","統一",192,3325,-3133
"29105","2363矽統","110/07/13","中農",670,139,531
"29106","2363矽統","110/07/13","新加坡商瑞銀",1000,2747,-1747
"29107","2363矽統","110/07/13","康和-台中",638,154,484
"29108","2363矽統","110/07/13","凱基-台北",5359,6609,-1250
"29109","2363矽統","110/07/13","群益金鼎-三民",577,137,440
"29110","2363矽統","110/07/13","摩根大通",1930,2858,-928
"29111","2363矽統","110/07/13","台新-屏東",510,88,422
"29112","2363矽統","110/07/13","港商野村",960,1679,-719
"29113","2363矽統","110/07/13","德信-中正",455,67,388
"29114","2363矽統","110/07/13","兆豐-復興",25,705,-680
"29115","2363矽統","110/07/13","日盛-竹北",365,70,295
"29116","2363矽統","110/07/13","統一-仁愛",114,755,-641
"29117","2363矽統","110/07/13","元大-佳里",452,189,263
"29118","2363矽統","110/07/13","統一-敦南",29,638,-609
"29119","2363矽統","110/07/13","國票-博愛",296,38,258
"29120","2363矽統","110/07/13","統一-土城",100,704,-604
"29121","2363矽統","110/07/13","元大-萬華",340,95,245
"29122","2363矽統","110/07/13","統一-城中",116,676,-560
"29123","2363矽統","110/07/13","新光",1259,1031,228
"29124","2363矽統","110/07/13","永豐金證券",306,859,-553
"29125","2363矽統","110/07/13","元富-成功",323,96,227
"29126","2363矽統","110/07/13","元富",54,567,-513
"29127","2363矽統","110/07/13","豐農",228,23,205
"29128","2363矽統","110/07/13","瑞士信貸",202,666,-464
"29129","2363矽統","110/07/13","台灣企銀-岡山",186,4,182
"29130","2363矽統","110/07/13","永豐金-嘉義",67,468,-401
"29131","8112至上","110/07/13","摩根大通",688,296,392
"29132","8112至上","110/07/13","國票-中和",0,401,-401
"29133","8112至上","110/07/13","港商野村",344,145,199
"29134","8112至上","110/07/13","永豐金-板盛",0,205,-205
"29135","8112至上","110/07/13","兆豐-公益",195,5,190
"29136","8112至上","110/07/13","凱基-五股",43,155,-112
"29137","8112至上","110/07/13","台灣摩根士丹利",183,0,183
"29138","8112至上","110/07/13","凱基-市政",0,100,-100
"29139","8112至上","110/07/13","群益金鼎-敦南",153,2,151
"29140","8112至上","110/07/13","元大-大里德芳",1,92,-91
"29141","8112至上","110/07/13","臺銀-金山",146,26,120
"29142","8112至上","110/07/13","玉山-桃園",26,110,-84
"29143","8112至上","110/07/13","臺銀",133,19,114
"29144","8112至上","110/07/13","兆豐-天母",0,81,-81
"29145","8112至上","110/07/13","合庫-台中",115,6,109
"29146","8112至上","110/07/13","凱基-城中",3,84,-81
"29147","8112至上","110/07/13","亞東-板橋",134,26,108
"29148","8112至上","110/07/13","日盛-新莊",9,85,-76
"29149","8112至上","110/07/13","凱基-台北",414,326,88
"29150","8112至上","110/07/13","日盛-台中",2,64,-62
"29151","8112至上","110/07/13","新加坡商瑞銀",181,100,81
"29152","8112至上","110/07/13","日盛-中壢",3,64,-61
"29153","8112至上","110/07/13","國泰-敦南",108,31,77
"29154","8112至上","110/07/13","元大-台中",2,59,-57
"29155","8112至上","110/07/13","第一金-華江",77,4,73
"29156","8112至上","110/07/13","元大-雙和",7,64,-57
"29157","8112至上","110/07/13","永豐金-內湖",73,1,72
"29158","8112至上","110/07/13","元大-高雄",8,62,-54
"29159","8112至上","110/07/13","元大-永和",68,1,67
"29160","8112至上","110/07/13","元大-館前",2,55,-53
"29161","4903聯光通","110/07/13","台灣企銀-太平",56,0,56
"29162","4903聯光通","110/07/13","土銀",0,32,-32
"29163","4903聯光通","110/07/13","元富-新興",23,0,23
"29164","4903聯光通","110/07/13","元大-樹林",0,19,-19
"29165","4903聯光通","110/07/13","日盛-樹林",22,0,22
"29166","4903聯光通","110/07/13","凱基-士林",0,17,-17
"29167","4903聯光通","110/07/13","兆豐-天母",20,0,20
"29168","4903聯光通","110/07/13","國票-博愛",0,14,-14
"29169","4903聯光通","110/07/13","華南永昌-桃園",20,0,20
"29170","4903聯光通","110/07/13","元富",0,10,-10
"29171","4903聯光通","110/07/13","富邦-新店",10,0,10
"29172","4903聯光通","110/07/13","新光",0,10,-10
"29173","4903聯光通","110/07/13","新光-台中",5,0,5
"29174","4903聯光通","110/07/13","玉山-南京東路",0,10,-10
"29175","4903聯光通","110/07/13","華南永昌-台中",5,0,5
"29176","4903聯光通","110/07/13","富邦-陽明",0,10,-10
"29177","4903聯光通","110/07/13","元大-崇德",5,0,5
"29178","4903聯光通","110/07/13","元大-大甲",0,8,-8
"29179","4903聯光通","110/07/13","元大-草屯",5,0,5
"29180","4903聯光通","110/07/13","富邦-台中",0,7,-7
"29181","4903聯光通","110/07/13","元富-草屯",4,0,4
"29182","4903聯光通","110/07/13","凱基-中壢",0,6,-6
"29183","4903聯光通","110/07/13","元大-清水",4,0,4
"29184","4903聯光通","110/07/13","臺銀-民權",0,5,-5
"29185","4903聯光通","110/07/13","元大-東泰",4,0,4
"29186","4903聯光通","110/07/13","日盛-板橋",0,5,-5
"29187","4903聯光通","110/07/13","元大-佳里",2,0,2
"29188","4903聯光通","110/07/13","中國信託-忠孝",0,5,-5
"29189","4903聯光通","110/07/13","永豐金-板橋",2,0,2
"29190","4903聯光通","110/07/13","永豐金-鳳山",0,5,-5
"29191","2929淘帝","110/07/13","玉山-新竹",130,0,130
"29192","2929淘帝","110/07/13","美商高盛",0,177,-177
"29193","2929淘帝","110/07/13","臺銀-民權",60,0,60
"29194","2929淘帝","110/07/13","凱基-台北",6,80,-74
"29195","2929淘帝","110/07/13","新百王",31,0,31
"29196","2929淘帝","110/07/13","元富-大裕",0,49,-49
"29197","2929淘帝","110/07/13","日盛-園區",30,0,30
"29198","2929淘帝","110/07/13","國泰-館前",3,51,-48
"29199","2929淘帝","110/07/13","元大-南投",31,1,30
"29200","2929淘帝","110/07/13","凱基-中壢",0,41,-41
"29201","2929淘帝","110/07/13","兆豐-忠孝",28,0,28
"29202","2929淘帝","110/07/13","港商野村",21,55,-34
"29203","2929淘帝","110/07/13","元大-民生",28,0,28
"29204","2929淘帝","110/07/13","華南永昌-南京",2,34,-32
"29205","2929淘帝","110/07/13","合庫-高雄",27,0,27
"29206","2929淘帝","110/07/13","群益金鼎-土城",0,30,-30
"29207","2929淘帝","110/07/13","凱基-豐中",27,0,27
"29208","2929淘帝","110/07/13","富邦-南屯",0,22,-22
"29209","2929淘帝","110/07/13","新光",21,4,17
"29210","2929淘帝","110/07/13","第一金-豐原",0,20,-20
"29211","2929淘帝","110/07/13","元大-天母",17,0,17
"29212","2929淘帝","110/07/13","元大-屏南",6,26,-20
"29213","2929淘帝","110/07/13","永興",14,0,14
"29214","2929淘帝","110/07/13","永豐金-敦南",1,21,-20
"29215","2929淘帝","110/07/13","富邦-台北",12,0,12
"29216","2929淘帝","110/07/13","凱基-三重",2,21,-19
"29217","2929淘帝","110/07/13","元大-永和",12,0,12
"29218","2929淘帝","110/07/13","富邦-仁愛",7,25,-18
"29219","2929淘帝","110/07/13","國票-天祥",11,0,11
"29220","2929淘帝","110/07/13","元大-北投",0,16,-16
"29221","5410國眾","110/07/13","兆豐-城中",274,0,274
"29222","5410國眾","110/07/13","元富-嘉義",0,103,-103
"29223","5410國眾","110/07/13","新光",50,4,46
"29224","5410國眾","110/07/13","凱基-台北",0,50,-50
"29225","5410國眾","110/07/13","國泰-台中",26,0,26
"29226","5410國眾","110/07/13","瑞士信貸",0,31,-31
"29227","5410國眾","110/07/13","新加坡商瑞銀",22,0,22
"29228","5410國眾","110/07/13","台新-新莊",0,27,-27
"29229","5410國眾","110/07/13","光和-嘉義",20,0,20
"29230","5410國眾","110/07/13","元大-汐止",0,20,-20
"29231","5410國眾","110/07/13","凱基-竹北",17,0,17
"29232","5410國眾","110/07/13","亞東-新竹",0,17,-17
"29233","5410國眾","110/07/13","新光-桃園",15,0,15
"29234","5410國眾","110/07/13","元大-南勢角",0,13,-13
"29235","5410國眾","110/07/13","凱基-台東",14,0,14
"29236","5410國眾","110/07/13","台新-台南",0,12,-12
"29237","5410國眾","110/07/13","富邦-竹北",11,0,11
"29238","5410國眾","110/07/13","中國信託",0,11,-11
"29239","5410國眾","110/07/13","元富-同大",10,0,10
"29240","5410國眾","110/07/13","華南永昌",0,11,-11
"29241","5410國眾","110/07/13","國泰-敦南",24,15,9
"29242","5410國眾","110/07/13","臺銀-臺南",0,10,-10
"29243","5410國眾","110/07/13","日盛-內湖",7,0,7
"29244","5410國眾","110/07/13","台灣企銀-民雄",0,10,-10
"29245","5410國眾","110/07/13","台新-左楠",7,0,7
"29246","5410國眾","110/07/13","高橋",0,10,-10
"29247","5410國眾","110/07/13","元大-新盛",18,12,6
"29248","5410國眾","110/07/13","康和-嘉義",0,10,-10
"29249","5410國眾","110/07/13","統一",5,0,5
"29250","5410國眾","110/07/13","凱基-基隆",0,10,-10
"29251","2841台開","110/07/13","中國信託-高雄",251,50,201
"29252","2841台開","110/07/13","兆豐-公益",0,177,-177
"29253","2841台開","110/07/13","日盛證券",210,13,197
"29254","2841台開","110/07/13","日進",0,152,-152
"29255","2841台開","110/07/13","第一金-台中",55,0,55
"29256","2841台開","110/07/13","港商野村",0,109,-109
"29257","2841台開","110/07/13","國泰-板橋",46,0,46
"29258","2841台開","110/07/13","日盛-信義",0,103,-103
"29259","2841台開","110/07/13","國泰-館前",48,3,45
"29260","2841台開","110/07/13","國泰-敦南",11,75,-64
"29261","2841台開","110/07/13","華南永昌-新莊",45,0,45
"29262","2841台開","110/07/13","永興",0,50,-50
"29263","2841台開","110/07/13","日盛-園區",42,0,42
"29264","2841台開","110/07/13","永豐金-敦南",61,104,-43
"29265","2841台開","110/07/13","台新證券",32,0,32
"29266","2841台開","110/07/13","富邦-台南",0,42,-42
"29267","2841台開","110/07/13","台新-高雄",32,2,30
"29268","2841台開","110/07/13","國票-安和",0,30,-30
"29269","2841台開","110/07/13","豐農",23,0,23
"29270","2841台開","110/07/13","元大-桃園",0,25,-25
"29271","2841台開","110/07/13","合庫-嘉義",20,0,20
"29272","2841台開","110/07/13","新光",8,32,-24
"29273","2841台開","110/07/13","華南永昌-高雄",20,0,20
"29274","2841台開","110/07/13","元大-仁愛",0,24,-24
"29275","2841台開","110/07/13","元大-樹林",16,0,16
"29276","2841台開","110/07/13","日盛-中和",0,20,-20
"29277","2841台開","110/07/13","第一金-華江",15,2,13
"29278","2841台開","110/07/13","元富",0,20,-20
"29279","2841台開","110/07/13","美商高盛",12,0,12
"29280","2841台開","110/07/13","富邦-宜蘭",0,20,-20
"29281","6207雷科","110/07/13","元大-高雄",121,0,121
"29282","6207雷科","110/07/13","華南永昌-朴子",1,60,-59
"29283","6207雷科","110/07/13","第一金-新興",20,0,20
"29284","6207雷科","110/07/13","元大-南海",0,36,-36
"29285","6207雷科","110/07/13","元富-三重",20,0,20
"29286","6207雷科","110/07/13","凱基-土城",0,35,-35
"29287","6207雷科","110/07/13","元大-林園",15,0,15
"29288","6207雷科","110/07/13","台灣企銀",0,20,-20
"29289","6207雷科","110/07/13","元大-金華",16,1,15
"29290","6207雷科","110/07/13","群益金鼎-丹鳳",0,20,-20
"29291","6207雷科","110/07/13","日盛證券",10,0,10
"29292","6207雷科","110/07/13","元大-博愛",0,17,-17
"29293","6207雷科","110/07/13","統一-台中",10,0,10
"29294","6207雷科","110/07/13","元大-北港",0,13,-13
"29295","6207雷科","110/07/13","群益金鼎-土城",10,0,10
"29296","6207雷科","110/07/13","新加坡商瑞銀",0,12,-12
"29297","6207雷科","110/07/13","群益金鼎-桃園",10,0,10
"29298","6207雷科","110/07/13","凱基-台北",4,16,-12
"29299","6207雷科","110/07/13","永豐金-新莊",10,0,10
"29300","6207雷科","110/07/13","日茂-埔里",0,11,-11
"29301","6207雷科","110/07/13","永豐金-新店",10,0,10
"29302","6207雷科","110/07/13","元大-莒光",0,11,-11
"29303","6207雷科","110/07/13","元大證券",9,0,9
"29304","6207雷科","110/07/13","統一-新竹",0,10,-10
"29305","6207雷科","110/07/13","日盛-木柵",9,1,8
"29306","6207雷科","110/07/13","元大-西螺",0,10,-10
"29307","6207雷科","110/07/13","兆豐-來福",8,0,8
"29308","6207雷科","110/07/13","康和-台中",0,8,-8
"29309","6207雷科","110/07/13","新光",7,0,7
"29310","6207雷科","110/07/13","兆豐-高雄",0,6,-6
"29311","3679新至陞","110/07/13","永豐金證券",50,0,50
"29312","3679新至陞","110/07/13","摩根大通",2,25,-23
"29313","3679新至陞","110/07/13","國泰-桃園",22,0,22
"29314","3679新至陞","110/07/13","元大-成功",0,22,-22
"29315","3679新至陞","110/07/13","台中銀-員林",11,0,11
"29316","3679新至陞","110/07/13","富邦-板橋",1,19,-18
"29317","3679新至陞","110/07/13","元大-文心興安",8,0,8
"29318","3679新至陞","110/07/13","日盛-新莊",0,10,-10
"29319","3679新至陞","110/07/13","美商高盛",6,0,6
"29320","3679新至陞","110/07/13","台新-台中",0,10,-10
"29321","3679新至陞","110/07/13","台新-高雄",6,0,6
"29322","3679新至陞","110/07/13","永豐金-新竹",0,8,-8
"29323","3679新至陞","110/07/13","凱基-台北",18,12,6
"29324","3679新至陞","110/07/13","瑞士信貸",12,19,-7
"29325","3679新至陞","110/07/13","日盛-復興",5,0,5
"29326","3679新至陞","110/07/13","統一-南京",0,7,-7
"29327","3679新至陞","110/07/13","(牛牛牛)亞-鑫豐",4,0,4
"29328","3679新至陞","110/07/13","凱基-新莊",0,7,-7
"29329","3679新至陞","110/07/13","元富-大昌",3,0,3
"29330","3679新至陞","110/07/13","新加坡商瑞銀",0,6,-6
"29331","3679新至陞","110/07/13","富邦-台北",3,0,3
"29332","3679新至陞","110/07/13","合庫-自強",0,5,-5
"29333","3679新至陞","110/07/13","日盛-樹林",2,0,2
"29334","3679新至陞","110/07/13","富邦-桃園",0,5,-5
"29335","3679新至陞","110/07/13","宏遠-光隆",2,0,2
"29336","3679新至陞","110/07/13","永豐金-潮州",0,4,-4
"29337","3679新至陞","110/07/13","美林",3,1,2
"29338","3679新至陞","110/07/13","臺銀-臺南",0,3,-3
"29339","3679新至陞","110/07/13","第一金-中壢",2,0,2
"29340","3679新至陞","110/07/13","元大-六合",0,3,-3
"29341","2727王品","110/07/13","富邦-台北",43,3,40
"29342","2727王品","110/07/13","台灣摩根士丹利",15,97,-82
"29343","2727王品","110/07/13","元大-基隆孝二",40,0,40
"29344","2727王品","110/07/13","玉山-台南",5,57,-52
"29345","2727王品","110/07/13","國票-新莊",40,1,39
"29346","2727王品","110/07/13","新加坡商瑞銀",0,48,-48
"29347","2727王品","110/07/13","第一金-豐原",66,42,24
"29348","2727王品","110/07/13","凱基-台北",41,77,-36
"29349","2727王品","110/07/13","永豐金-大園",34,10,24
"29350","2727王品","110/07/13","永豐金-永康",0,22,-22
"29351","2727王品","110/07/13","元大-北屯",22,0,22
"29352","2727王品","110/07/13","統一-台中",2,22,-20
"29353","2727王品","110/07/13","元大-東蘆",26,7,19
"29354","2727王品","110/07/13","國泰-台中",21,39,-18
"29355","2727王品","110/07/13","永豐金-萬盛",13,1,12
"29356","2727王品","110/07/13","合庫-彰化",3,20,-17
"29357","2727王品","110/07/13","日盛-嘉義",11,0,11
"29358","2727王品","110/07/13","港商野村",13,30,-17
"29359","2727王品","110/07/13","日盛-八德",11,0,11
"29360","2727王品","110/07/13","元大-楊梅",1,16,-15
"29361","2727王品","110/07/13","統一-竹南",11,0,11
"29362","2727王品","110/07/13","凱基-高美館",2,15,-13
"29363","2727王品","110/07/13","日盛-士林",12,2,10
"29364","2727王品","110/07/13","美商高盛",2,14,-12
"29365","2727王品","110/07/13","統一-敦南",10,0,10
"29366","2727王品","110/07/13","統一-平鎮",1,13,-12
"29367","2727王品","110/07/13","中國信託",15,5,10
"29368","2727王品","110/07/13","兆豐-台中港",4,16,-12
"29369","2727王品","110/07/13","兆豐-竹北",13,3,10
"29370","2727王品","110/07/13","凱基-八德",1,13,-12
"29371","1570力肯","110/07/13","新光",115,11,104
"29372","1570力肯","110/07/13","元大-北三重",0,162,-162
"29373","1570力肯","110/07/13","群益金鼎-高雄",54,0,54
"29374","1570力肯","110/07/13","元大-大灣",0,25,-25
"29375","1570力肯","110/07/13","國票-新莊",22,0,22
"29376","1570力肯","110/07/13","永豐金-苓雅",0,22,-22
"29377","1570力肯","110/07/13","日盛-桃園",12,0,12
"29378","1570力肯","110/07/13","永豐金-永康",0,19,-19
"29379","1570力肯","110/07/13","元大-高雄",12,0,12
"29380","1570力肯","110/07/13","富邦-員林",0,15,-15
"29381","1570力肯","110/07/13","合庫-自強",11,0,11
"29382","1570力肯","110/07/13","凱基-台南",0,11,-11
"29383","1570力肯","110/07/13","摩根大通",26,15,11
"29384","1570力肯","110/07/13","日盛-竹北",0,10,-10
"29385","1570力肯","110/07/13","永豐金-中盛",11,0,11
"29386","1570力肯","110/07/13","國票-九鼎",0,10,-10
"29387","1570力肯","110/07/13","兆豐-台中港",10,0,10
"29388","1570力肯","110/07/13","凱基-桃園",0,10,-10
"29389","1570力肯","110/07/13","國泰-松江",9,0,9
"29390","1570力肯","110/07/13","凱基-新豐",0,10,-10
"29391","1570力肯","110/07/13","元大-新盛",9,0,9
"29392","1570力肯","110/07/13","元大-學甲",0,10,-10
"29393","1570力肯","110/07/13","元富-緯城",6,0,6
"29394","1570力肯","110/07/13","群益金鼎-東湖",1,10,-9
"29395","1570力肯","110/07/13","統一-三重",5,0,5
"29396","1570力肯","110/07/13","大昌",0,6,-6
"29397","1570力肯","110/07/13","元大-前金",5,0,5
"29398","1570力肯","110/07/13","元大-土城學府",0,6,-6
"29399","1570力肯","110/07/13","永豐金證券",5,0,5
"29400","1570力肯","110/07/13","統一",0,5,-5
"29401","6180橘子","110/07/13","摩根大通",119,0,119
"29402","6180橘子","110/07/13","元大-崇德",2,61,-59
"29403","6180橘子","110/07/13","美商高盛",96,0,96
"29404","6180橘子","110/07/13","康和-台中",0,51,-51
"29405","6180橘子","110/07/13","新加坡商瑞銀",86,7,79
"29406","6180橘子","110/07/13","康和-台北",0,50,-50
"29407","6180橘子","110/07/13","元大-和平",40,0,40
"29408","6180橘子","110/07/13","元富-潮州",0,40,-40
"29409","6180橘子","110/07/13","凱基-台北",83,47,36
"29410","6180橘子","110/07/13","日盛-永康",0,26,-26
"29411","6180橘子","110/07/13","美林",39,5,34
"29412","6180橘子","110/07/13","永豐金-中正",0,24,-24
"29413","6180橘子","110/07/13","富邦-新竹華信",31,2,29
"29414","6180橘子","110/07/13","國泰-板橋",2,25,-23
"29415","6180橘子","110/07/13","統一-南京",21,0,21
"29416","6180橘子","110/07/13","日盛-大墩",0,20,-20
"29417","6180橘子","110/07/13","富邦-陽明",24,3,21
"29418","6180橘子","110/07/13","元大-草屯",13,32,-19
"29419","6180橘子","110/07/13","大昌-樹林",21,1,20
"29420","6180橘子","110/07/13","元富-林園",1,18,-17
"29421","6180橘子","110/07/13","花旗環球",19,0,19
"29422","6180橘子","110/07/13","新光-新竹",1,18,-17
"29423","6180橘子","110/07/13","華南永昌-台南",19,0,19
"29424","6180橘子","110/07/13","元大-土城永寧",0,17,-17
"29425","6180橘子","110/07/13","福勝",14,0,14
"29426","6180橘子","110/07/13","國泰-新莊",3,19,-16
"29427","6180橘子","110/07/13","富邦-嘉義",12,1,11
"29428","6180橘子","110/07/13","中國信託-永康",6,21,-15
"29429","6180橘子","110/07/13","元大-板橋三民",11,0,11
"29430","6180橘子","110/07/13","凱基-東港",1,15,-14
"29431","2390云辰","110/07/13","新加坡商瑞銀",562,75,487
"29432","2390云辰","110/07/13","大展-台南",0,532,-532
"29433","2390云辰","110/07/13","台灣摩根士丹利",330,155,175
"29434","2390云辰","110/07/13","凱基-台北",668,854,-186
"29435","2390云辰","110/07/13","兆豐-公益",126,25,101
"29436","2390云辰","110/07/13","凱基-三重",12,172,-160
"29437","2390云辰","110/07/13","元富-中港",100,2,98
"29438","2390云辰","110/07/13","兆豐-忠孝",4,161,-157
"29439","2390云辰","110/07/13","統一-新台中",106,9,97
"29440","2390云辰","110/07/13","元大-士林",19,170,-151
"29441","2390云辰","110/07/13","中國信託-松江",81,11,70
"29442","2390云辰","110/07/13","臺銀-新竹",14,117,-103
"29443","2390云辰","110/07/13","日盛-板橋",72,3,69
"29444","2390云辰","110/07/13","國票-台中",4,102,-98
"29445","2390云辰","110/07/13","日盛-和美",57,0,57
"29446","2390云辰","110/07/13","新光",147,232,-85
"29447","2390云辰","110/07/13","永豐金-桃園",88,36,52
"29448","2390云辰","110/07/13","致和-崇德",2,70,-68
"29449","2390云辰","110/07/13","玉山-士林",54,4,50
"29450","2390云辰","110/07/13","群益金鼎-屏東",2,70,-68
"29451","2390云辰","110/07/13","富邦-仁愛",56,6,50
"29452","2390云辰","110/07/13","元大-大里",35,98,-63
"29453","2390云辰","110/07/13","第一金-豐原",50,1,49
"29454","2390云辰","110/07/13","元大-萬華",35,94,-59
"29455","2390云辰","110/07/13","摩根大通",502,453,49
"29456","2390云辰","110/07/13","元富-吉利",2,60,-58
"29457","2390云辰","110/07/13","凱基-松山",61,13,48
"29458","2390云辰","110/07/13","兆豐-新竹",3,53,-50
"29459","2390云辰","110/07/13","大昌",64,22,42
"29460","2390云辰","110/07/13","富邦-嘉義",65,108,-43
"29461","2363矽統","110/07/13","凱基-南崁",2133,63,2070
"29462","2363矽統","110/07/13","凱基-幸福",36,4048,-4012
"29463","2363矽統","110/07/13","國泰-敦南",2195,1617,578
"29464","2363矽統","110/07/13","統一",192,3325,-3133
"29465","2363矽統","110/07/13","中農",670,139,531
"29466","2363矽統","110/07/13","新加坡商瑞銀",1000,2747,-1747
"29467","2363矽統","110/07/13","康和-台中",638,154,484
"29468","2363矽統","110/07/13","凱基-台北",5359,6609,-1250
"29469","2363矽統","110/07/13","群益金鼎-三民",577,137,440
"29470","2363矽統","110/07/13","摩根大通",1930,2858,-928
"29471","2363矽統","110/07/13","台新-屏東",510,88,422
"29472","2363矽統","110/07/13","港商野村",960,1679,-719
"29473","2363矽統","110/07/13","德信-中正",455,67,388
"29474","2363矽統","110/07/13","兆豐-復興",25,705,-680
"29475","2363矽統","110/07/13","日盛-竹北",365,70,295
"29476","2363矽統","110/07/13","統一-仁愛",114,755,-641
"29477","2363矽統","110/07/13","元大-佳里",452,189,263
"29478","2363矽統","110/07/13","統一-敦南",29,638,-609
"29479","2363矽統","110/07/13","國票-博愛",296,38,258
"29480","2363矽統","110/07/13","統一-土城",100,704,-604
"29481","2363矽統","110/07/13","元大-萬華",340,95,245
"29482","2363矽統","110/07/13","統一-城中",116,676,-560
"29483","2363矽統","110/07/13","新光",1259,1031,228
"29484","2363矽統","110/07/13","永豐金證券",306,859,-553
"29485","2363矽統","110/07/13","元富-成功",323,96,227
"29486","2363矽統","110/07/13","元富",54,567,-513
"29487","2363矽統","110/07/13","豐農",228,23,205
"29488","2363矽統","110/07/13","瑞士信貸",202,666,-464
"29489","2363矽統","110/07/13","台灣企銀-岡山",186,4,182
"29490","2363矽統","110/07/13","永豐金-嘉義",67,468,-401
"29491","8112至上","110/07/13","摩根大通",688,296,392
"29492","8112至上","110/07/13","國票-中和",0,401,-401
"29493","8112至上","110/07/13","港商野村",344,145,199
"29494","8112至上","110/07/13","永豐金-板盛",0,205,-205
"29495","8112至上","110/07/13","兆豐-公益",195,5,190
"29496","8112至上","110/07/13","凱基-五股",43,155,-112
"29497","8112至上","110/07/13","台灣摩根士丹利",183,0,183
"29498","8112至上","110/07/13","凱基-市政",0,100,-100
"29499","8112至上","110/07/13","群益金鼎-敦南",153,2,151
"29500","8112至上","110/07/13","元大-大里德芳",1,92,-91
"29501","8112至上","110/07/13","臺銀-金山",146,26,120
"29502","8112至上","110/07/13","玉山-桃園",26,110,-84
"29503","8112至上","110/07/13","臺銀",133,19,114
"29504","8112至上","110/07/13","兆豐-天母",0,81,-81
"29505","8112至上","110/07/13","合庫-台中",115,6,109
"29506","8112至上","110/07/13","凱基-城中",3,84,-81
"29507","8112至上","110/07/13","亞東-板橋",134,26,108
"29508","8112至上","110/07/13","日盛-新莊",9,85,-76
"29509","8112至上","110/07/13","凱基-台北",414,326,88
"29510","8112至上","110/07/13","日盛-台中",2,64,-62
"29511","8112至上","110/07/13","新加坡商瑞銀",181,100,81
"29512","8112至上","110/07/13","日盛-中壢",3,64,-61
"29513","8112至上","110/07/13","國泰-敦南",108,31,77
"29514","8112至上","110/07/13","元大-台中",2,59,-57
"29515","8112至上","110/07/13","第一金-華江",77,4,73
"29516","8112至上","110/07/13","元大-雙和",7,64,-57
"29517","8112至上","110/07/13","永豐金-內湖",73,1,72
"29518","8112至上","110/07/13","元大-高雄",8,62,-54
"29519","8112至上","110/07/13","元大-永和",68,1,67
"29520","8112至上","110/07/13","元大-館前",2,55,-53
"29521","4903聯光通","110/07/13","台灣企銀-太平",56,0,56
"29522","4903聯光通","110/07/13","土銀",0,32,-32
"29523","4903聯光通","110/07/13","元富-新興",23,0,23
"29524","4903聯光通","110/07/13","元大-樹林",0,19,-19
"29525","4903聯光通","110/07/13","日盛-樹林",22,0,22
"29526","4903聯光通","110/07/13","凱基-士林",0,17,-17
"29527","4903聯光通","110/07/13","兆豐-天母",20,0,20
"29528","4903聯光通","110/07/13","國票-博愛",0,14,-14
"29529","4903聯光通","110/07/13","華南永昌-桃園",20,0,20
"29530","4903聯光通","110/07/13","元富",0,10,-10
"29531","4903聯光通","110/07/13","富邦-新店",10,0,10
"29532","4903聯光通","110/07/13","新光",0,10,-10
"29533","4903聯光通","110/07/13","新光-台中",5,0,5
"29534","4903聯光通","110/07/13","玉山-南京東路",0,10,-10
"29535","4903聯光通","110/07/13","華南永昌-台中",5,0,5
"29536","4903聯光通","110/07/13","富邦-陽明",0,10,-10
"29537","4903聯光通","110/07/13","元大-崇德",5,0,5
"29538","4903聯光通","110/07/13","元大-大甲",0,8,-8
"29539","4903聯光通","110/07/13","元大-草屯",5,0,5
"29540","4903聯光通","110/07/13","富邦-台中",0,7,-7
"29541","4903聯光通","110/07/13","元富-草屯",4,0,4
"29542","4903聯光通","110/07/13","凱基-中壢",0,6,-6
"29543","4903聯光通","110/07/13","元大-清水",4,0,4
"29544","4903聯光通","110/07/13","臺銀-民權",0,5,-5
"29545","4903聯光通","110/07/13","元大-東泰",4,0,4
"29546","4903聯光通","110/07/13","日盛-板橋",0,5,-5
"29547","4903聯光通","110/07/13","元大-佳里",2,0,2
"29548","4903聯光通","110/07/13","中國信託-忠孝",0,5,-5
"29549","4903聯光通","110/07/13","永豐金-板橋",2,0,2
"29550","4903聯光通","110/07/13","永豐金-鳳山",0,5,-5
"29551","2929淘帝","110/07/13","玉山-新竹",130,0,130
"29552","2929淘帝","110/07/13","美商高盛",0,177,-177
"29553","2929淘帝","110/07/13","臺銀-民權",60,0,60
"29554","2929淘帝","110/07/13","凱基-台北",6,80,-74
"29555","2929淘帝","110/07/13","新百王",31,0,31
"29556","2929淘帝","110/07/13","元富-大裕",0,49,-49
"29557","2929淘帝","110/07/13","日盛-園區",30,0,30
"29558","2929淘帝","110/07/13","國泰-館前",3,51,-48
"29559","2929淘帝","110/07/13","元大-南投",31,1,30
"29560","2929淘帝","110/07/13","凱基-中壢",0,41,-41
"29561","2929淘帝","110/07/13","兆豐-忠孝",28,0,28
"29562","2929淘帝","110/07/13","港商野村",21,55,-34
"29563","2929淘帝","110/07/13","元大-民生",28,0,28
"29564","2929淘帝","110/07/13","華南永昌-南京",2,34,-32
"29565","2929淘帝","110/07/13","合庫-高雄",27,0,27
"29566","2929淘帝","110/07/13","群益金鼎-土城",0,30,-30
"29567","2929淘帝","110/07/13","凱基-豐中",27,0,27
"29568","2929淘帝","110/07/13","富邦-南屯",0,22,-22
"29569","2929淘帝","110/07/13","新光",21,4,17
"29570","2929淘帝","110/07/13","第一金-豐原",0,20,-20
"29571","2929淘帝","110/07/13","元大-天母",17,0,17
"29572","2929淘帝","110/07/13","元大-屏南",6,26,-20
"29573","2929淘帝","110/07/13","永興",14,0,14
"29574","2929淘帝","110/07/13","永豐金-敦南",1,21,-20
"29575","2929淘帝","110/07/13","富邦-台北",12,0,12
"29576","2929淘帝","110/07/13","凱基-三重",2,21,-19
"29577","2929淘帝","110/07/13","元大-永和",12,0,12
"29578","2929淘帝","110/07/13","富邦-仁愛",7,25,-18
"29579","2929淘帝","110/07/13","國票-天祥",11,0,11
"29580","2929淘帝","110/07/13","元大-北投",0,16,-16
"29581","5410國眾","110/07/13","兆豐-城中",274,0,274
"29582","5410國眾","110/07/13","元富-嘉義",0,103,-103
"29583","5410國眾","110/07/13","新光",50,4,46
"29584","5410國眾","110/07/13","凱基-台北",0,50,-50
"29585","5410國眾","110/07/13","國泰-台中",26,0,26
"29586","5410國眾","110/07/13","瑞士信貸",0,31,-31
"29587","5410國眾","110/07/13","新加坡商瑞銀",22,0,22
"29588","5410國眾","110/07/13","台新-新莊",0,27,-27
"29589","5410國眾","110/07/13","光和-嘉義",20,0,20
"29590","5410國眾","110/07/13","元大-汐止",0,20,-20
"29591","5410國眾","110/07/13","凱基-竹北",17,0,17
"29592","5410國眾","110/07/13","亞東-新竹",0,17,-17
"29593","5410國眾","110/07/13","新光-桃園",15,0,15
"29594","5410國眾","110/07/13","元大-南勢角",0,13,-13
"29595","5410國眾","110/07/13","凱基-台東",14,0,14
"29596","5410國眾","110/07/13","台新-台南",0,12,-12
"29597","5410國眾","110/07/13","富邦-竹北",11,0,11
"29598","5410國眾","110/07/13","中國信託",0,11,-11
"29599","5410國眾","110/07/13","元富-同大",10,0,10
"29600","5410國眾","110/07/13","華南永昌",0,11,-11
"29601","5410國眾","110/07/13","國泰-敦南",24,15,9
"29602","5410國眾","110/07/13","臺銀-臺南",0,10,-10
"29603","5410國眾","110/07/13","日盛-內湖",7,0,7
"29604","5410國眾","110/07/13","台灣企銀-民雄",0,10,-10
"29605","5410國眾","110/07/13","台新-左楠",7,0,7
"29606","5410國眾","110/07/13","高橋",0,10,-10
"29607","5410國眾","110/07/13","元大-新盛",18,12,6
"29608","5410國眾","110/07/13","康和-嘉義",0,10,-10
"29609","5410國眾","110/07/13","統一",5,0,5
"29610","5410國眾","110/07/13","凱基-基隆",0,10,-10
"29611","2841台開","110/07/13","中國信託-高雄",251,50,201
"29612","2841台開","110/07/13","兆豐-公益",0,177,-177
"29613","2841台開","110/07/13","日盛證券",210,13,197
"29614","2841台開","110/07/13","日進",0,152,-152
"29615","2841台開","110/07/13","第一金-台中",55,0,55
"29616","2841台開","110/07/13","港商野村",0,109,-109
"29617","2841台開","110/07/13","國泰-板橋",46,0,46
"29618","2841台開","110/07/13","日盛-信義",0,103,-103
"29619","2841台開","110/07/13","國泰-館前",48,3,45
"29620","2841台開","110/07/13","國泰-敦南",11,75,-64
"29621","2841台開","110/07/13","華南永昌-新莊",45,0,45
"29622","2841台開","110/07/13","永興",0,50,-50
"29623","2841台開","110/07/13","日盛-園區",42,0,42
"29624","2841台開","110/07/13","永豐金-敦南",61,104,-43
"29625","2841台開","110/07/13","台新證券",32,0,32
"29626","2841台開","110/07/13","富邦-台南",0,42,-42
"29627","2841台開","110/07/13","台新-高雄",32,2,30
"29628","2841台開","110/07/13","國票-安和",0,30,-30
"29629","2841台開","110/07/13","豐農",23,0,23
"29630","2841台開","110/07/13","元大-桃園",0,25,-25
"29631","2841台開","110/07/13","合庫-嘉義",20,0,20
"29632","2841台開","110/07/13","新光",8,32,-24
"29633","2841台開","110/07/13","華南永昌-高雄",20,0,20
"29634","2841台開","110/07/13","元大-仁愛",0,24,-24
"29635","2841台開","110/07/13","元大-樹林",16,0,16
"29636","2841台開","110/07/13","日盛-中和",0,20,-20
"29637","2841台開","110/07/13","第一金-華江",15,2,13
"29638","2841台開","110/07/13","元富",0,20,-20
"29639","2841台開","110/07/13","美商高盛",12,0,12
"29640","2841台開","110/07/13","富邦-宜蘭",0,20,-20
"29641","6207雷科","110/07/13","元大-高雄",121,0,121
"29642","6207雷科","110/07/13","華南永昌-朴子",1,60,-59
"29643","6207雷科","110/07/13","第一金-新興",20,0,20
"29644","6207雷科","110/07/13","元大-南海",0,36,-36
"29645","6207雷科","110/07/13","元富-三重",20,0,20
"29646","6207雷科","110/07/13","凱基-土城",0,35,-35
"29647","6207雷科","110/07/13","元大-林園",15,0,15
"29648","6207雷科","110/07/13","台灣企銀",0,20,-20
"29649","6207雷科","110/07/13","元大-金華",16,1,15
"29650","6207雷科","110/07/13","群益金鼎-丹鳳",0,20,-20
"29651","6207雷科","110/07/13","日盛證券",10,0,10
"29652","6207雷科","110/07/13","元大-博愛",0,17,-17
"29653","6207雷科","110/07/13","統一-台中",10,0,10
"29654","6207雷科","110/07/13","元大-北港",0,13,-13
"29655","6207雷科","110/07/13","群益金鼎-土城",10,0,10
"29656","6207雷科","110/07/13","新加坡商瑞銀",0,12,-12
"29657","6207雷科","110/07/13","群益金鼎-桃園",10,0,10
"29658","6207雷科","110/07/13","凱基-台北",4,16,-12
"29659","6207雷科","110/07/13","永豐金-新莊",10,0,10
"29660","6207雷科","110/07/13","日茂-埔里",0,11,-11
"29661","6207雷科","110/07/13","永豐金-新店",10,0,10
"29662","6207雷科","110/07/13","元大-莒光",0,11,-11
"29663","6207雷科","110/07/13","元大證券",9,0,9
"29664","6207雷科","110/07/13","統一-新竹",0,10,-10
"29665","6207雷科","110/07/13","日盛-木柵",9,1,8
"29666","6207雷科","110/07/13","元大-西螺",0,10,-10
"29667","6207雷科","110/07/13","兆豐-來福",8,0,8
"29668","6207雷科","110/07/13","康和-台中",0,8,-8
"29669","6207雷科","110/07/13","新光",7,0,7
"29670","6207雷科","110/07/13","兆豐-高雄",0,6,-6
"29671","3679新至陞","110/07/13","永豐金證券",50,0,50
"29672","3679新至陞","110/07/13","摩根大通",2,25,-23
"29673","3679新至陞","110/07/13","國泰-桃園",22,0,22
"29674","3679新至陞","110/07/13","元大-成功",0,22,-22
"29675","3679新至陞","110/07/13","台中銀-員林",11,0,11
"29676","3679新至陞","110/07/13","富邦-板橋",1,19,-18
"29677","3679新至陞","110/07/13","元大-文心興安",8,0,8
"29678","3679新至陞","110/07/13","日盛-新莊",0,10,-10
"29679","3679新至陞","110/07/13","美商高盛",6,0,6
"29680","3679新至陞","110/07/13","台新-台中",0,10,-10
"29681","3679新至陞","110/07/13","台新-高雄",6,0,6
"29682","3679新至陞","110/07/13","永豐金-新竹",0,8,-8
"29683","3679新至陞","110/07/13","凱基-台北",18,12,6
"29684","3679新至陞","110/07/13","瑞士信貸",12,19,-7
"29685","3679新至陞","110/07/13","日盛-復興",5,0,5
"29686","3679新至陞","110/07/13","統一-南京",0,7,-7
"29687","3679新至陞","110/07/13","(牛牛牛)亞-鑫豐",4,0,4
"29688","3679新至陞","110/07/13","凱基-新莊",0,7,-7
"29689","3679新至陞","110/07/13","元富-大昌",3,0,3
"29690","3679新至陞","110/07/13","新加坡商瑞銀",0,6,-6
"29691","3679新至陞","110/07/13","富邦-台北",3,0,3
"29692","3679新至陞","110/07/13","合庫-自強",0,5,-5
"29693","3679新至陞","110/07/13","日盛-樹林",2,0,2
"29694","3679新至陞","110/07/13","富邦-桃園",0,5,-5
"29695","3679新至陞","110/07/13","宏遠-光隆",2,0,2
"29696","3679新至陞","110/07/13","永豐金-潮州",0,4,-4
"29697","3679新至陞","110/07/13","美林",3,1,2
"29698","3679新至陞","110/07/13","臺銀-臺南",0,3,-3
"29699","3679新至陞","110/07/13","第一金-中壢",2,0,2
"29700","3679新至陞","110/07/13","元大-六合",0,3,-3
"29701","2727王品","110/07/13","富邦-台北",43,3,40
"29702","2727王品","110/07/13","台灣摩根士丹利",15,97,-82
"29703","2727王品","110/07/13","元大-基隆孝二",40,0,40
"29704","2727王品","110/07/13","玉山-台南",5,57,-52
"29705","2727王品","110/07/13","國票-新莊",40,1,39
"29706","2727王品","110/07/13","新加坡商瑞銀",0,48,-48
"29707","2727王品","110/07/13","第一金-豐原",66,42,24
"29708","2727王品","110/07/13","凱基-台北",41,77,-36
"29709","2727王品","110/07/13","永豐金-大園",34,10,24
"29710","2727王品","110/07/13","永豐金-永康",0,22,-22
"29711","2727王品","110/07/13","元大-北屯",22,0,22
"29712","2727王品","110/07/13","統一-台中",2,22,-20
"29713","2727王品","110/07/13","元大-東蘆",26,7,19
"29714","2727王品","110/07/13","國泰-台中",21,39,-18
"29715","2727王品","110/07/13","永豐金-萬盛",13,1,12
"29716","2727王品","110/07/13","合庫-彰化",3,20,-17
"29717","2727王品","110/07/13","日盛-嘉義",11,0,11
"29718","2727王品","110/07/13","港商野村",13,30,-17
"29719","2727王品","110/07/13","日盛-八德",11,0,11
"29720","2727王品","110/07/13","元大-楊梅",1,16,-15
"29721","2727王品","110/07/13","統一-竹南",11,0,11
"29722","2727王品","110/07/13","凱基-高美館",2,15,-13
"29723","2727王品","110/07/13","日盛-士林",12,2,10
"29724","2727王品","110/07/13","美商高盛",2,14,-12
"29725","2727王品","110/07/13","統一-敦南",10,0,10
"29726","2727王品","110/07/13","統一-平鎮",1,13,-12
"29727","2727王品","110/07/13","中國信託",15,5,10
"29728","2727王品","110/07/13","兆豐-台中港",4,16,-12
"29729","2727王品","110/07/13","兆豐-竹北",13,3,10
"29730","2727王品","110/07/13","凱基-八德",1,13,-12
"29731","1570力肯","110/07/13","新光",115,11,104
"29732","1570力肯","110/07/13","元大-北三重",0,162,-162
"29733","1570力肯","110/07/13","群益金鼎-高雄",54,0,54
"29734","1570力肯","110/07/13","元大-大灣",0,25,-25
"29735","1570力肯","110/07/13","國票-新莊",22,0,22
"29736","1570力肯","110/07/13","永豐金-苓雅",0,22,-22
"29737","1570力肯","110/07/13","日盛-桃園",12,0,12
"29738","1570力肯","110/07/13","永豐金-永康",0,19,-19
"29739","1570力肯","110/07/13","元大-高雄",12,0,12
"29740","1570力肯","110/07/13","富邦-員林",0,15,-15
"29741","1570力肯","110/07/13","合庫-自強",11,0,11
"29742","1570力肯","110/07/13","凱基-台南",0,11,-11
"29743","1570力肯","110/07/13","摩根大通",26,15,11
"29744","1570力肯","110/07/13","日盛-竹北",0,10,-10
"29745","1570力肯","110/07/13","永豐金-中盛",11,0,11
"29746","1570力肯","110/07/13","國票-九鼎",0,10,-10
"29747","1570力肯","110/07/13","兆豐-台中港",10,0,10
"29748","1570力肯","110/07/13","凱基-桃園",0,10,-10
"29749","1570力肯","110/07/13","國泰-松江",9,0,9
"29750","1570力肯","110/07/13","凱基-新豐",0,10,-10
"29751","1570力肯","110/07/13","元大-新盛",9,0,9
"29752","1570力肯","110/07/13","元大-學甲",0,10,-10
"29753","1570力肯","110/07/13","元富-緯城",6,0,6
"29754","1570力肯","110/07/13","群益金鼎-東湖",1,10,-9
"29755","1570力肯","110/07/13","統一-三重",5,0,5
"29756","1570力肯","110/07/13","大昌",0,6,-6
"29757","1570力肯","110/07/13","元大-前金",5,0,5
"29758","1570力肯","110/07/13","元大-土城學府",0,6,-6
"29759","1570力肯","110/07/13","永豐金證券",5,0,5
"29760","1570力肯","110/07/13","統一",0,5,-5
"29761","6180橘子","110/07/13","摩根大通",119,0,119
"29762","6180橘子","110/07/13","元大-崇德",2,61,-59
"29763","6180橘子","110/07/13","美商高盛",96,0,96
"29764","6180橘子","110/07/13","康和-台中",0,51,-51
"29765","6180橘子","110/07/13","新加坡商瑞銀",86,7,79
"29766","6180橘子","110/07/13","康和-台北",0,50,-50
"29767","6180橘子","110/07/13","元大-和平",40,0,40
"29768","6180橘子","110/07/13","元富-潮州",0,40,-40
"29769","6180橘子","110/07/13","凱基-台北",83,47,36
"29770","6180橘子","110/07/13","日盛-永康",0,26,-26
"29771","6180橘子","110/07/13","美林",39,5,34
"29772","6180橘子","110/07/13","永豐金-中正",0,24,-24
"29773","6180橘子","110/07/13","富邦-新竹華信",31,2,29
"29774","6180橘子","110/07/13","國泰-板橋",2,25,-23
"29775","6180橘子","110/07/13","統一-南京",21,0,21
"29776","6180橘子","110/07/13","日盛-大墩",0,20,-20
"29777","6180橘子","110/07/13","富邦-陽明",24,3,21
"29778","6180橘子","110/07/13","元大-草屯",13,32,-19
"29779","6180橘子","110/07/13","大昌-樹林",21,1,20
"29780","6180橘子","110/07/13","元富-林園",1,18,-17
"29781","6180橘子","110/07/13","花旗環球",19,0,19
"29782","6180橘子","110/07/13","新光-新竹",1,18,-17
"29783","6180橘子","110/07/13","華南永昌-台南",19,0,19
"29784","6180橘子","110/07/13","元大-土城永寧",0,17,-17
"29785","6180橘子","110/07/13","福勝",14,0,14
"29786","6180橘子","110/07/13","國泰-新莊",3,19,-16
"29787","6180橘子","110/07/13","富邦-嘉義",12,1,11
"29788","6180橘子","110/07/13","中國信託-永康",6,21,-15
"29789","6180橘子","110/07/13","元大-板橋三民",11,0,11
"29790","6180橘子","110/07/13","凱基-東港",1,15,-14
"29791","2390云辰","110/07/13","新加坡商瑞銀",562,75,487
"29792","2390云辰","110/07/13","大展-台南",0,532,-532
"29793","2390云辰","110/07/13","台灣摩根士丹利",330,155,175
"29794","2390云辰","110/07/13","凱基-台北",668,854,-186
"29795","2390云辰","110/07/13","兆豐-公益",126,25,101
"29796","2390云辰","110/07/13","凱基-三重",12,172,-160
"29797","2390云辰","110/07/13","元富-中港",100,2,98
"29798","2390云辰","110/07/13","兆豐-忠孝",4,161,-157
"29799","2390云辰","110/07/13","統一-新台中",106,9,97
"29800","2390云辰","110/07/13","元大-士林",19,170,-151
"29801","2390云辰","110/07/13","中國信託-松江",81,11,70
"29802","2390云辰","110/07/13","臺銀-新竹",14,117,-103
"29803","2390云辰","110/07/13","日盛-板橋",72,3,69
"29804","2390云辰","110/07/13","國票-台中",4,102,-98
"29805","2390云辰","110/07/13","日盛-和美",57,0,57
"29806","2390云辰","110/07/13","新光",147,232,-85
"29807","2390云辰","110/07/13","永豐金-桃園",88,36,52
"29808","2390云辰","110/07/13","致和-崇德",2,70,-68
"29809","2390云辰","110/07/13","玉山-士林",54,4,50
"29810","2390云辰","110/07/13","群益金鼎-屏東",2,70,-68
"29811","2390云辰","110/07/13","富邦-仁愛",56,6,50
"29812","2390云辰","110/07/13","元大-大里",35,98,-63
"29813","2390云辰","110/07/13","第一金-豐原",50,1,49
"29814","2390云辰","110/07/13","元大-萬華",35,94,-59
"29815","2390云辰","110/07/13","摩根大通",502,453,49
"29816","2390云辰","110/07/13","元富-吉利",2,60,-58
"29817","2390云辰","110/07/13","凱基-松山",61,13,48
"29818","2390云辰","110/07/13","兆豐-新竹",3,53,-50
"29819","2390云辰","110/07/13","大昌",64,22,42
"29820","2390云辰","110/07/13","富邦-嘉義",65,108,-43
"29821","2363矽統","110/07/12","凱基-幸福",4046,31,4015
"29822","2363矽統","110/07/12","台新證券",478,2105,-1627
"29823","2363矽統","110/07/12","統一",3504,120,3384
"29824","2363矽統","110/07/12","第一金-忠孝",4,1068,-1064
"29825","2363矽統","110/07/12","摩根大通",3006,2149,857
"29826","2363矽統","110/07/12","台新-台中",381,1003,-622
"29827","2363矽統","110/07/12","永豐金證券",1428,610,818
"29828","2363矽統","110/07/12","新光",1295,1822,-527
"29829","2363矽統","110/07/12","兆豐-復興",1936,1233,703
"29830","2363矽統","110/07/12","大昌-樹林",54,537,-483
"29831","2363矽統","110/07/12","台灣摩根士丹利",701,0,701
"29832","2363矽統","110/07/12","華南永昌-台中",90,549,-459
"29833","2363矽統","110/07/12","永豐金-南投",803,145,658
"29834","2363矽統","110/07/12","玉山-高雄",167,612,-445
"29835","2363矽統","110/07/12","統一-仁愛",1214,586,628
"29836","2363矽統","110/07/12","元富-同大",201,540,-339
"29837","2363矽統","110/07/12","統一-土城",688,75,613
"29838","2363矽統","110/07/12","華南永昌-東勢",31,367,-336
"29839","2363矽統","110/07/12","統一-城中",711,131,580
"29840","2363矽統","110/07/12","土銀-花蓮",9,333,-324
"29841","2363矽統","110/07/12","統一-敦南",632,54,578
"29842","2363矽統","110/07/12","凱基-豐中",120,434,-314
"29843","2363矽統","110/07/12","新加坡商瑞銀",1232,731,501
"29844","2363矽統","110/07/12","永豐金-竹科",54,323,-269
"29845","2363矽統","110/07/12","元富",2640,2142,498
"29846","2363矽統","110/07/12","元大-斗六",53,300,-247
"29847","2363矽統","110/07/12","凱基-永和",460,31,429
"29848","2363矽統","110/07/12","華南永昌-朴子",47,278,-231
"29849","2363矽統","110/07/12","第一金",380,22,358
"29850","2363矽統","110/07/12","永豐金-彰化",22,228,-206
"29851","8112至上","110/07/12","摩根大通",1167,290,877
"29852","8112至上","110/07/12","群益金鼎-新莊",1,156,-155
"29853","8112至上","110/07/12","凱基-台北",983,546,437
"29854","8112至上","110/07/12","國票-中港",0,131,-131
"29855","8112至上","110/07/12","新加坡商瑞銀",429,12,417
"29856","8112至上","110/07/12","元大證券",10,136,-126
"29857","8112至上","110/07/12","元大-屏南",360,2,358
"29858","8112至上","110/07/12","元大-中壢",11,135,-124
"29859","8112至上","110/07/12","美林",323,15,308
"29860","8112至上","110/07/12","合庫-基隆",0,122,-122
"29861","8112至上","110/07/12","台灣摩根士丹利",299,0,299
"29862","8112至上","110/07/12","群益金鼎-高盛",4,103,-99
"29863","8112至上","110/07/12","港商野村",267,28,239
"29864","8112至上","110/07/12","新光",110,202,-92
"29865","8112至上","110/07/12","大慶",165,3,162
"29866","8112至上","110/07/12","元大-府城",2,94,-92
"29867","8112至上","110/07/12","永豐金-台南",170,29,141
"29868","8112至上","110/07/12","富邦-板橋",5,92,-87
"29869","8112至上","110/07/12","華南永昌-長虹",128,2,126
"29870","8112至上","110/07/12","元大-土城",8,89,-81
"29871","8112至上","110/07/12","富邦-仁愛",157,51,106
"29872","8112至上","110/07/12","日盛-頭份",40,117,-77
"29873","8112至上","110/07/12","瑞士信貸",104,0,104
"29874","8112至上","110/07/12","玉山-嘉義",3,80,-77
"29875","8112至上","110/07/12","凱基-站前",100,11,89
"29876","8112至上","110/07/12","永豐金-松山",4,79,-75
"29877","8112至上","110/07/12","富邦-北港",90,3,87
"29878","8112至上","110/07/12","元大-敦南",3,75,-72
"29879","8112至上","110/07/12","元大-北港",101,20,81
"29880","8112至上","110/07/12","元富-大裕",6,77,-71
"29881","4903聯光通","110/07/12","台灣企銀-太平",19,0,19
"29882","4903聯光通","110/07/12","玉山-南京東路",0,16,-16
"29883","4903聯光通","110/07/12","統一-土城",17,0,17
"29884","4903聯光通","110/07/12","新光",0,14,-14
"29885","4903聯光通","110/07/12","國票-博愛",14,0,14
"29886","4903聯光通","110/07/12","兆豐-彰化",0,10,-10
"29887","4903聯光通","110/07/12","新光-台中",15,2,13
"29888","4903聯光通","110/07/12","國票",0,10,-10
"29889","4903聯光通","110/07/12","元大-彰化",11,0,11
"29890","4903聯光通","110/07/12","富邦-敦南",0,10,-10
"29891","4903聯光通","110/07/12","華南永昌-林口",10,0,10
"29892","4903聯光通","110/07/12","元大-前金",0,9,-9
"29893","4903聯光通","110/07/12","永豐金-南投",9,0,9
"29894","4903聯光通","110/07/12","日盛-頭份",0,8,-8
"29895","4903聯光通","110/07/12","元大-清水",8,0,8
"29896","4903聯光通","110/07/12","元大-太平",0,8,-8
"29897","4903聯光通","110/07/12","元大-博愛",8,0,8
"29898","4903聯光通","110/07/12","兆豐-埔墘",0,7,-7
"29899","4903聯光通","110/07/12","玉山-新莊",5,0,5
"29900","4903聯光通","110/07/12","臺銀-民權",0,5,-5
"29901","4903聯光通","110/07/12","凱基-士林",10,5,5
"29902","4903聯光通","110/07/12","富邦-板橋",0,5,-5
"29903","4903聯光通","110/07/12","元大-斗六",4,0,4
"29904","4903聯光通","110/07/12","元大-土城永寧",0,5,-5
"29905","4903聯光通","110/07/12","永豐金-羅東",4,0,4
"29906","4903聯光通","110/07/12","台新證券",0,4,-4
"29907","4903聯光通","110/07/12","日盛-樹林",3,0,3
"29908","4903聯光通","110/07/12","凱基-中壢",0,4,-4
"29909","4903聯光通","110/07/12","華南永昌-鶯歌",2,0,2
"29910","4903聯光通","110/07/12","元大-羅東",0,4,-4
"29911","2929淘帝","110/07/12","新光-台中",95,36,59
"29912","2929淘帝","110/07/12","華南永昌-林口",7,208,-201
"29913","2929淘帝","110/07/12","富邦-板橋",62,5,57
"29914","2929淘帝","110/07/12","富邦-台北",6,200,-194
"29915","2929淘帝","110/07/12","合庫-高雄",56,6,50
"29916","2929淘帝","110/07/12","元富-大裕",11,200,-189
"29917","2929淘帝","110/07/12","永興",41,0,41
"29918","2929淘帝","110/07/12","台中銀-台北",0,160,-160
"29919","2929淘帝","110/07/12","兆豐-忠孝",58,18,40
"29920","2929淘帝","110/07/12","日盛-園區",1,111,-110
"29921","2929淘帝","110/07/12","新光-高雄",39,3,36
"29922","2929淘帝","110/07/12","日盛-八德",0,88,-88
"29923","2929淘帝","110/07/12","凱基-豐中",36,0,36
"29924","2929淘帝","110/07/12","玉山-新竹",32,110,-78
"29925","2929淘帝","110/07/12","元大-民生",35,0,35
"29926","2929淘帝","110/07/12","元大-前金",0,72,-72
"29927","2929淘帝","110/07/12","臺銀-臺南",32,1,31
"29928","2929淘帝","110/07/12","元大-館前",12,83,-71
"29929","2929淘帝","110/07/12","台新證券",44,13,31
"29930","2929淘帝","110/07/12","華南永昌",1,57,-56
"29931","2929淘帝","110/07/12","新百王",30,0,30
"29932","2929淘帝","110/07/12","元大-南崁",4,59,-55
"29933","2929淘帝","110/07/12","群益金鼎-大興",30,0,30
"29934","2929淘帝","110/07/12","元大-嘉義",0,51,-51
"29935","2929淘帝","110/07/12","凱基-台北",32,5,27
"29936","2929淘帝","110/07/12","日茂",1,50,-49
"29937","2929淘帝","110/07/12","元富-城東",26,0,26
"29938","2929淘帝","110/07/12","新光",35,83,-48
"29939","2929淘帝","110/07/12","國泰-松江",26,0,26
"29940","2929淘帝","110/07/12","日盛-新竹",1,48,-47
"29941","5410國眾","110/07/12","群益金鼎-中壢",68,0,68
"29942","5410國眾","110/07/12","摩根大通",6,67,-61
"29943","5410國眾","110/07/12","凱基-市政",40,0,40
"29944","5410國眾","110/07/12","元富-嘉義",0,60,-60
"29945","5410國眾","110/07/12","凱基-竹北",38,0,38
"29946","5410國眾","110/07/12","凱基-台北",0,51,-51
"29947","5410國眾","110/07/12","華南永昌-三重",30,0,30
"29948","5410國眾","110/07/12","元富-大裕",0,33,-33
"29949","5410國眾","110/07/12","永興",20,0,20
"29950","5410國眾","110/07/12","日盛-木柵",0,15,-15
"29951","5410國眾","110/07/12","統一-新台中",20,0,20
"29952","5410國眾","110/07/12","群益金鼎-民權",0,15,-15
"29953","5410國眾","110/07/12","兆豐-三重",20,0,20
"29954","5410國眾","110/07/12","元富-緯城",0,14,-14
"29955","5410國眾","110/07/12","富邦-台中",20,0,20
"29956","5410國眾","110/07/12","元大-大同",0,12,-12
"29957","5410國眾","110/07/12","臺銀",15,0,15
"29958","5410國眾","110/07/12","元大-莒光",0,10,-10
"29959","5410國眾","110/07/12","新光-桃園",20,6,14
"29960","5410國眾","110/07/12","元大-博愛",0,10,-10
"29961","5410國眾","110/07/12","元大-員林",12,0,12
"29962","5410國眾","110/07/12","日盛-永康",0,8,-8
"29963","5410國眾","110/07/12","日盛-員林",10,0,10
"29964","5410國眾","110/07/12","元大-四維",5,13,-8
"29965","5410國眾","110/07/12","元大-新盛",10,0,10
"29966","5410國眾","110/07/12","新加坡商瑞銀",0,7,-7
"29967","5410國眾","110/07/12","永豐金-台南",10,0,10
"29968","5410國眾","110/07/12","致和-金華",0,7,-7
"29969","5410國眾","110/07/12","元富-新莊",8,0,8
"29970","5410國眾","110/07/12","新光-新竹",0,7,-7
"29971","2841台開","110/07/12","永豐金-敦南",139,26,113
"29972","2841台開","110/07/12","華南永昌-朴子",0,528,-528
"29973","2841台開","110/07/12","日盛-雙和",68,0,68
"29974","2841台開","110/07/12","元大-苑裡",2,50,-48
"29975","2841台開","110/07/12","台新證券",62,4,58
"29976","2841台開","110/07/12","群益金鼎-東湖",0,40,-40
"29977","2841台開","110/07/12","凱基-文心",50,0,50
"29978","2841台開","110/07/12","第一金-員林",0,30,-30
"29979","2841台開","110/07/12","第一金-台中",45,0,45
"29980","2841台開","110/07/12","德信-中正",0,20,-20
"29981","2841台開","110/07/12","富邦-嘉義",40,0,40
"29982","2841台開","110/07/12","兆豐-嘉義",0,20,-20
"29983","2841台開","110/07/12","日盛-木柵",30,0,30
"29984","2841台開","110/07/12","彰銀-七賢",0,15,-15
"29985","2841台開","110/07/12","中國信託-文心",31,3,28
"29986","2841台開","110/07/12","元大-承德",0,14,-14
"29987","2841台開","110/07/12","元大-福營",30,7,23
"29988","2841台開","110/07/12","元富",0,12,-12
"29989","2841台開","110/07/12","台中銀",20,0,20
"29990","2841台開","110/07/12","富邦-陽明",0,11,-11
"29991","2841台開","110/07/12","國泰-板橋",20,0,20
"29992","2841台開","110/07/12","元大證券",0,11,-11
"29993","2841台開","110/07/12","元大-前金",20,0,20
"29994","2841台開","110/07/12","元大-大甲",0,10,-10
"29995","2841台開","110/07/12","中國信託-高雄",16,1,15
"29996","2841台開","110/07/12","日盛-新竹",0,8,-8
"29997","2841台開","110/07/12","陽信-石牌",15,0,15
"29998","2841台開","110/07/12","元富-城東",0,8,-8
"29999","2841台開","110/07/12","永豐金-南投",15,0,15
"30000","2841台開","110/07/12","玉山-台南",2,10,-8
"30001","6207雷科","110/07/12","元大-高雄",34,0,34
"30002","6207雷科","110/07/12","永豐金-三重",1,32,-31
"30003","6207雷科","110/07/12","華南永昌-林口",16,1,15
"30004","6207雷科","110/07/12","永全-八德",0,30,-30
"30005","6207雷科","110/07/12","摩根大通",19,6,13
"30006","6207雷科","110/07/12","國泰-台中",0,14,-14
"30007","6207雷科","110/07/12","元富-埔里",10,0,10
"30008","6207雷科","110/07/12","第一金-澎湖",0,10,-10
"30009","6207雷科","110/07/12","凱基-台南",10,0,10
"30010","6207雷科","110/07/12","元富-林園",0,10,-10
"30011","6207雷科","110/07/12","新加坡商瑞銀",9,0,9
"30012","6207雷科","110/07/12","元大-東門",0,10,-10
"30013","6207雷科","110/07/12","瑞士信貸",8,0,8
"30014","6207雷科","110/07/12","兆豐-嘉義",0,4,-4
"30015","6207雷科","110/07/12","中國信託-高雄",9,1,8
"30016","6207雷科","110/07/12","新光",0,4,-4
"30017","6207雷科","110/07/12","凱基-高雄",6,0,6
"30018","6207雷科","110/07/12","新光-台中",0,4,-4
"30019","6207雷科","110/07/12","元大-六合",6,0,6
"30020","6207雷科","110/07/12","群益金鼎-開元",0,4,-4
"30021","6207雷科","110/07/12","永豐金-信義",6,0,6
"30022","6207雷科","110/07/12","凱基-桃園",0,4,-4
"30023","6207雷科","110/07/12","群益金鼎-土城",5,0,5
"30024","6207雷科","110/07/12","凱基-民權",0,4,-4
"30025","6207雷科","110/07/12","群益金鼎-竹南",5,0,5
"30026","6207雷科","110/07/12","玉山-新莊",0,3,-3
"30027","6207雷科","110/07/12","元大-大灣",5,1,4
"30028","6207雷科","110/07/12","國泰-松江",0,3,-3
"30029","6207雷科","110/07/12","永興",3,0,3
"30030","6207雷科","110/07/12","富邦-羅東",0,3,-3
"30031","3679新至陞","110/07/12","富邦-新竹華信",40,2,38
"30032","3679新至陞","110/07/12","瑞士信貸",0,45,-45
"30033","3679新至陞","110/07/12","台中銀-員林",28,2,26
"30034","3679新至陞","110/07/12","永豐金-天母",0,39,-39
"30035","3679新至陞","110/07/12","聯邦-大業",24,0,24
"30036","3679新至陞","110/07/12","摩根大通",7,35,-28
"30037","3679新至陞","110/07/12","永豐金證券",20,0,20
"30038","3679新至陞","110/07/12","凱基-台北",8,36,-28
"30039","3679新至陞","110/07/12","港商法國興業",14,0,14
"30040","3679新至陞","110/07/12","華南永昌-小港",1,23,-22
"30041","3679新至陞","110/07/12","日盛-樹林",13,1,12
"30042","3679新至陞","110/07/12","台新-台中",0,15,-15
"30043","3679新至陞","110/07/12","國泰-桃園",9,0,9
"30044","3679新至陞","110/07/12","統一-台中",0,12,-12
"30045","3679新至陞","110/07/12","宏遠-館前",8,0,8
"30046","3679新至陞","110/07/12","元大-成功",1,12,-11
"30047","3679新至陞","110/07/12","凱基",10,2,8
"30048","3679新至陞","110/07/12","康和-澎湖",0,8,-8
"30049","3679新至陞","110/07/12","(牛牛牛)亞-網路",7,0,7
"30050","3679新至陞","110/07/12","新加坡商瑞銀",0,7,-7
"30051","3679新至陞","110/07/12","兆豐-員林",7,0,7
"30052","3679新至陞","110/07/12","兆豐-來福",0,7,-7
"30053","3679新至陞","110/07/12","大慶-蘆洲",5,0,5
"30054","3679新至陞","110/07/12","元大-佳里",0,6,-6
"30055","3679新至陞","110/07/12","土銀-花蓮",4,0,4
"30056","3679新至陞","110/07/12","美商高盛",0,5,-5
"30057","3679新至陞","110/07/12","台新-高雄",5,1,4
"30058","3679新至陞","110/07/12","國票-新莊",0,5,-5
"30059","3679新至陞","110/07/12","元大-天母",4,0,4
"30060","3679新至陞","110/07/12","台新-屏東",0,5,-5
"30061","2727王品","110/07/12","凱基-台北",354,198,156
"30062","2727王品","110/07/12","台灣摩根士丹利",5,386,-381
"30063","2727王品","110/07/12","統一-城中",159,22,137
"30064","2727王品","110/07/12","元大-嘉義",4,60,-56
"30065","2727王品","110/07/12","日盛-忠孝",60,0,60
"30066","2727王品","110/07/12","元大-大同",2,44,-42
"30067","2727王品","110/07/12","永豐金-忠孝",45,5,40
"30068","2727王品","110/07/12","國泰-台中",32,73,-41
"30069","2727王品","110/07/12","合庫-新竹",31,0,31
"30070","2727王品","110/07/12","元大證券",127,163,-36
"30071","2727王品","110/07/12","富邦-台中",31,3,28
"30072","2727王品","110/07/12","凱基",1,33,-32
"30073","2727王品","110/07/12","元大-桃園",35,10,25
"30074","2727王品","110/07/12","永全-南崁",1,31,-30
"30075","2727王品","110/07/12","新加坡商瑞銀",28,4,24
"30076","2727王品","110/07/12","凱基-和平",2,32,-30
"30077","2727王品","110/07/12","群益金鼎-古亭",25,2,23
"30078","2727王品","110/07/12","永豐金-大園",8,38,-30
"30079","2727王品","110/07/12","元大-龍潭",29,7,22
"30080","2727王品","110/07/12","瑞士信貸",0,28,-28
"30081","2727王品","110/07/12","永豐金-永康",25,3,22
"30082","2727王品","110/07/12","元富",17,44,-27
"30083","2727王品","110/07/12","富邦-竹北",24,3,21
"30084","2727王品","110/07/12","元大-北屯",5,32,-27
"30085","2727王品","110/07/12","群益金鼎-松山",20,0,20
"30086","2727王品","110/07/12","華南永昌",3,28,-25
"30087","2727王品","110/07/12","元大-八德",20,0,20
"30088","2727王品","110/07/12","統一-竹南",1,23,-22
"30089","2727王品","110/07/12","元大-南京",25,6,19
"30090","2727王品","110/07/12","永豐金證券",4,26,-22
"30091","1570力肯","110/07/12","國票-北高雄",40,0,40
"30092","1570力肯","110/07/12","日盛-竹北",0,40,-40
"30093","1570力肯","110/07/12","摩根大通",16,0,16
"30094","1570力肯","110/07/12","第一金-華江",1,38,-37
"30095","1570力肯","110/07/12","新光",31,19,12
"30096","1570力肯","110/07/12","元大-永春",0,26,-26
"30097","1570力肯","110/07/12","元大-台中中港",12,0,12
"30098","1570力肯","110/07/12","元大-古亭",1,20,-19
"30099","1570力肯","110/07/12","日盛-高雄",10,0,10
"30100","1570力肯","110/07/12","國泰-松江",0,16,-16
"30101","1570力肯","110/07/12","第一金-路竹",10,0,10
"30102","1570力肯","110/07/12","台新-台南",0,15,-15
"30103","1570力肯","110/07/12","台新-新莊",10,0,10
"30104","1570力肯","110/07/12","康和-石牌",0,15,-15
"30105","1570力肯","110/07/12","元大-新盛",9,0,9
"30106","1570力肯","110/07/12","國泰-板橋",0,11,-11
"30107","1570力肯","110/07/12","凱基-台北",8,0,8
"30108","1570力肯","110/07/12","元大-高雄",0,11,-11
"30109","1570力肯","110/07/12","彰銀-七賢",6,0,6
"30110","1570力肯","110/07/12","兆豐-桃園",0,10,-10
"30111","1570力肯","110/07/12","元富-緯城",6,0,6
"30112","1570力肯","110/07/12","元大-大益",0,10,-10
"30113","1570力肯","110/07/12","華南永昌-古亭",6,0,6
"30114","1570力肯","110/07/12","中國信託-文心",0,5,-5
"30115","1570力肯","110/07/12","富邦-陽明",6,0,6
"30116","1570力肯","110/07/12","光和",0,5,-5
"30117","1570力肯","110/07/12","臺銀-臺南",5,0,5
"30118","1570力肯","110/07/12","陽信-石牌",0,5,-5
"30119","1570力肯","110/07/12","宏遠-館前",5,0,5
"30120","1570力肯","110/07/12","國泰-高雄",0,5,-5
"30121","6180橘子","110/07/12","康和-台中",32,2,30
"30122","6180橘子","110/07/12","新百王",1,40,-39
"30123","6180橘子","110/07/12","美林",32,3,29
"30124","6180橘子","110/07/12","富邦-陽明",4,42,-38
"30125","6180橘子","110/07/12","元大-羅東",21,0,21
"30126","6180橘子","110/07/12","新光",3,32,-29
"30127","6180橘子","110/07/12","兆豐-埔墘",16,0,16
"30128","6180橘子","110/07/12","日盛-文化",4,20,-16
"30129","6180橘子","110/07/12","元大-雙和",12,0,12
"30130","6180橘子","110/07/12","華南永昌-鶯歌",0,15,-15
"30131","6180橘子","110/07/12","美商高盛",18,7,11
"30132","6180橘子","110/07/12","中國信託-忠孝",7,20,-13
"30133","6180橘子","110/07/12","台新證券",14,3,11
"30134","6180橘子","110/07/12","凱基-台北",5,17,-12
"30135","6180橘子","110/07/12","元大-中壢",12,1,11
"30136","6180橘子","110/07/12","凱基-高雄",0,11,-11
"30137","6180橘子","110/07/12","統一-南京",10,0,10
"30138","6180橘子","110/07/12","凱基-大安",0,10,-10
"30139","6180橘子","110/07/12","致和-崇德",10,0,10
"30140","6180橘子","110/07/12","元大-北屯",0,10,-10
"30141","6180橘子","110/07/12","玉山-板橋",10,0,10
"30142","6180橘子","110/07/12","元大-南京",0,9,-9
"30143","6180橘子","110/07/12","富邦-仁愛",10,0,10
"30144","6180橘子","110/07/12","元大-台南",1,10,-9
"30145","6180橘子","110/07/12","摩根大通",10,1,9
"30146","6180橘子","110/07/12","康和-澎湖",0,8,-8
"30147","6180橘子","110/07/12","元富-林園",8,0,8
"30148","6180橘子","110/07/12","第一金-台中",0,7,-7
"30149","6180橘子","110/07/12","大慶-富順",7,0,7
"30150","6180橘子","110/07/12","台新-台南",1,8,-7
"30151","2390云辰","110/07/12","統一-新台中",170,0,170
"30152","2390云辰","110/07/12","元大-天母",2,450,-448
"30153","2390云辰","110/07/12","華南永昌-麻豆",137,2,135
"30154","2390云辰","110/07/12","國泰-忠孝",1,143,-142
"30155","2390云辰","110/07/12","元富-成功",103,14,89
"30156","2390云辰","110/07/12","摩根大通",377,512,-135
"30157","2390云辰","110/07/12","元大-土城學府",146,69,77
"30158","2390云辰","110/07/12","台灣摩根士丹利",0,91,-91
"30159","2390云辰","110/07/12","永豐金-永康",76,4,72
"30160","2390云辰","110/07/12","美林",84,146,-62
"30161","2390云辰","110/07/12","台中銀",73,2,71
"30162","2390云辰","110/07/12","華南永昌-嘉義",2,61,-59
"30163","2390云辰","110/07/12","大昌",63,3,60
"30164","2390云辰","110/07/12","永豐金-羅東",0,49,-49
"30165","2390云辰","110/07/12","合庫-三重",50,0,50
"30166","2390云辰","110/07/12","玉山-台中",6,53,-47
"30167","2390云辰","110/07/12","元富-高雄",93,50,43
"30168","2390云辰","110/07/12","玉山-新莊",2,48,-46
"30169","2390云辰","110/07/12","元大-館前",40,4,36
"30170","2390云辰","110/07/12","元大-大里",7,52,-45
"30171","2390云辰","110/07/12","港商野村",143,109,34
"30172","2390云辰","110/07/12","元大-內湖",3,48,-45
"30173","2390云辰","110/07/12","元大-雙和",34,0,34
"30174","2390云辰","110/07/12","永豐金-市政",1,42,-41
"30175","2390云辰","110/07/12","群益金鼎-民權",33,2,31
"30176","2390云辰","110/07/12","元大-學甲",1,41,-40
"30177","2390云辰","110/07/12","日盛-八德",40,10,30
"30178","2390云辰","110/07/12","兆豐-高雄",2,41,-39
"30179","2390云辰","110/07/12","國票-嘉義",30,0,30
"30180","2390云辰","110/07/12","新加坡商瑞銀",21,59,-38
"30181","4903聯光通","110/07/12","台灣企銀-太平",19,0,19
"30182","4903聯光通","110/07/12","玉山-南京東路",0,16,-16
"30183","4903聯光通","110/07/12","統一-土城",17,0,17
"30184","4903聯光通","110/07/12","新光",0,14,-14
"30185","4903聯光通","110/07/12","國票-博愛",14,0,14
"30186","4903聯光通","110/07/12","兆豐-彰化",0,10,-10
"30187","4903聯光通","110/07/12","新光-台中",15,2,13
"30188","4903聯光通","110/07/12","國票",0,10,-10
"30189","4903聯光通","110/07/12","元大-彰化",11,0,11
"30190","4903聯光通","110/07/12","富邦-敦南",0,10,-10
"30191","4903聯光通","110/07/12","華南永昌-林口",10,0,10
"30192","4903聯光通","110/07/12","元大-前金",0,9,-9
"30193","4903聯光通","110/07/12","永豐金-南投",9,0,9
"30194","4903聯光通","110/07/12","日盛-頭份",0,8,-8
"30195","4903聯光通","110/07/12","元大-清水",8,0,8
"30196","4903聯光通","110/07/12","元大-太平",0,8,-8
"30197","4903聯光通","110/07/12","元大-博愛",8,0,8
"30198","4903聯光通","110/07/12","兆豐-埔墘",0,7,-7
"30199","4903聯光通","110/07/12","玉山-新莊",5,0,5
"30200","4903聯光通","110/07/12","臺銀-民權",0,5,-5
"30201","4903聯光通","110/07/12","凱基-士林",10,5,5
"30202","4903聯光通","110/07/12","富邦-板橋",0,5,-5
"30203","4903聯光通","110/07/12","元大-斗六",4,0,4
"30204","4903聯光通","110/07/12","元大-土城永寧",0,5,-5
"30205","4903聯光通","110/07/12","永豐金-羅東",4,0,4
"30206","4903聯光通","110/07/12","台新證券",0,4,-4
"30207","4903聯光通","110/07/12","日盛-樹林",3,0,3
"30208","4903聯光通","110/07/12","凱基-中壢",0,4,-4
"30209","4903聯光通","110/07/12","華南永昌-鶯歌",2,0,2
"30210","4903聯光通","110/07/12","元大-羅東",0,4,-4
"30211","2929淘帝","110/07/12","新光-台中",95,36,59
"30212","2929淘帝","110/07/12","華南永昌-林口",7,208,-201
"30213","2929淘帝","110/07/12","富邦-板橋",62,5,57
"30214","2929淘帝","110/07/12","富邦-台北",6,200,-194
"30215","2929淘帝","110/07/12","合庫-高雄",56,6,50
"30216","2929淘帝","110/07/12","元富-大裕",11,200,-189
"30217","2929淘帝","110/07/12","永興",41,0,41
"30218","2929淘帝","110/07/12","台中銀-台北",0,160,-160
"30219","2929淘帝","110/07/12","兆豐-忠孝",58,18,40
"30220","2929淘帝","110/07/12","日盛-園區",1,111,-110
"30221","2929淘帝","110/07/12","新光-高雄",39,3,36
"30222","2929淘帝","110/07/12","日盛-八德",0,88,-88
"30223","2929淘帝","110/07/12","凱基-豐中",36,0,36
"30224","2929淘帝","110/07/12","玉山-新竹",32,110,-78
"30225","2929淘帝","110/07/12","元大-民生",35,0,35
"30226","2929淘帝","110/07/12","元大-前金",0,72,-72
"30227","2929淘帝","110/07/12","臺銀-臺南",32,1,31
"30228","2929淘帝","110/07/12","元大-館前",12,83,-71
"30229","2929淘帝","110/07/12","台新證券",44,13,31
"30230","2929淘帝","110/07/12","華南永昌",1,57,-56
"30231","2929淘帝","110/07/12","新百王",30,0,30
"30232","2929淘帝","110/07/12","元大-南崁",4,59,-55
"30233","2929淘帝","110/07/12","群益金鼎-大興",30,0,30
"30234","2929淘帝","110/07/12","元大-嘉義",0,51,-51
"30235","2929淘帝","110/07/12","凱基-台北",32,5,27
"30236","2929淘帝","110/07/12","日茂",1,50,-49
"30237","2929淘帝","110/07/12","元富-城東",26,0,26
"30238","2929淘帝","110/07/12","新光",35,83,-48
"30239","2929淘帝","110/07/12","國泰-松江",26,0,26
"30240","2929淘帝","110/07/12","日盛-新竹",1,48,-47
"30241","5410國眾","110/07/12","群益金鼎-中壢",68,0,68
"30242","5410國眾","110/07/12","摩根大通",6,67,-61
"30243","5410國眾","110/07/12","凱基-市政",40,0,40
"30244","5410國眾","110/07/12","元富-嘉義",0,60,-60
"30245","5410國眾","110/07/12","凱基-竹北",38,0,38
"30246","5410國眾","110/07/12","凱基-台北",0,51,-51
"30247","5410國眾","110/07/12","華南永昌-三重",30,0,30
"30248","5410國眾","110/07/12","元富-大裕",0,33,-33
"30249","5410國眾","110/07/12","永興",20,0,20
"30250","5410國眾","110/07/12","日盛-木柵",0,15,-15
"30251","5410國眾","110/07/12","統一-新台中",20,0,20
"30252","5410國眾","110/07/12","群益金鼎-民權",0,15,-15
"30253","5410國眾","110/07/12","兆豐-三重",20,0,20
"30254","5410國眾","110/07/12","元富-緯城",0,14,-14
"30255","5410國眾","110/07/12","富邦-台中",20,0,20
"30256","5410國眾","110/07/12","元大-大同",0,12,-12
"30257","5410國眾","110/07/12","臺銀",15,0,15
"30258","5410國眾","110/07/12","元大-莒光",0,10,-10
"30259","5410國眾","110/07/12","新光-桃園",20,6,14
"30260","5410國眾","110/07/12","元大-博愛",0,10,-10
"30261","5410國眾","110/07/12","元大-員林",12,0,12
"30262","5410國眾","110/07/12","日盛-永康",0,8,-8
"30263","5410國眾","110/07/12","日盛-員林",10,0,10
"30264","5410國眾","110/07/12","元大-四維",5,13,-8
"30265","5410國眾","110/07/12","元大-新盛",10,0,10
"30266","5410國眾","110/07/12","新加坡商瑞銀",0,7,-7
"30267","5410國眾","110/07/12","永豐金-台南",10,0,10
"30268","5410國眾","110/07/12","致和-金華",0,7,-7
"30269","5410國眾","110/07/12","元富-新莊",8,0,8
"30270","5410國眾","110/07/12","新光-新竹",0,7,-7
"30271","2841台開","110/07/12","永豐金-敦南",139,26,113
"30272","2841台開","110/07/12","華南永昌-朴子",0,528,-528
"30273","2841台開","110/07/12","日盛-雙和",68,0,68
"30274","2841台開","110/07/12","元大-苑裡",2,50,-48
"30275","2841台開","110/07/12","台新證券",62,4,58
"30276","2841台開","110/07/12","群益金鼎-東湖",0,40,-40
"30277","2841台開","110/07/12","凱基-文心",50,0,50
"30278","2841台開","110/07/12","第一金-員林",0,30,-30
"30279","2841台開","110/07/12","第一金-台中",45,0,45
"30280","2841台開","110/07/12","德信-中正",0,20,-20
"30281","2841台開","110/07/12","富邦-嘉義",40,0,40
"30282","2841台開","110/07/12","兆豐-嘉義",0,20,-20
"30283","2841台開","110/07/12","日盛-木柵",30,0,30
"30284","2841台開","110/07/12","彰銀-七賢",0,15,-15
"30285","2841台開","110/07/12","中國信託-文心",31,3,28
"30286","2841台開","110/07/12","元大-承德",0,14,-14
"30287","2841台開","110/07/12","元大-福營",30,7,23
"30288","2841台開","110/07/12","元富",0,12,-12
"30289","2841台開","110/07/12","台中銀",20,0,20
"30290","2841台開","110/07/12","富邦-陽明",0,11,-11
"30291","2841台開","110/07/12","國泰-板橋",20,0,20
"30292","2841台開","110/07/12","元大證券",0,11,-11
"30293","2841台開","110/07/12","元大-前金",20,0,20
"30294","2841台開","110/07/12","元大-大甲",0,10,-10
"30295","2841台開","110/07/12","中國信託-高雄",16,1,15
"30296","2841台開","110/07/12","日盛-新竹",0,8,-8
"30297","2841台開","110/07/12","陽信-石牌",15,0,15
"30298","2841台開","110/07/12","元富-城東",0,8,-8
"30299","2841台開","110/07/12","永豐金-南投",15,0,15
"30300","2841台開","110/07/12","玉山-台南",2,10,-8
"30301","6207雷科","110/07/12","元大-高雄",34,0,34
"30302","6207雷科","110/07/12","永豐金-三重",1,32,-31
"30303","6207雷科","110/07/12","華南永昌-林口",16,1,15
"30304","6207雷科","110/07/12","永全-八德",0,30,-30
"30305","6207雷科","110/07/12","摩根大通",19,6,13
"30306","6207雷科","110/07/12","國泰-台中",0,14,-14
"30307","6207雷科","110/07/12","元富-埔里",10,0,10
"30308","6207雷科","110/07/12","第一金-澎湖",0,10,-10
"30309","6207雷科","110/07/12","凱基-台南",10,0,10
"30310","6207雷科","110/07/12","元富-林園",0,10,-10
"30311","6207雷科","110/07/12","新加坡商瑞銀",9,0,9
"30312","6207雷科","110/07/12","元大-東門",0,10,-10
"30313","6207雷科","110/07/12","瑞士信貸",8,0,8
"30314","6207雷科","110/07/12","兆豐-嘉義",0,4,-4
"30315","6207雷科","110/07/12","中國信託-高雄",9,1,8
"30316","6207雷科","110/07/12","新光",0,4,-4
"30317","6207雷科","110/07/12","凱基-高雄",6,0,6
"30318","6207雷科","110/07/12","新光-台中",0,4,-4
"30319","6207雷科","110/07/12","元大-六合",6,0,6
"30320","6207雷科","110/07/12","群益金鼎-開元",0,4,-4
"30321","6207雷科","110/07/12","永豐金-信義",6,0,6
"30322","6207雷科","110/07/12","凱基-桃園",0,4,-4
"30323","6207雷科","110/07/12","群益金鼎-土城",5,0,5
"30324","6207雷科","110/07/12","凱基-民權",0,4,-4
"30325","6207雷科","110/07/12","群益金鼎-竹南",5,0,5
"30326","6207雷科","110/07/12","玉山-新莊",0,3,-3
"30327","6207雷科","110/07/12","元大-大灣",5,1,4
"30328","6207雷科","110/07/12","國泰-松江",0,3,-3
"30329","6207雷科","110/07/12","永興",3,0,3
"30330","6207雷科","110/07/12","富邦-羅東",0,3,-3
"30331","3679新至陞","110/07/12","富邦-新竹華信",40,2,38
"30332","3679新至陞","110/07/12","瑞士信貸",0,45,-45
"30333","3679新至陞","110/07/12","台中銀-員林",28,2,26
"30334","3679新至陞","110/07/12","永豐金-天母",0,39,-39
"30335","3679新至陞","110/07/12","聯邦-大業",24,0,24
"30336","3679新至陞","110/07/12","摩根大通",7,35,-28
"30337","3679新至陞","110/07/12","永豐金證券",20,0,20
"30338","3679新至陞","110/07/12","凱基-台北",8,36,-28
"30339","3679新至陞","110/07/12","港商法國興業",14,0,14
"30340","3679新至陞","110/07/12","華南永昌-小港",1,23,-22
"30341","3679新至陞","110/07/12","日盛-樹林",13,1,12
"30342","3679新至陞","110/07/12","台新-台中",0,15,-15
"30343","3679新至陞","110/07/12","國泰-桃園",9,0,9
"30344","3679新至陞","110/07/12","統一-台中",0,12,-12
"30345","3679新至陞","110/07/12","宏遠-館前",8,0,8
"30346","3679新至陞","110/07/12","元大-成功",1,12,-11
"30347","3679新至陞","110/07/12","凱基",10,2,8
"30348","3679新至陞","110/07/12","康和-澎湖",0,8,-8
"30349","3679新至陞","110/07/12","(牛牛牛)亞-網路",7,0,7
"30350","3679新至陞","110/07/12","新加坡商瑞銀",0,7,-7
"30351","3679新至陞","110/07/12","兆豐-員林",7,0,7
"30352","3679新至陞","110/07/12","兆豐-來福",0,7,-7
"30353","3679新至陞","110/07/12","大慶-蘆洲",5,0,5
"30354","3679新至陞","110/07/12","元大-佳里",0,6,-6
"30355","3679新至陞","110/07/12","土銀-花蓮",4,0,4
"30356","3679新至陞","110/07/12","美商高盛",0,5,-5
"30357","3679新至陞","110/07/12","台新-高雄",5,1,4
"30358","3679新至陞","110/07/12","國票-新莊",0,5,-5
"30359","3679新至陞","110/07/12","元大-天母",4,0,4
"30360","3679新至陞","110/07/12","台新-屏東",0,5,-5
"30361","2727王品","110/07/12","凱基-台北",354,198,156
"30362","2727王品","110/07/12","台灣摩根士丹利",5,386,-381
"30363","2727王品","110/07/12","統一-城中",159,22,137
"30364","2727王品","110/07/12","元大-嘉義",4,60,-56
"30365","2727王品","110/07/12","日盛-忠孝",60,0,60
"30366","2727王品","110/07/12","元大-大同",2,44,-42
"30367","2727王品","110/07/12","永豐金-忠孝",45,5,40
"30368","2727王品","110/07/12","國泰-台中",32,73,-41
"30369","2727王品","110/07/12","合庫-新竹",31,0,31
"30370","2727王品","110/07/12","元大證券",127,163,-36
"30371","2727王品","110/07/12","富邦-台中",31,3,28
"30372","2727王品","110/07/12","凱基",1,33,-32
"30373","2727王品","110/07/12","元大-桃園",35,10,25
"30374","2727王品","110/07/12","永全-南崁",1,31,-30
"30375","2727王品","110/07/12","新加坡商瑞銀",28,4,24
"30376","2727王品","110/07/12","凱基-和平",2,32,-30
"30377","2727王品","110/07/12","群益金鼎-古亭",25,2,23
"30378","2727王品","110/07/12","永豐金-大園",8,38,-30
"30379","2727王品","110/07/12","元大-龍潭",29,7,22
"30380","2727王品","110/07/12","瑞士信貸",0,28,-28
"30381","2727王品","110/07/12","永豐金-永康",25,3,22
"30382","2727王品","110/07/12","元富",17,44,-27
"30383","2727王品","110/07/12","富邦-竹北",24,3,21
"30384","2727王品","110/07/12","元大-北屯",5,32,-27
"30385","2727王品","110/07/12","群益金鼎-松山",20,0,20
"30386","2727王品","110/07/12","華南永昌",3,28,-25
"30387","2727王品","110/07/12","元大-八德",20,0,20
"30388","2727王品","110/07/12","統一-竹南",1,23,-22
"30389","2727王品","110/07/12","元大-南京",25,6,19
"30390","2727王品","110/07/12","永豐金證券",4,26,-22
"30391","1570力肯","110/07/12","國票-北高雄",40,0,40
"30392","1570力肯","110/07/12","日盛-竹北",0,40,-40
"30393","1570力肯","110/07/12","摩根大通",16,0,16
"30394","1570力肯","110/07/12","第一金-華江",1,38,-37
"30395","1570力肯","110/07/12","新光",31,19,12
"30396","1570力肯","110/07/12","元大-永春",0,26,-26
"30397","1570力肯","110/07/12","元大-台中中港",12,0,12
"30398","1570力肯","110/07/12","元大-古亭",1,20,-19
"30399","1570力肯","110/07/12","日盛-高雄",10,0,10
"30400","1570力肯","110/07/12","國泰-松江",0,16,-16
"30401","1570力肯","110/07/12","第一金-路竹",10,0,10
"30402","1570力肯","110/07/12","台新-台南",0,15,-15
"30403","1570力肯","110/07/12","台新-新莊",10,0,10
"30404","1570力肯","110/07/12","康和-石牌",0,15,-15
"30405","1570力肯","110/07/12","元大-新盛",9,0,9
"30406","1570力肯","110/07/12","國泰-板橋",0,11,-11
"30407","1570力肯","110/07/12","凱基-台北",8,0,8
"30408","1570力肯","110/07/12","元大-高雄",0,11,-11
"30409","1570力肯","110/07/12","彰銀-七賢",6,0,6
"30410","1570力肯","110/07/12","兆豐-桃園",0,10,-10
"30411","1570力肯","110/07/12","元富-緯城",6,0,6
"30412","1570力肯","110/07/12","元大-大益",0,10,-10
"30413","1570力肯","110/07/12","華南永昌-古亭",6,0,6
"30414","1570力肯","110/07/12","中國信託-文心",0,5,-5
"30415","1570力肯","110/07/12","富邦-陽明",6,0,6
"30416","1570力肯","110/07/12","光和",0,5,-5
"30417","1570力肯","110/07/12","臺銀-臺南",5,0,5
"30418","1570力肯","110/07/12","陽信-石牌",0,5,-5
"30419","1570力肯","110/07/12","宏遠-館前",5,0,5
"30420","1570力肯","110/07/12","國泰-高雄",0,5,-5
"30421","6180橘子","110/07/12","康和-台中",32,2,30
"30422","6180橘子","110/07/12","新百王",1,40,-39
"30423","6180橘子","110/07/12","美林",32,3,29
"30424","6180橘子","110/07/12","富邦-陽明",4,42,-38
"30425","6180橘子","110/07/12","元大-羅東",21,0,21
"30426","6180橘子","110/07/12","新光",3,32,-29
"30427","6180橘子","110/07/12","兆豐-埔墘",16,0,16
"30428","6180橘子","110/07/12","日盛-文化",4,20,-16
"30429","6180橘子","110/07/12","元大-雙和",12,0,12
"30430","6180橘子","110/07/12","華南永昌-鶯歌",0,15,-15
"30431","6180橘子","110/07/12","美商高盛",18,7,11
"30432","6180橘子","110/07/12","中國信託-忠孝",7,20,-13
"30433","6180橘子","110/07/12","台新證券",14,3,11
"30434","6180橘子","110/07/12","凱基-台北",5,17,-12
"30435","6180橘子","110/07/12","元大-中壢",12,1,11
"30436","6180橘子","110/07/12","凱基-高雄",0,11,-11
"30437","6180橘子","110/07/12","統一-南京",10,0,10
"30438","6180橘子","110/07/12","凱基-大安",0,10,-10
"30439","6180橘子","110/07/12","致和-崇德",10,0,10
"30440","6180橘子","110/07/12","元大-北屯",0,10,-10
"30441","6180橘子","110/07/12","玉山-板橋",10,0,10
"30442","6180橘子","110/07/12","元大-南京",0,9,-9
"30443","6180橘子","110/07/12","富邦-仁愛",10,0,10
"30444","6180橘子","110/07/12","元大-台南",1,10,-9
"30445","6180橘子","110/07/12","摩根大通",10,1,9
"30446","6180橘子","110/07/12","康和-澎湖",0,8,-8
"30447","6180橘子","110/07/12","元富-林園",8,0,8
"30448","6180橘子","110/07/12","第一金-台中",0,7,-7
"30449","6180橘子","110/07/12","大慶-富順",7,0,7
"30450","6180橘子","110/07/12","台新-台南",1,8,-7
"30451","2390云辰","110/07/12","統一-新台中",170,0,170
"30452","2390云辰","110/07/12","元大-天母",2,450,-448
"30453","2390云辰","110/07/12","華南永昌-麻豆",137,2,135
"30454","2390云辰","110/07/12","國泰-忠孝",1,143,-142
"30455","2390云辰","110/07/12","元富-成功",103,14,89
"30456","2390云辰","110/07/12","摩根大通",377,512,-135
"30457","2390云辰","110/07/12","元大-土城學府",146,69,77
"30458","2390云辰","110/07/12","台灣摩根士丹利",0,91,-91
"30459","2390云辰","110/07/12","永豐金-永康",76,4,72
"30460","2390云辰","110/07/12","美林",84,146,-62
"30461","2390云辰","110/07/12","台中銀",73,2,71
"30462","2390云辰","110/07/12","華南永昌-嘉義",2,61,-59
"30463","2390云辰","110/07/12","大昌",63,3,60
"30464","2390云辰","110/07/12","永豐金-羅東",0,49,-49
"30465","2390云辰","110/07/12","合庫-三重",50,0,50
"30466","2390云辰","110/07/12","玉山-台中",6,53,-47
"30467","2390云辰","110/07/12","元富-高雄",93,50,43
"30468","2390云辰","110/07/12","玉山-新莊",2,48,-46
"30469","2390云辰","110/07/12","元大-館前",40,4,36
"30470","2390云辰","110/07/12","元大-大里",7,52,-45
"30471","2390云辰","110/07/12","港商野村",143,109,34
"30472","2390云辰","110/07/12","元大-內湖",3,48,-45
"30473","2390云辰","110/07/12","元大-雙和",34,0,34
"30474","2390云辰","110/07/12","永豐金-市政",1,42,-41
"30475","2390云辰","110/07/12","群益金鼎-民權",33,2,31
"30476","2390云辰","110/07/12","元大-學甲",1,41,-40
"30477","2390云辰","110/07/12","日盛-八德",40,10,30
"30478","2390云辰","110/07/12","兆豐-高雄",2,41,-39
"30479","2390云辰","110/07/12","國票-嘉義",30,0,30
"30480","2390云辰","110/07/12","新加坡商瑞銀",21,59,-38
"30481","4903聯光通","110/07/09","元大-敦南",10,0,10
"30482","4903聯光通","110/07/09","第一金-台中",0,12,-12
"30483","4903聯光通","110/07/09","凱基-士林",5,0,5
"30484","4903聯光通","110/07/09","日盛-忠孝",0,3,-3
"30485","4903聯光通","110/07/09","元大-苗栗",5,0,5
"30486","4903聯光通","110/07/09","群益金鼎-崇德",0,3,-3
"30487","4903聯光通","110/07/09","元大-屏南",3,0,3
"30488","4903聯光通","110/07/09","國票-內壢",0,2,-2
"30489","4903聯光通","110/07/09","中國信託-永康",1,0,1
"30490","4903聯光通","110/07/09","康和-南崁",0,2,-2
"30491","4903聯光通","110/07/09","玉山證券",1,0,1
"30492","4903聯光通","110/07/09","新光-台中",0,2,-2
"30493","4903聯光通","110/07/09","元大-太平",4,3,1
"30494","4903聯光通","110/07/09","玉山-城中",0,2,-2
"30495","4903聯光通","110/07/09","永豐金-嘉義",1,0,1
"30496","4903聯光通","110/07/09","中國信託-文心",0,1,-1
"30497","4903聯光通","110/07/09","大昌",0,0,0
"30498","4903聯光通","110/07/09","大昌",0,0,0
"30499","4903聯光通","110/07/09","中農",0,0,0
"30500","4903聯光通","110/07/09","中農",0,0,0
"30501","4903聯光通","110/07/09","",NA,NA,NA
"30502","4903聯光通","110/07/09","",NA,NA,NA
"30503","4903聯光通","110/07/09","",NA,NA,NA
"30504","4903聯光通","110/07/09","",NA,NA,NA
"30505","4903聯光通","110/07/09","",NA,NA,NA
"30506","4903聯光通","110/07/09","",NA,NA,NA
"30507","4903聯光通","110/07/09","",NA,NA,NA
"30508","4903聯光通","110/07/09","",NA,NA,NA
"30509","4903聯光通","110/07/09","",NA,NA,NA
"30510","4903聯光通","110/07/09","",NA,NA,NA
"30511","2929淘帝","110/07/09","台中銀-台北",110,0,110
"30512","2929淘帝","110/07/09","新光",2,82,-80
"30513","2929淘帝","110/07/09","華南永昌-頭份",72,0,72
"30514","2929淘帝","110/07/09","摩根大通",2,63,-61
"30515","2929淘帝","110/07/09","合庫-高雄",71,0,71
"30516","2929淘帝","110/07/09","第一金-路竹",0,50,-50
"30517","2929淘帝","110/07/09","高橋-龍潭",37,0,37
"30518","2929淘帝","110/07/09","港商麥格理",0,42,-42
"30519","2929淘帝","110/07/09","新光-台中",60,26,34
"30520","2929淘帝","110/07/09","陽信-石牌",0,40,-40
"30521","2929淘帝","110/07/09","元富-大裕",22,1,21
"30522","2929淘帝","110/07/09","台新-左楠",1,39,-38
"30523","2929淘帝","110/07/09","合庫-鳳山",20,0,20
"30524","2929淘帝","110/07/09","凱基-桃園",3,29,-26
"30525","2929淘帝","110/07/09","元大-員林",22,2,20
"30526","2929淘帝","110/07/09","兆豐-內湖",0,25,-25
"30527","2929淘帝","110/07/09","台新-建北",15,0,15
"30528","2929淘帝","110/07/09","元大-北港",0,20,-20
"30529","2929淘帝","110/07/09","兆豐-桃園",13,0,13
"30530","2929淘帝","110/07/09","富邦-北港",0,19,-19
"30531","2929淘帝","110/07/09","兆豐-忠孝",10,0,10
"30532","2929淘帝","110/07/09","富邦-花蓮",0,17,-17
"30533","2929淘帝","110/07/09","國票-敦北法人",10,0,10
"30534","2929淘帝","110/07/09","國泰-台中",2,17,-15
"30535","2929淘帝","110/07/09","永豐金-博愛",10,0,10
"30536","2929淘帝","110/07/09","群益金鼎-彰化",0,15,-15
"30537","2929淘帝","110/07/09","群益金鼎-潭子",8,0,8
"30538","2929淘帝","110/07/09","元大-博愛",0,14,-14
"30539","2929淘帝","110/07/09","富邦-南屯",8,0,8
"30540","2929淘帝","110/07/09","日盛-板橋",0,13,-13
"30541","5410國眾","110/07/09","元大-新盛",14,0,14
"30542","5410國眾","110/07/09","(牛牛牛)亞-鑫豐",1,41,-40
"30543","5410國眾","110/07/09","台灣企銀-民雄",10,0,10
"30544","5410國眾","110/07/09","元富-嘉義",0,25,-25
"30545","5410國眾","110/07/09","元富-虎尾",9,0,9
"30546","5410國眾","110/07/09","凱基-高美館",0,10,-10
"30547","5410國眾","110/07/09","摩根大通",10,1,9
"30548","5410國眾","110/07/09","凱基-城中",0,10,-10
"30549","5410國眾","110/07/09","兆豐-北高雄",7,0,7
"30550","5410國眾","110/07/09","元大-頭份",0,10,-10
"30551","5410國眾","110/07/09","凱基-台北",8,1,7
"30552","5410國眾","110/07/09","群益金鼎-丹鳳",0,7,-7
"30553","5410國眾","110/07/09","華南永昌-公誠",7,0,7
"30554","5410國眾","110/07/09","凱基-復興",0,7,-7
"30555","5410國眾","110/07/09","香港上海匯豐",6,0,6
"30556","5410國眾","110/07/09","元大-員林",0,7,-7
"30557","5410國眾","110/07/09","凱基-中壢",6,0,6
"30558","5410國眾","110/07/09","富邦-竹東",0,6,-6
"30559","5410國眾","110/07/09","華南永昌-南京",6,0,6
"30560","5410國眾","110/07/09","亞東-高雄",0,5,-5
"30561","5410國眾","110/07/09","統一-三重",5,0,5
"30562","5410國眾","110/07/09","大慶-中壢",1,6,-5
"30563","5410國眾","110/07/09","富邦-宜蘭",5,0,5
"30564","5410國眾","110/07/09","群益金鼎-中港",0,5,-5
"30565","5410國眾","110/07/09","元大-崇德",5,0,5
"30566","5410國眾","110/07/09","元大-八德",0,5,-5
"30567","5410國眾","110/07/09","元大-博愛",5,0,5
"30568","5410國眾","110/07/09","富邦-基隆",0,4,-4
"30569","5410國眾","110/07/09","元大-龍潭",5,0,5
"30570","5410國眾","110/07/09","臺銀-新竹",0,3,-3
"30571","2841台開","110/07/09","日盛-雙和",102,0,102
"30572","2841台開","110/07/09","港商野村",0,129,-129
"30573","2841台開","110/07/09","元大-館前",70,0,70
"30574","2841台開","110/07/09","兆豐-永和",0,100,-100
"30575","2841台開","110/07/09","凱基-文心",50,0,50
"30576","2841台開","110/07/09","台新證券",7,28,-21
"30577","2841台開","110/07/09","富邦-嘉義",40,0,40
"30578","2841台開","110/07/09","國票-北高雄",0,20,-20
"30579","2841台開","110/07/09","美商高盛",15,0,15
"30580","2841台開","110/07/09","永豐金-敦南",29,46,-17
"30581","2841台開","110/07/09","台中銀",15,0,15
"30582","2841台開","110/07/09","合庫-基隆",0,12,-12
"30583","2841台開","110/07/09","新光",11,0,11
"30584","2841台開","110/07/09","中國信託-松江",0,12,-12
"30585","2841台開","110/07/09","華南永昌-長虹",10,0,10
"30586","2841台開","110/07/09","兆豐-城中",0,12,-12
"30587","2841台開","110/07/09","永豐金-南投",10,0,10
"30588","2841台開","110/07/09","台中銀-豐原",0,10,-10
"30589","2841台開","110/07/09","合庫-桃園",7,0,7
"30590","2841台開","110/07/09","兆豐-景美",0,10,-10
"30591","2841台開","110/07/09","群益金鼎-古亭",7,0,7
"30592","2841台開","110/07/09","群益金鼎-基隆",0,10,-10
"30593","2841台開","110/07/09","國泰-敦南",6,0,6
"30594","2841台開","110/07/09","元大-北三重",0,10,-10
"30595","2841台開","110/07/09","凱基-桃園",8,2,6
"30596","2841台開","110/07/09","(牛牛牛)亞-網路",0,9,-9
"30597","2841台開","110/07/09","日盛證券",5,0,5
"30598","2841台開","110/07/09","台新-高雄",1,10,-9
"30599","2841台開","110/07/09","元富-文心",5,0,5
"30600","2841台開","110/07/09","凱基-台北",0,7,-7
"30601","6207雷科","110/07/09","群益金鼎-新竹",47,0,47
"30602","6207雷科","110/07/09","新光",7,24,-17
"30603","6207雷科","110/07/09","永豐金-三重",31,0,31
"30604","6207雷科","110/07/09","日盛-和美",0,15,-15
"30605","6207雷科","110/07/09","新加坡商瑞銀",33,5,28
"30606","6207雷科","110/07/09","國泰-台南",0,15,-15
"30607","6207雷科","110/07/09","元大-高雄",26,0,26
"30608","6207雷科","110/07/09","華南永昌-古亭",0,14,-14
"30609","6207雷科","110/07/09","統一-員林",22,0,22
"30610","6207雷科","110/07/09","土銀-白河",0,11,-11
"30611","6207雷科","110/07/09","台新-高雄",22,0,22
"30612","6207雷科","110/07/09","日盛-台南",0,10,-10
"30613","6207雷科","110/07/09","摩根大通",34,17,17
"30614","6207雷科","110/07/09","元富-林園",0,10,-10
"30615","6207雷科","110/07/09","元大-博愛",17,1,16
"30616","6207雷科","110/07/09","富邦-園區",0,10,-10
"30617","6207雷科","110/07/09","日茂-埔里",12,0,12
"30618","6207雷科","110/07/09","元大-上新莊",0,10,-10
"30619","6207雷科","110/07/09","國泰-台中",17,6,11
"30620","6207雷科","110/07/09","永豐金-南京",0,10,-10
"30621","6207雷科","110/07/09","富邦-三重",10,0,10
"30622","6207雷科","110/07/09","兆豐-小港",0,6,-6
"30623","6207雷科","110/07/09","元大-沙鹿",10,0,10
"30624","6207雷科","110/07/09","富邦-羅東",1,7,-6
"30625","6207雷科","110/07/09","元大-八德",10,0,10
"30626","6207雷科","110/07/09","元大-土城永寧",0,6,-6
"30627","6207雷科","110/07/09","第一金-路竹",11,2,9
"30628","6207雷科","110/07/09","永豐金-板盛",0,6,-6
"30629","6207雷科","110/07/09","統一-南京",5,0,5
"30630","6207雷科","110/07/09","日盛-板橋",0,5,-5
"30631","3679新至陞","110/07/09","元大-大天母",10,0,10
"30632","3679新至陞","110/07/09","第一金-光復",0,11,-11
"30633","3679新至陞","110/07/09","日盛-樹林",9,0,9
"30634","3679新至陞","110/07/09","瑞士信貸",0,8,-8
"30635","3679新至陞","110/07/09","凱基-台北",11,2,9
"30636","3679新至陞","110/07/09","大慶-苗栗",0,5,-5
"30637","3679新至陞","110/07/09","華南永昌-小港",8,0,8
"30638","3679新至陞","110/07/09","元大-永春",0,5,-5
"30639","3679新至陞","110/07/09","兆豐-來福",7,0,7
"30640","3679新至陞","110/07/09","日盛-和美",0,4,-4
"30641","3679新至陞","110/07/09","香港上海匯豐",5,0,5
"30642","3679新至陞","110/07/09","元大-雙和",0,3,-3
"30643","3679新至陞","110/07/09","台中銀-員林",3,0,3
"30644","3679新至陞","110/07/09","永豐金-屏東",0,3,-3
"30645","3679新至陞","110/07/09","新光",3,0,3
"30646","3679新至陞","110/07/09","彰銀",0,2,-2
"30647","3679新至陞","110/07/09","土銀-花蓮",2,0,2
"30648","3679新至陞","110/07/09","宏遠-館前",0,2,-2
"30649","3679新至陞","110/07/09","第一金-澎湖",2,0,2
"30650","3679新至陞","110/07/09","港商野村",0,2,-2
"30651","3679新至陞","110/07/09","摩根大通",2,0,2
"30652","3679新至陞","110/07/09","大昌-新店",0,2,-2
"30653","3679新至陞","110/07/09","國泰-敦南",2,0,2
"30654","3679新至陞","110/07/09","元大-新莊",0,2,-2
"30655","3679新至陞","110/07/09","元大-淡水",4,2,2
"30656","3679新至陞","110/07/09","元大-板橋",0,2,-2
"30657","3679新至陞","110/07/09","日盛-士林",1,0,1
"30658","3679新至陞","110/07/09","台灣摩根士丹利",0,1,-1
"30659","3679新至陞","110/07/09","日盛-信義",1,0,1
"30660","3679新至陞","110/07/09","第一金-高雄",0,1,-1
"30661","2727王品","110/07/09","台灣匯立證券",90,0,90
"30662","2727王品","110/07/09","台灣摩根士丹利",0,267,-267
"30663","2727王品","110/07/09","國泰-敦南",166,84,82
"30664","2727王品","110/07/09","富邦-台北",35,299,-264
"30665","2727王品","110/07/09","富邦-仁愛",56,12,44
"30666","2727王品","110/07/09","凱基-台北",174,296,-122
"30667","2727王品","110/07/09","台新證券",109,66,43
"30668","2727王品","110/07/09","第一金",2,102,-100
"30669","2727王品","110/07/09","新光",117,87,30
"30670","2727王品","110/07/09","群益金鼎-大安",0,80,-80
"30671","2727王品","110/07/09","臺銀-臺中",35,6,29
"30672","2727王品","110/07/09","兆豐-大安",7,60,-53
"30673","2727王品","110/07/09","元大-桃園",32,3,29
"30674","2727王品","110/07/09","永豐金-南投",0,50,-50
"30675","2727王品","110/07/09","元富-宜蘭",34,6,28
"30676","2727王品","110/07/09","新加坡商瑞銀",6,46,-40
"30677","2727王品","110/07/09","玉山-台中",34,8,26
"30678","2727王品","110/07/09","合庫-彰化",11,50,-39
"30679","2727王品","110/07/09","群益金鼎-宜蘭",30,4,26
"30680","2727王品","110/07/09","永豐金-萬盛",13,52,-39
"30681","2727王品","110/07/09","富邦-台中",42,16,26
"30682","2727王品","110/07/09","瑞士信貸",0,34,-34
"30683","2727王品","110/07/09","第一金-豐原",25,1,24
"30684","2727王品","110/07/09","元大-和平",4,35,-31
"30685","2727王品","110/07/09","臺銀",30,8,22
"30686","2727王品","110/07/09","美林",14,44,-30
"30687","2727王品","110/07/09","兆豐-來福",23,1,22
"30688","2727王品","110/07/09","元大-員林",9,38,-29
"30689","2727王品","110/07/09","玉山-士林",22,2,20
"30690","2727王品","110/07/09","元富-西松",4,31,-27
"30691","1570力肯","110/07/09","凱基-台北",30,1,29
"30692","1570力肯","110/07/09","群益金鼎-彰化",0,20,-20
"30693","1570力肯","110/07/09","新光-台南",20,0,20
"30694","1570力肯","110/07/09","元大-土城學府",0,20,-20
"30695","1570力肯","110/07/09","元大-高雄",20,0,20
"30696","1570力肯","110/07/09","元大-大統",0,16,-16
"30697","1570力肯","110/07/09","國票-中正",12,0,12
"30698","1570力肯","110/07/09","元大-新營",0,11,-11
"30699","1570力肯","110/07/09","日盛-高雄",6,0,6
"30700","1570力肯","110/07/09","元大-和平",0,10,-10
"30701","1570力肯","110/07/09","元富-緯城",6,0,6
"30702","1570力肯","110/07/09","元大-草屯",0,10,-10
"30703","1570力肯","110/07/09","群益金鼎-台南",6,0,6
"30704","1570力肯","110/07/09","元大-鹿港",0,9,-9
"30705","1570力肯","110/07/09","華南永昌-岡山",6,0,6
"30706","1570力肯","110/07/09","合庫-基隆",0,7,-7
"30707","1570力肯","110/07/09","統一-中壢",5,0,5
"30708","1570力肯","110/07/09","摩根大通",2,8,-6
"30709","1570力肯","110/07/09","凱基-三峽",5,0,5
"30710","1570力肯","110/07/09","台灣企銀-豐原",0,4,-4
"30711","1570力肯","110/07/09","大昌-樹林",4,0,4
"30712","1570力肯","110/07/09","日盛-桃園",0,4,-4
"30713","1570力肯","110/07/09","新光",3,0,3
"30714","1570力肯","110/07/09","國泰-高雄",0,3,-3
"30715","1570力肯","110/07/09","富邦-新竹華信",3,0,3
"30716","1570力肯","110/07/09","永豐金-敦南",0,3,-3
"30717","1570力肯","110/07/09","合庫-台中",2,0,2
"30718","1570力肯","110/07/09","土銀-彰化",0,2,-2
"30719","1570力肯","110/07/09","臺銀-臺中",2,0,2
"30720","1570力肯","110/07/09","臺銀-鳳山",0,2,-2
"30721","6180橘子","110/07/09","摩根大通",63,1,62
"30722","6180橘子","110/07/09","元大-南京",1,32,-31
"30723","6180橘子","110/07/09","富邦-陽明",73,33,40
"30724","6180橘子","110/07/09","群益金鼎-台北",0,25,-25
"30725","6180橘子","110/07/09","新加坡商瑞銀",31,0,31
"30726","6180橘子","110/07/09","兆豐-復興",0,21,-21
"30727","6180橘子","110/07/09","美商高盛",25,0,25
"30728","6180橘子","110/07/09","永豐金-嘉義",0,21,-21
"30729","6180橘子","110/07/09","凱基-台北",26,10,16
"30730","6180橘子","110/07/09","凱基-中壢",8,24,-16
"30731","6180橘子","110/07/09","華南永昌-楠梓",13,0,13
"30732","6180橘子","110/07/09","致和-崇德",0,15,-15
"30733","6180橘子","110/07/09","華南永昌-朴子",11,0,11
"30734","6180橘子","110/07/09","群益金鼎-屏東",0,15,-15
"30735","6180橘子","110/07/09","元大-北港",11,0,11
"30736","6180橘子","110/07/09","群益金鼎-中山",0,15,-15
"30737","6180橘子","110/07/09","元大-成功",10,1,9
"30738","6180橘子","110/07/09","瑞士信貸",1,15,-14
"30739","6180橘子","110/07/09","新光",26,18,8
"30740","6180橘子","110/07/09","日盛-二林",0,10,-10
"30741","6180橘子","110/07/09","統一-三重",6,0,6
"30742","6180橘子","110/07/09","凱基-東門",0,10,-10
"30743","6180橘子","110/07/09","群益金鼎-嘉義",6,0,6
"30744","6180橘子","110/07/09","華南永昌-三重",0,10,-10
"30745","6180橘子","110/07/09","元大-員林中山",6,0,6
"30746","6180橘子","110/07/09","元大-彰化民生",1,11,-10
"30747","6180橘子","110/07/09","合庫-鳳山",5,0,5
"30748","6180橘子","110/07/09","永豐金-新店",1,11,-10
"30749","6180橘子","110/07/09","富邦-建國",6,1,5
"30750","6180橘子","110/07/09","群益金鼎-丹鳳",0,8,-8
"30751","2390云辰","110/07/09","摩根大通",279,56,223
"30752","2390云辰","110/07/09","元大-天母",0,127,-127
"30753","2390云辰","110/07/09","日盛-鳳山",110,2,108
"30754","2390云辰","110/07/09","中國信託-文心",5,109,-104
"30755","2390云辰","110/07/09","宏遠證券",100,0,100
"30756","2390云辰","110/07/09","永豐金-復興",0,55,-55
"30757","2390云辰","110/07/09","元大-大里",63,6,57
"30758","2390云辰","110/07/09","凱基-台北",239,286,-47
"30759","2390云辰","110/07/09","凱基-八德",59,10,49
"30760","2390云辰","110/07/09","德信",2,32,-30
"30761","2390云辰","110/07/09","合庫-新竹",40,0,40
"30762","2390云辰","110/07/09","兆豐-桃鶯",2,32,-30
"30763","2390云辰","110/07/09","國票",40,1,39
"30764","2390云辰","110/07/09","致和-南京",0,30,-30
"30765","2390云辰","110/07/09","新加坡商瑞銀",49,13,36
"30766","2390云辰","110/07/09","富邦-虎尾",1,31,-30
"30767","2390云辰","110/07/09","統一-新台中",36,2,34
"30768","2390云辰","110/07/09","元大-善化",2,31,-29
"30769","2390云辰","110/07/09","國票-嘉義",31,0,31
"30770","2390云辰","110/07/09","富邦-板橋",0,27,-27
"30771","2390云辰","110/07/09","華南永昌",35,7,28
"30772","2390云辰","110/07/09","富邦-永和",3,28,-25
"30773","2390云辰","110/07/09","玉山-台中",49,22,27
"30774","2390云辰","110/07/09","第一金-自由",20,44,-24
"30775","2390云辰","110/07/09","華南永昌-敦南",25,0,25
"30776","2390云辰","110/07/09","凱基-內湖",0,24,-24
"30777","2390云辰","110/07/09","新光-高雄",27,4,23
"30778","2390云辰","110/07/09","元大-汐止",1,24,-23
"30779","2390云辰","110/07/09","台灣摩根士丹利",85,63,22
"30780","2390云辰","110/07/09","新光-台中",12,33,-21
"30781","4903聯光通","110/07/09","元大-敦南",10,0,10
"30782","4903聯光通","110/07/09","第一金-台中",0,12,-12
"30783","4903聯光通","110/07/09","凱基-士林",5,0,5
"30784","4903聯光通","110/07/09","日盛-忠孝",0,3,-3
"30785","4903聯光通","110/07/09","元大-苗栗",5,0,5
"30786","4903聯光通","110/07/09","群益金鼎-崇德",0,3,-3
"30787","4903聯光通","110/07/09","元大-屏南",3,0,3
"30788","4903聯光通","110/07/09","國票-內壢",0,2,-2
"30789","4903聯光通","110/07/09","中國信託-永康",1,0,1
"30790","4903聯光通","110/07/09","康和-南崁",0,2,-2
"30791","4903聯光通","110/07/09","玉山證券",1,0,1
"30792","4903聯光通","110/07/09","新光-台中",0,2,-2
"30793","4903聯光通","110/07/09","元大-太平",4,3,1
"30794","4903聯光通","110/07/09","玉山-城中",0,2,-2
"30795","4903聯光通","110/07/09","永豐金-嘉義",1,0,1
"30796","4903聯光通","110/07/09","中國信託-文心",0,1,-1
"30797","4903聯光通","110/07/09","大昌",0,0,0
"30798","4903聯光通","110/07/09","大昌",0,0,0
"30799","4903聯光通","110/07/09","中農",0,0,0
"30800","4903聯光通","110/07/09","中農",0,0,0
"30801","4903聯光通","110/07/09","",NA,NA,NA
"30802","4903聯光通","110/07/09","",NA,NA,NA
"30803","4903聯光通","110/07/09","",NA,NA,NA
"30804","4903聯光通","110/07/09","",NA,NA,NA
"30805","4903聯光通","110/07/09","",NA,NA,NA
"30806","4903聯光通","110/07/09","",NA,NA,NA
"30807","4903聯光通","110/07/09","",NA,NA,NA
"30808","4903聯光通","110/07/09","",NA,NA,NA
"30809","4903聯光通","110/07/09","",NA,NA,NA
"30810","4903聯光通","110/07/09","",NA,NA,NA
"30811","2929淘帝","110/07/09","台中銀-台北",110,0,110
"30812","2929淘帝","110/07/09","新光",2,82,-80
"30813","2929淘帝","110/07/09","華南永昌-頭份",72,0,72
"30814","2929淘帝","110/07/09","摩根大通",2,63,-61
"30815","2929淘帝","110/07/09","合庫-高雄",71,0,71
"30816","2929淘帝","110/07/09","第一金-路竹",0,50,-50
"30817","2929淘帝","110/07/09","高橋-龍潭",37,0,37
"30818","2929淘帝","110/07/09","港商麥格理",0,42,-42
"30819","2929淘帝","110/07/09","新光-台中",60,26,34
"30820","2929淘帝","110/07/09","陽信-石牌",0,40,-40
"30821","2929淘帝","110/07/09","元富-大裕",22,1,21
"30822","2929淘帝","110/07/09","台新-左楠",1,39,-38
"30823","2929淘帝","110/07/09","合庫-鳳山",20,0,20
"30824","2929淘帝","110/07/09","凱基-桃園",3,29,-26
"30825","2929淘帝","110/07/09","元大-員林",22,2,20
"30826","2929淘帝","110/07/09","兆豐-內湖",0,25,-25
"30827","2929淘帝","110/07/09","台新-建北",15,0,15
"30828","2929淘帝","110/07/09","元大-北港",0,20,-20
"30829","2929淘帝","110/07/09","兆豐-桃園",13,0,13
"30830","2929淘帝","110/07/09","富邦-北港",0,19,-19
"30831","2929淘帝","110/07/09","兆豐-忠孝",10,0,10
"30832","2929淘帝","110/07/09","富邦-花蓮",0,17,-17
"30833","2929淘帝","110/07/09","國票-敦北法人",10,0,10
"30834","2929淘帝","110/07/09","國泰-台中",2,17,-15
"30835","2929淘帝","110/07/09","永豐金-博愛",10,0,10
"30836","2929淘帝","110/07/09","群益金鼎-彰化",0,15,-15
"30837","2929淘帝","110/07/09","群益金鼎-潭子",8,0,8
"30838","2929淘帝","110/07/09","元大-博愛",0,14,-14
"30839","2929淘帝","110/07/09","富邦-南屯",8,0,8
"30840","2929淘帝","110/07/09","日盛-板橋",0,13,-13
"30841","5410國眾","110/07/09","元大-新盛",14,0,14
"30842","5410國眾","110/07/09","(牛牛牛)亞-鑫豐",1,41,-40
"30843","5410國眾","110/07/09","台灣企銀-民雄",10,0,10
"30844","5410國眾","110/07/09","元富-嘉義",0,25,-25
"30845","5410國眾","110/07/09","元富-虎尾",9,0,9
"30846","5410國眾","110/07/09","凱基-高美館",0,10,-10
"30847","5410國眾","110/07/09","摩根大通",10,1,9
"30848","5410國眾","110/07/09","凱基-城中",0,10,-10
"30849","5410國眾","110/07/09","兆豐-北高雄",7,0,7
"30850","5410國眾","110/07/09","元大-頭份",0,10,-10
"30851","5410國眾","110/07/09","凱基-台北",8,1,7
"30852","5410國眾","110/07/09","群益金鼎-丹鳳",0,7,-7
"30853","5410國眾","110/07/09","華南永昌-公誠",7,0,7
"30854","5410國眾","110/07/09","凱基-復興",0,7,-7
"30855","5410國眾","110/07/09","香港上海匯豐",6,0,6
"30856","5410國眾","110/07/09","元大-員林",0,7,-7
"30857","5410國眾","110/07/09","凱基-中壢",6,0,6
"30858","5410國眾","110/07/09","富邦-竹東",0,6,-6
"30859","5410國眾","110/07/09","華南永昌-南京",6,0,6
"30860","5410國眾","110/07/09","亞東-高雄",0,5,-5
"30861","5410國眾","110/07/09","統一-三重",5,0,5
"30862","5410國眾","110/07/09","大慶-中壢",1,6,-5
"30863","5410國眾","110/07/09","富邦-宜蘭",5,0,5
"30864","5410國眾","110/07/09","群益金鼎-中港",0,5,-5
"30865","5410國眾","110/07/09","元大-崇德",5,0,5
"30866","5410國眾","110/07/09","元大-八德",0,5,-5
"30867","5410國眾","110/07/09","元大-博愛",5,0,5
"30868","5410國眾","110/07/09","富邦-基隆",0,4,-4
"30869","5410國眾","110/07/09","元大-龍潭",5,0,5
"30870","5410國眾","110/07/09","臺銀-新竹",0,3,-3
"30871","2841台開","110/07/09","日盛-雙和",102,0,102
"30872","2841台開","110/07/09","港商野村",0,129,-129
"30873","2841台開","110/07/09","元大-館前",70,0,70
"30874","2841台開","110/07/09","兆豐-永和",0,100,-100
"30875","2841台開","110/07/09","凱基-文心",50,0,50
"30876","2841台開","110/07/09","台新證券",7,28,-21
"30877","2841台開","110/07/09","富邦-嘉義",40,0,40
"30878","2841台開","110/07/09","國票-北高雄",0,20,-20
"30879","2841台開","110/07/09","美商高盛",15,0,15
"30880","2841台開","110/07/09","永豐金-敦南",29,46,-17
"30881","2841台開","110/07/09","台中銀",15,0,15
"30882","2841台開","110/07/09","合庫-基隆",0,12,-12
"30883","2841台開","110/07/09","新光",11,0,11
"30884","2841台開","110/07/09","中國信託-松江",0,12,-12
"30885","2841台開","110/07/09","華南永昌-長虹",10,0,10
"30886","2841台開","110/07/09","兆豐-城中",0,12,-12
"30887","2841台開","110/07/09","永豐金-南投",10,0,10
"30888","2841台開","110/07/09","台中銀-豐原",0,10,-10
"30889","2841台開","110/07/09","合庫-桃園",7,0,7
"30890","2841台開","110/07/09","兆豐-景美",0,10,-10
"30891","2841台開","110/07/09","群益金鼎-古亭",7,0,7
"30892","2841台開","110/07/09","群益金鼎-基隆",0,10,-10
"30893","2841台開","110/07/09","國泰-敦南",6,0,6
"30894","2841台開","110/07/09","元大-北三重",0,10,-10
"30895","2841台開","110/07/09","凱基-桃園",8,2,6
"30896","2841台開","110/07/09","(牛牛牛)亞-網路",0,9,-9
"30897","2841台開","110/07/09","日盛證券",5,0,5
"30898","2841台開","110/07/09","台新-高雄",1,10,-9
"30899","2841台開","110/07/09","元富-文心",5,0,5
"30900","2841台開","110/07/09","凱基-台北",0,7,-7
"30901","6207雷科","110/07/09","群益金鼎-新竹",47,0,47
"30902","6207雷科","110/07/09","新光",7,24,-17
"30903","6207雷科","110/07/09","永豐金-三重",31,0,31
"30904","6207雷科","110/07/09","日盛-和美",0,15,-15
"30905","6207雷科","110/07/09","新加坡商瑞銀",33,5,28
"30906","6207雷科","110/07/09","國泰-台南",0,15,-15
"30907","6207雷科","110/07/09","元大-高雄",26,0,26
"30908","6207雷科","110/07/09","華南永昌-古亭",0,14,-14
"30909","6207雷科","110/07/09","統一-員林",22,0,22
"30910","6207雷科","110/07/09","土銀-白河",0,11,-11
"30911","6207雷科","110/07/09","台新-高雄",22,0,22
"30912","6207雷科","110/07/09","日盛-台南",0,10,-10
"30913","6207雷科","110/07/09","摩根大通",34,17,17
"30914","6207雷科","110/07/09","元富-林園",0,10,-10
"30915","6207雷科","110/07/09","元大-博愛",17,1,16
"30916","6207雷科","110/07/09","富邦-園區",0,10,-10
"30917","6207雷科","110/07/09","日茂-埔里",12,0,12
"30918","6207雷科","110/07/09","元大-上新莊",0,10,-10
"30919","6207雷科","110/07/09","國泰-台中",17,6,11
"30920","6207雷科","110/07/09","永豐金-南京",0,10,-10
"30921","6207雷科","110/07/09","富邦-三重",10,0,10
"30922","6207雷科","110/07/09","兆豐-小港",0,6,-6
"30923","6207雷科","110/07/09","元大-沙鹿",10,0,10
"30924","6207雷科","110/07/09","富邦-羅東",1,7,-6
"30925","6207雷科","110/07/09","元大-八德",10,0,10
"30926","6207雷科","110/07/09","元大-土城永寧",0,6,-6
"30927","6207雷科","110/07/09","第一金-路竹",11,2,9
"30928","6207雷科","110/07/09","永豐金-板盛",0,6,-6
"30929","6207雷科","110/07/09","統一-南京",5,0,5
"30930","6207雷科","110/07/09","日盛-板橋",0,5,-5
"30931","3679新至陞","110/07/09","元大-大天母",10,0,10
"30932","3679新至陞","110/07/09","第一金-光復",0,11,-11
"30933","3679新至陞","110/07/09","日盛-樹林",9,0,9
"30934","3679新至陞","110/07/09","瑞士信貸",0,8,-8
"30935","3679新至陞","110/07/09","凱基-台北",11,2,9
"30936","3679新至陞","110/07/09","大慶-苗栗",0,5,-5
"30937","3679新至陞","110/07/09","華南永昌-小港",8,0,8
"30938","3679新至陞","110/07/09","元大-永春",0,5,-5
"30939","3679新至陞","110/07/09","兆豐-來福",7,0,7
"30940","3679新至陞","110/07/09","日盛-和美",0,4,-4
"30941","3679新至陞","110/07/09","香港上海匯豐",5,0,5
"30942","3679新至陞","110/07/09","元大-雙和",0,3,-3
"30943","3679新至陞","110/07/09","台中銀-員林",3,0,3
"30944","3679新至陞","110/07/09","永豐金-屏東",0,3,-3
"30945","3679新至陞","110/07/09","新光",3,0,3
"30946","3679新至陞","110/07/09","彰銀",0,2,-2
"30947","3679新至陞","110/07/09","土銀-花蓮",2,0,2
"30948","3679新至陞","110/07/09","宏遠-館前",0,2,-2
"30949","3679新至陞","110/07/09","第一金-澎湖",2,0,2
"30950","3679新至陞","110/07/09","港商野村",0,2,-2
"30951","3679新至陞","110/07/09","摩根大通",2,0,2
"30952","3679新至陞","110/07/09","大昌-新店",0,2,-2
"30953","3679新至陞","110/07/09","國泰-敦南",2,0,2
"30954","3679新至陞","110/07/09","元大-新莊",0,2,-2
"30955","3679新至陞","110/07/09","元大-淡水",4,2,2
"30956","3679新至陞","110/07/09","元大-板橋",0,2,-2
"30957","3679新至陞","110/07/09","日盛-士林",1,0,1
"30958","3679新至陞","110/07/09","台灣摩根士丹利",0,1,-1
"30959","3679新至陞","110/07/09","日盛-信義",1,0,1
"30960","3679新至陞","110/07/09","第一金-高雄",0,1,-1
"30961","2727王品","110/07/09","台灣匯立證券",90,0,90
"30962","2727王品","110/07/09","台灣摩根士丹利",0,267,-267
"30963","2727王品","110/07/09","國泰-敦南",166,84,82
"30964","2727王品","110/07/09","富邦-台北",35,299,-264
"30965","2727王品","110/07/09","富邦-仁愛",56,12,44
"30966","2727王品","110/07/09","凱基-台北",174,296,-122
"30967","2727王品","110/07/09","台新證券",109,66,43
"30968","2727王品","110/07/09","第一金",2,102,-100
"30969","2727王品","110/07/09","新光",117,87,30
"30970","2727王品","110/07/09","群益金鼎-大安",0,80,-80
"30971","2727王品","110/07/09","臺銀-臺中",35,6,29
"30972","2727王品","110/07/09","兆豐-大安",7,60,-53
"30973","2727王品","110/07/09","元大-桃園",32,3,29
"30974","2727王品","110/07/09","永豐金-南投",0,50,-50
"30975","2727王品","110/07/09","元富-宜蘭",34,6,28
"30976","2727王品","110/07/09","新加坡商瑞銀",6,46,-40
"30977","2727王品","110/07/09","玉山-台中",34,8,26
"30978","2727王品","110/07/09","合庫-彰化",11,50,-39
"30979","2727王品","110/07/09","群益金鼎-宜蘭",30,4,26
"30980","2727王品","110/07/09","永豐金-萬盛",13,52,-39
"30981","2727王品","110/07/09","富邦-台中",42,16,26
"30982","2727王品","110/07/09","瑞士信貸",0,34,-34
"30983","2727王品","110/07/09","第一金-豐原",25,1,24
"30984","2727王品","110/07/09","元大-和平",4,35,-31
"30985","2727王品","110/07/09","臺銀",30,8,22
"30986","2727王品","110/07/09","美林",14,44,-30
"30987","2727王品","110/07/09","兆豐-來福",23,1,22
"30988","2727王品","110/07/09","元大-員林",9,38,-29
"30989","2727王品","110/07/09","玉山-士林",22,2,20
"30990","2727王品","110/07/09","元富-西松",4,31,-27
"30991","1570力肯","110/07/09","凱基-台北",30,1,29
"30992","1570力肯","110/07/09","群益金鼎-彰化",0,20,-20
"30993","1570力肯","110/07/09","新光-台南",20,0,20
"30994","1570力肯","110/07/09","元大-土城學府",0,20,-20
"30995","1570力肯","110/07/09","元大-高雄",20,0,20
"30996","1570力肯","110/07/09","元大-大統",0,16,-16
"30997","1570力肯","110/07/09","國票-中正",12,0,12
"30998","1570力肯","110/07/09","元大-新營",0,11,-11
"30999","1570力肯","110/07/09","日盛-高雄",6,0,6
"31000","1570力肯","110/07/09","元大-和平",0,10,-10
"31001","1570力肯","110/07/09","元富-緯城",6,0,6
"31002","1570力肯","110/07/09","元大-草屯",0,10,-10
"31003","1570力肯","110/07/09","群益金鼎-台南",6,0,6
"31004","1570力肯","110/07/09","元大-鹿港",0,9,-9
"31005","1570力肯","110/07/09","華南永昌-岡山",6,0,6
"31006","1570力肯","110/07/09","合庫-基隆",0,7,-7
"31007","1570力肯","110/07/09","統一-中壢",5,0,5
"31008","1570力肯","110/07/09","摩根大通",2,8,-6
"31009","1570力肯","110/07/09","凱基-三峽",5,0,5
"31010","1570力肯","110/07/09","台灣企銀-豐原",0,4,-4
"31011","1570力肯","110/07/09","大昌-樹林",4,0,4
"31012","1570力肯","110/07/09","日盛-桃園",0,4,-4
"31013","1570力肯","110/07/09","新光",3,0,3
"31014","1570力肯","110/07/09","國泰-高雄",0,3,-3
"31015","1570力肯","110/07/09","富邦-新竹華信",3,0,3
"31016","1570力肯","110/07/09","永豐金-敦南",0,3,-3
"31017","1570力肯","110/07/09","合庫-台中",2,0,2
"31018","1570力肯","110/07/09","土銀-彰化",0,2,-2
"31019","1570力肯","110/07/09","臺銀-臺中",2,0,2
"31020","1570力肯","110/07/09","臺銀-鳳山",0,2,-2
"31021","6180橘子","110/07/09","摩根大通",63,1,62
"31022","6180橘子","110/07/09","元大-南京",1,32,-31
"31023","6180橘子","110/07/09","富邦-陽明",73,33,40
"31024","6180橘子","110/07/09","群益金鼎-台北",0,25,-25
"31025","6180橘子","110/07/09","新加坡商瑞銀",31,0,31
"31026","6180橘子","110/07/09","兆豐-復興",0,21,-21
"31027","6180橘子","110/07/09","美商高盛",25,0,25
"31028","6180橘子","110/07/09","永豐金-嘉義",0,21,-21
"31029","6180橘子","110/07/09","凱基-台北",26,10,16
"31030","6180橘子","110/07/09","凱基-中壢",8,24,-16
"31031","6180橘子","110/07/09","華南永昌-楠梓",13,0,13
"31032","6180橘子","110/07/09","致和-崇德",0,15,-15
"31033","6180橘子","110/07/09","華南永昌-朴子",11,0,11
"31034","6180橘子","110/07/09","群益金鼎-屏東",0,15,-15
"31035","6180橘子","110/07/09","元大-北港",11,0,11
"31036","6180橘子","110/07/09","群益金鼎-中山",0,15,-15
"31037","6180橘子","110/07/09","元大-成功",10,1,9
"31038","6180橘子","110/07/09","瑞士信貸",1,15,-14
"31039","6180橘子","110/07/09","新光",26,18,8
"31040","6180橘子","110/07/09","日盛-二林",0,10,-10
"31041","6180橘子","110/07/09","統一-三重",6,0,6
"31042","6180橘子","110/07/09","凱基-東門",0,10,-10
"31043","6180橘子","110/07/09","群益金鼎-嘉義",6,0,6
"31044","6180橘子","110/07/09","華南永昌-三重",0,10,-10
"31045","6180橘子","110/07/09","元大-員林中山",6,0,6
"31046","6180橘子","110/07/09","元大-彰化民生",1,11,-10
"31047","6180橘子","110/07/09","合庫-鳳山",5,0,5
"31048","6180橘子","110/07/09","永豐金-新店",1,11,-10
"31049","6180橘子","110/07/09","富邦-建國",6,1,5
"31050","6180橘子","110/07/09","群益金鼎-丹鳳",0,8,-8
"31051","2390云辰","110/07/09","摩根大通",279,56,223
"31052","2390云辰","110/07/09","元大-天母",0,127,-127
"31053","2390云辰","110/07/09","日盛-鳳山",110,2,108
"31054","2390云辰","110/07/09","中國信託-文心",5,109,-104
"31055","2390云辰","110/07/09","宏遠證券",100,0,100
"31056","2390云辰","110/07/09","永豐金-復興",0,55,-55
"31057","2390云辰","110/07/09","元大-大里",63,6,57
"31058","2390云辰","110/07/09","凱基-台北",239,286,-47
"31059","2390云辰","110/07/09","凱基-八德",59,10,49
"31060","2390云辰","110/07/09","德信",2,32,-30
"31061","2390云辰","110/07/09","合庫-新竹",40,0,40
"31062","2390云辰","110/07/09","兆豐-桃鶯",2,32,-30
"31063","2390云辰","110/07/09","國票",40,1,39
"31064","2390云辰","110/07/09","致和-南京",0,30,-30
"31065","2390云辰","110/07/09","新加坡商瑞銀",49,13,36
"31066","2390云辰","110/07/09","富邦-虎尾",1,31,-30
"31067","2390云辰","110/07/09","統一-新台中",36,2,34
"31068","2390云辰","110/07/09","元大-善化",2,31,-29
"31069","2390云辰","110/07/09","國票-嘉義",31,0,31
"31070","2390云辰","110/07/09","富邦-板橋",0,27,-27
"31071","2390云辰","110/07/09","華南永昌",35,7,28
"31072","2390云辰","110/07/09","富邦-永和",3,28,-25
"31073","2390云辰","110/07/09","玉山-台中",49,22,27
"31074","2390云辰","110/07/09","第一金-自由",20,44,-24
"31075","2390云辰","110/07/09","華南永昌-敦南",25,0,25
"31076","2390云辰","110/07/09","凱基-內湖",0,24,-24
"31077","2390云辰","110/07/09","新光-高雄",27,4,23
"31078","2390云辰","110/07/09","元大-汐止",1,24,-23
"31079","2390云辰","110/07/09","台灣摩根士丹利",85,63,22
"31080","2390云辰","110/07/09","新光-台中",12,33,-21
"31081","4903聯光通","110/07/09","元大-敦南",10,0,10
"31082","4903聯光通","110/07/09","第一金-台中",0,12,-12
"31083","4903聯光通","110/07/09","凱基-士林",5,0,5
"31084","4903聯光通","110/07/09","日盛-忠孝",0,3,-3
"31085","4903聯光通","110/07/09","元大-苗栗",5,0,5
"31086","4903聯光通","110/07/09","群益金鼎-崇德",0,3,-3
"31087","4903聯光通","110/07/09","元大-屏南",3,0,3
"31088","4903聯光通","110/07/09","國票-內壢",0,2,-2
"31089","4903聯光通","110/07/09","中國信託-永康",1,0,1
"31090","4903聯光通","110/07/09","康和-南崁",0,2,-2
"31091","4903聯光通","110/07/09","玉山證券",1,0,1
"31092","4903聯光通","110/07/09","新光-台中",0,2,-2
"31093","4903聯光通","110/07/09","元大-太平",4,3,1
"31094","4903聯光通","110/07/09","玉山-城中",0,2,-2
"31095","4903聯光通","110/07/09","永豐金-嘉義",1,0,1
"31096","4903聯光通","110/07/09","中國信託-文心",0,1,-1
"31097","4903聯光通","110/07/09","大昌",0,0,0
"31098","4903聯光通","110/07/09","大昌",0,0,0
"31099","4903聯光通","110/07/09","中農",0,0,0
"31100","4903聯光通","110/07/09","中農",0,0,0
"31101","4903聯光通","110/07/09","",NA,NA,NA
"31102","4903聯光通","110/07/09","",NA,NA,NA
"31103","4903聯光通","110/07/09","",NA,NA,NA
"31104","4903聯光通","110/07/09","",NA,NA,NA
"31105","4903聯光通","110/07/09","",NA,NA,NA
"31106","4903聯光通","110/07/09","",NA,NA,NA
"31107","4903聯光通","110/07/09","",NA,NA,NA
"31108","4903聯光通","110/07/09","",NA,NA,NA
"31109","4903聯光通","110/07/09","",NA,NA,NA
"31110","4903聯光通","110/07/09","",NA,NA,NA
"31111","2929淘帝","110/07/09","台中銀-台北",110,0,110
"31112","2929淘帝","110/07/09","新光",2,82,-80
"31113","2929淘帝","110/07/09","華南永昌-頭份",72,0,72
"31114","2929淘帝","110/07/09","摩根大通",2,63,-61
"31115","2929淘帝","110/07/09","合庫-高雄",71,0,71
"31116","2929淘帝","110/07/09","第一金-路竹",0,50,-50
"31117","2929淘帝","110/07/09","高橋-龍潭",37,0,37
"31118","2929淘帝","110/07/09","港商麥格理",0,42,-42
"31119","2929淘帝","110/07/09","新光-台中",60,26,34
"31120","2929淘帝","110/07/09","陽信-石牌",0,40,-40
"31121","2929淘帝","110/07/09","元富-大裕",22,1,21
"31122","2929淘帝","110/07/09","台新-左楠",1,39,-38
"31123","2929淘帝","110/07/09","合庫-鳳山",20,0,20
"31124","2929淘帝","110/07/09","凱基-桃園",3,29,-26
"31125","2929淘帝","110/07/09","元大-員林",22,2,20
"31126","2929淘帝","110/07/09","兆豐-內湖",0,25,-25
"31127","2929淘帝","110/07/09","台新-建北",15,0,15
"31128","2929淘帝","110/07/09","元大-北港",0,20,-20
"31129","2929淘帝","110/07/09","兆豐-桃園",13,0,13
"31130","2929淘帝","110/07/09","富邦-北港",0,19,-19
"31131","2929淘帝","110/07/09","兆豐-忠孝",10,0,10
"31132","2929淘帝","110/07/09","富邦-花蓮",0,17,-17
"31133","2929淘帝","110/07/09","國票-敦北法人",10,0,10
"31134","2929淘帝","110/07/09","國泰-台中",2,17,-15
"31135","2929淘帝","110/07/09","永豐金-博愛",10,0,10
"31136","2929淘帝","110/07/09","群益金鼎-彰化",0,15,-15
"31137","2929淘帝","110/07/09","群益金鼎-潭子",8,0,8
"31138","2929淘帝","110/07/09","元大-博愛",0,14,-14
"31139","2929淘帝","110/07/09","富邦-南屯",8,0,8
"31140","2929淘帝","110/07/09","日盛-板橋",0,13,-13
"31141","5410國眾","110/07/09","元大-新盛",14,0,14
"31142","5410國眾","110/07/09","(牛牛牛)亞-鑫豐",1,41,-40
"31143","5410國眾","110/07/09","台灣企銀-民雄",10,0,10
"31144","5410國眾","110/07/09","元富-嘉義",0,25,-25
"31145","5410國眾","110/07/09","元富-虎尾",9,0,9
"31146","5410國眾","110/07/09","凱基-高美館",0,10,-10
"31147","5410國眾","110/07/09","摩根大通",10,1,9
"31148","5410國眾","110/07/09","凱基-城中",0,10,-10
"31149","5410國眾","110/07/09","兆豐-北高雄",7,0,7
"31150","5410國眾","110/07/09","元大-頭份",0,10,-10
"31151","5410國眾","110/07/09","凱基-台北",8,1,7
"31152","5410國眾","110/07/09","群益金鼎-丹鳳",0,7,-7
"31153","5410國眾","110/07/09","華南永昌-公誠",7,0,7
"31154","5410國眾","110/07/09","凱基-復興",0,7,-7
"31155","5410國眾","110/07/09","香港上海匯豐",6,0,6
"31156","5410國眾","110/07/09","元大-員林",0,7,-7
"31157","5410國眾","110/07/09","凱基-中壢",6,0,6
"31158","5410國眾","110/07/09","富邦-竹東",0,6,-6
"31159","5410國眾","110/07/09","華南永昌-南京",6,0,6
"31160","5410國眾","110/07/09","亞東-高雄",0,5,-5
"31161","5410國眾","110/07/09","統一-三重",5,0,5
"31162","5410國眾","110/07/09","大慶-中壢",1,6,-5
"31163","5410國眾","110/07/09","富邦-宜蘭",5,0,5
"31164","5410國眾","110/07/09","群益金鼎-中港",0,5,-5
"31165","5410國眾","110/07/09","元大-崇德",5,0,5
"31166","5410國眾","110/07/09","元大-八德",0,5,-5
"31167","5410國眾","110/07/09","元大-博愛",5,0,5
"31168","5410國眾","110/07/09","富邦-基隆",0,4,-4
"31169","5410國眾","110/07/09","元大-龍潭",5,0,5
"31170","5410國眾","110/07/09","臺銀-新竹",0,3,-3
"31171","2841台開","110/07/09","日盛-雙和",102,0,102
"31172","2841台開","110/07/09","港商野村",0,129,-129
"31173","2841台開","110/07/09","元大-館前",70,0,70
"31174","2841台開","110/07/09","兆豐-永和",0,100,-100
"31175","2841台開","110/07/09","凱基-文心",50,0,50
"31176","2841台開","110/07/09","台新證券",7,28,-21
"31177","2841台開","110/07/09","富邦-嘉義",40,0,40
"31178","2841台開","110/07/09","國票-北高雄",0,20,-20
"31179","2841台開","110/07/09","美商高盛",15,0,15
"31180","2841台開","110/07/09","永豐金-敦南",29,46,-17
"31181","2841台開","110/07/09","台中銀",15,0,15
"31182","2841台開","110/07/09","合庫-基隆",0,12,-12
"31183","2841台開","110/07/09","新光",11,0,11
"31184","2841台開","110/07/09","中國信託-松江",0,12,-12
"31185","2841台開","110/07/09","華南永昌-長虹",10,0,10
"31186","2841台開","110/07/09","兆豐-城中",0,12,-12
"31187","2841台開","110/07/09","永豐金-南投",10,0,10
"31188","2841台開","110/07/09","台中銀-豐原",0,10,-10
"31189","2841台開","110/07/09","合庫-桃園",7,0,7
"31190","2841台開","110/07/09","兆豐-景美",0,10,-10
"31191","2841台開","110/07/09","群益金鼎-古亭",7,0,7
"31192","2841台開","110/07/09","群益金鼎-基隆",0,10,-10
"31193","2841台開","110/07/09","國泰-敦南",6,0,6
"31194","2841台開","110/07/09","元大-北三重",0,10,-10
"31195","2841台開","110/07/09","凱基-桃園",8,2,6
"31196","2841台開","110/07/09","(牛牛牛)亞-網路",0,9,-9
"31197","2841台開","110/07/09","日盛證券",5,0,5
"31198","2841台開","110/07/09","台新-高雄",1,10,-9
"31199","2841台開","110/07/09","元富-文心",5,0,5
"31200","2841台開","110/07/09","凱基-台北",0,7,-7
"31201","6207雷科","110/07/09","群益金鼎-新竹",47,0,47
"31202","6207雷科","110/07/09","新光",7,24,-17
"31203","6207雷科","110/07/09","永豐金-三重",31,0,31
"31204","6207雷科","110/07/09","日盛-和美",0,15,-15
"31205","6207雷科","110/07/09","新加坡商瑞銀",33,5,28
"31206","6207雷科","110/07/09","國泰-台南",0,15,-15
"31207","6207雷科","110/07/09","元大-高雄",26,0,26
"31208","6207雷科","110/07/09","華南永昌-古亭",0,14,-14
"31209","6207雷科","110/07/09","統一-員林",22,0,22
"31210","6207雷科","110/07/09","土銀-白河",0,11,-11
"31211","6207雷科","110/07/09","台新-高雄",22,0,22
"31212","6207雷科","110/07/09","日盛-台南",0,10,-10
"31213","6207雷科","110/07/09","摩根大通",34,17,17
"31214","6207雷科","110/07/09","元富-林園",0,10,-10
"31215","6207雷科","110/07/09","元大-博愛",17,1,16
"31216","6207雷科","110/07/09","富邦-園區",0,10,-10
"31217","6207雷科","110/07/09","日茂-埔里",12,0,12
"31218","6207雷科","110/07/09","元大-上新莊",0,10,-10
"31219","6207雷科","110/07/09","國泰-台中",17,6,11
"31220","6207雷科","110/07/09","永豐金-南京",0,10,-10
"31221","6207雷科","110/07/09","富邦-三重",10,0,10
"31222","6207雷科","110/07/09","兆豐-小港",0,6,-6
"31223","6207雷科","110/07/09","元大-沙鹿",10,0,10
"31224","6207雷科","110/07/09","富邦-羅東",1,7,-6
"31225","6207雷科","110/07/09","元大-八德",10,0,10
"31226","6207雷科","110/07/09","元大-土城永寧",0,6,-6
"31227","6207雷科","110/07/09","第一金-路竹",11,2,9
"31228","6207雷科","110/07/09","永豐金-板盛",0,6,-6
"31229","6207雷科","110/07/09","統一-南京",5,0,5
"31230","6207雷科","110/07/09","日盛-板橋",0,5,-5
"31231","3679新至陞","110/07/09","元大-大天母",10,0,10
"31232","3679新至陞","110/07/09","第一金-光復",0,11,-11
"31233","3679新至陞","110/07/09","日盛-樹林",9,0,9
"31234","3679新至陞","110/07/09","瑞士信貸",0,8,-8
"31235","3679新至陞","110/07/09","凱基-台北",11,2,9
"31236","3679新至陞","110/07/09","大慶-苗栗",0,5,-5
"31237","3679新至陞","110/07/09","華南永昌-小港",8,0,8
"31238","3679新至陞","110/07/09","元大-永春",0,5,-5
"31239","3679新至陞","110/07/09","兆豐-來福",7,0,7
"31240","3679新至陞","110/07/09","日盛-和美",0,4,-4
"31241","3679新至陞","110/07/09","香港上海匯豐",5,0,5
"31242","3679新至陞","110/07/09","元大-雙和",0,3,-3
"31243","3679新至陞","110/07/09","台中銀-員林",3,0,3
"31244","3679新至陞","110/07/09","永豐金-屏東",0,3,-3
"31245","3679新至陞","110/07/09","新光",3,0,3
"31246","3679新至陞","110/07/09","彰銀",0,2,-2
"31247","3679新至陞","110/07/09","土銀-花蓮",2,0,2
"31248","3679新至陞","110/07/09","宏遠-館前",0,2,-2
"31249","3679新至陞","110/07/09","第一金-澎湖",2,0,2
"31250","3679新至陞","110/07/09","港商野村",0,2,-2
"31251","3679新至陞","110/07/09","摩根大通",2,0,2
"31252","3679新至陞","110/07/09","大昌-新店",0,2,-2
"31253","3679新至陞","110/07/09","國泰-敦南",2,0,2
"31254","3679新至陞","110/07/09","元大-新莊",0,2,-2
"31255","3679新至陞","110/07/09","元大-淡水",4,2,2
"31256","3679新至陞","110/07/09","元大-板橋",0,2,-2
"31257","3679新至陞","110/07/09","日盛-士林",1,0,1
"31258","3679新至陞","110/07/09","台灣摩根士丹利",0,1,-1
"31259","3679新至陞","110/07/09","日盛-信義",1,0,1
"31260","3679新至陞","110/07/09","第一金-高雄",0,1,-1
"31261","2727王品","110/07/09","台灣匯立證券",90,0,90
"31262","2727王品","110/07/09","台灣摩根士丹利",0,267,-267
"31263","2727王品","110/07/09","國泰-敦南",166,84,82
"31264","2727王品","110/07/09","富邦-台北",35,299,-264
"31265","2727王品","110/07/09","富邦-仁愛",56,12,44
"31266","2727王品","110/07/09","凱基-台北",174,296,-122
"31267","2727王品","110/07/09","台新證券",109,66,43
"31268","2727王品","110/07/09","第一金",2,102,-100
"31269","2727王品","110/07/09","新光",117,87,30
"31270","2727王品","110/07/09","群益金鼎-大安",0,80,-80
"31271","2727王品","110/07/09","臺銀-臺中",35,6,29
"31272","2727王品","110/07/09","兆豐-大安",7,60,-53
"31273","2727王品","110/07/09","元大-桃園",32,3,29
"31274","2727王品","110/07/09","永豐金-南投",0,50,-50
"31275","2727王品","110/07/09","元富-宜蘭",34,6,28
"31276","2727王品","110/07/09","新加坡商瑞銀",6,46,-40
"31277","2727王品","110/07/09","玉山-台中",34,8,26
"31278","2727王品","110/07/09","合庫-彰化",11,50,-39
"31279","2727王品","110/07/09","群益金鼎-宜蘭",30,4,26
"31280","2727王品","110/07/09","永豐金-萬盛",13,52,-39
"31281","2727王品","110/07/09","富邦-台中",42,16,26
"31282","2727王品","110/07/09","瑞士信貸",0,34,-34
"31283","2727王品","110/07/09","第一金-豐原",25,1,24
"31284","2727王品","110/07/09","元大-和平",4,35,-31
"31285","2727王品","110/07/09","臺銀",30,8,22
"31286","2727王品","110/07/09","美林",14,44,-30
"31287","2727王品","110/07/09","兆豐-來福",23,1,22
"31288","2727王品","110/07/09","元大-員林",9,38,-29
"31289","2727王品","110/07/09","玉山-士林",22,2,20
"31290","2727王品","110/07/09","元富-西松",4,31,-27
"31291","1570力肯","110/07/09","凱基-台北",30,1,29
"31292","1570力肯","110/07/09","群益金鼎-彰化",0,20,-20
"31293","1570力肯","110/07/09","新光-台南",20,0,20
"31294","1570力肯","110/07/09","元大-土城學府",0,20,-20
"31295","1570力肯","110/07/09","元大-高雄",20,0,20
"31296","1570力肯","110/07/09","元大-大統",0,16,-16
"31297","1570力肯","110/07/09","國票-中正",12,0,12
"31298","1570力肯","110/07/09","元大-新營",0,11,-11
"31299","1570力肯","110/07/09","日盛-高雄",6,0,6
"31300","1570力肯","110/07/09","元大-和平",0,10,-10
"31301","1570力肯","110/07/09","元富-緯城",6,0,6
"31302","1570力肯","110/07/09","元大-草屯",0,10,-10
"31303","1570力肯","110/07/09","群益金鼎-台南",6,0,6
"31304","1570力肯","110/07/09","元大-鹿港",0,9,-9
"31305","1570力肯","110/07/09","華南永昌-岡山",6,0,6
"31306","1570力肯","110/07/09","合庫-基隆",0,7,-7
"31307","1570力肯","110/07/09","統一-中壢",5,0,5
"31308","1570力肯","110/07/09","摩根大通",2,8,-6
"31309","1570力肯","110/07/09","凱基-三峽",5,0,5
"31310","1570力肯","110/07/09","台灣企銀-豐原",0,4,-4
"31311","1570力肯","110/07/09","大昌-樹林",4,0,4
"31312","1570力肯","110/07/09","日盛-桃園",0,4,-4
"31313","1570力肯","110/07/09","新光",3,0,3
"31314","1570力肯","110/07/09","國泰-高雄",0,3,-3
"31315","1570力肯","110/07/09","富邦-新竹華信",3,0,3
"31316","1570力肯","110/07/09","永豐金-敦南",0,3,-3
"31317","1570力肯","110/07/09","合庫-台中",2,0,2
"31318","1570力肯","110/07/09","土銀-彰化",0,2,-2
"31319","1570力肯","110/07/09","臺銀-臺中",2,0,2
"31320","1570力肯","110/07/09","臺銀-鳳山",0,2,-2
"31321","6180橘子","110/07/09","摩根大通",63,1,62
"31322","6180橘子","110/07/09","元大-南京",1,32,-31
"31323","6180橘子","110/07/09","富邦-陽明",73,33,40
"31324","6180橘子","110/07/09","群益金鼎-台北",0,25,-25
"31325","6180橘子","110/07/09","新加坡商瑞銀",31,0,31
"31326","6180橘子","110/07/09","兆豐-復興",0,21,-21
"31327","6180橘子","110/07/09","美商高盛",25,0,25
"31328","6180橘子","110/07/09","永豐金-嘉義",0,21,-21
"31329","6180橘子","110/07/09","凱基-台北",26,10,16
"31330","6180橘子","110/07/09","凱基-中壢",8,24,-16
"31331","6180橘子","110/07/09","華南永昌-楠梓",13,0,13
"31332","6180橘子","110/07/09","致和-崇德",0,15,-15
"31333","6180橘子","110/07/09","華南永昌-朴子",11,0,11
"31334","6180橘子","110/07/09","群益金鼎-屏東",0,15,-15
"31335","6180橘子","110/07/09","元大-北港",11,0,11
"31336","6180橘子","110/07/09","群益金鼎-中山",0,15,-15
"31337","6180橘子","110/07/09","元大-成功",10,1,9
"31338","6180橘子","110/07/09","瑞士信貸",1,15,-14
"31339","6180橘子","110/07/09","新光",26,18,8
"31340","6180橘子","110/07/09","日盛-二林",0,10,-10
"31341","6180橘子","110/07/09","統一-三重",6,0,6
"31342","6180橘子","110/07/09","凱基-東門",0,10,-10
"31343","6180橘子","110/07/09","群益金鼎-嘉義",6,0,6
"31344","6180橘子","110/07/09","華南永昌-三重",0,10,-10
"31345","6180橘子","110/07/09","元大-員林中山",6,0,6
"31346","6180橘子","110/07/09","元大-彰化民生",1,11,-10
"31347","6180橘子","110/07/09","合庫-鳳山",5,0,5
"31348","6180橘子","110/07/09","永豐金-新店",1,11,-10
"31349","6180橘子","110/07/09","富邦-建國",6,1,5
"31350","6180橘子","110/07/09","群益金鼎-丹鳳",0,8,-8
"31351","2390云辰","110/07/09","摩根大通",279,56,223
"31352","2390云辰","110/07/09","元大-天母",0,127,-127
"31353","2390云辰","110/07/09","日盛-鳳山",110,2,108
"31354","2390云辰","110/07/09","中國信託-文心",5,109,-104
"31355","2390云辰","110/07/09","宏遠證券",100,0,100
"31356","2390云辰","110/07/09","永豐金-復興",0,55,-55
"31357","2390云辰","110/07/09","元大-大里",63,6,57
"31358","2390云辰","110/07/09","凱基-台北",239,286,-47
"31359","2390云辰","110/07/09","凱基-八德",59,10,49
"31360","2390云辰","110/07/09","德信",2,32,-30
"31361","2390云辰","110/07/09","合庫-新竹",40,0,40
"31362","2390云辰","110/07/09","兆豐-桃鶯",2,32,-30
"31363","2390云辰","110/07/09","國票",40,1,39
"31364","2390云辰","110/07/09","致和-南京",0,30,-30
"31365","2390云辰","110/07/09","新加坡商瑞銀",49,13,36
"31366","2390云辰","110/07/09","富邦-虎尾",1,31,-30
"31367","2390云辰","110/07/09","統一-新台中",36,2,34
"31368","2390云辰","110/07/09","元大-善化",2,31,-29
"31369","2390云辰","110/07/09","國票-嘉義",31,0,31
"31370","2390云辰","110/07/09","富邦-板橋",0,27,-27
"31371","2390云辰","110/07/09","華南永昌",35,7,28
"31372","2390云辰","110/07/09","富邦-永和",3,28,-25
"31373","2390云辰","110/07/09","玉山-台中",49,22,27
"31374","2390云辰","110/07/09","第一金-自由",20,44,-24
"31375","2390云辰","110/07/09","華南永昌-敦南",25,0,25
"31376","2390云辰","110/07/09","凱基-內湖",0,24,-24
"31377","2390云辰","110/07/09","新光-高雄",27,4,23
"31378","2390云辰","110/07/09","元大-汐止",1,24,-23
"31379","2390云辰","110/07/09","台灣摩根士丹利",85,63,22
"31380","2390云辰","110/07/09","新光-台中",12,33,-21
"31381","4903聯光通","110/07/09","元大-敦南",10,0,10
"31382","4903聯光通","110/07/09","第一金-台中",0,12,-12
"31383","4903聯光通","110/07/09","凱基-士林",5,0,5
"31384","4903聯光通","110/07/09","日盛-忠孝",0,3,-3
"31385","4903聯光通","110/07/09","元大-苗栗",5,0,5
"31386","4903聯光通","110/07/09","群益金鼎-崇德",0,3,-3
"31387","4903聯光通","110/07/09","元大-屏南",3,0,3
"31388","4903聯光通","110/07/09","國票-內壢",0,2,-2
"31389","4903聯光通","110/07/09","中國信託-永康",1,0,1
"31390","4903聯光通","110/07/09","康和-南崁",0,2,-2
"31391","4903聯光通","110/07/09","玉山證券",1,0,1
"31392","4903聯光通","110/07/09","新光-台中",0,2,-2
"31393","4903聯光通","110/07/09","元大-太平",4,3,1
"31394","4903聯光通","110/07/09","玉山-城中",0,2,-2
"31395","4903聯光通","110/07/09","永豐金-嘉義",1,0,1
"31396","4903聯光通","110/07/09","中國信託-文心",0,1,-1
"31397","4903聯光通","110/07/09","大昌",0,0,0
"31398","4903聯光通","110/07/09","大昌",0,0,0
"31399","4903聯光通","110/07/09","中農",0,0,0
"31400","4903聯光通","110/07/09","中農",0,0,0
"31401","4903聯光通","110/07/09","",NA,NA,NA
"31402","4903聯光通","110/07/09","",NA,NA,NA
"31403","4903聯光通","110/07/09","",NA,NA,NA
"31404","4903聯光通","110/07/09","",NA,NA,NA
"31405","4903聯光通","110/07/09","",NA,NA,NA
"31406","4903聯光通","110/07/09","",NA,NA,NA
"31407","4903聯光通","110/07/09","",NA,NA,NA
"31408","4903聯光通","110/07/09","",NA,NA,NA
"31409","4903聯光通","110/07/09","",NA,NA,NA
"31410","4903聯光通","110/07/09","",NA,NA,NA
"31411","2929淘帝","110/07/09","台中銀-台北",110,0,110
"31412","2929淘帝","110/07/09","新光",2,82,-80
"31413","2929淘帝","110/07/09","華南永昌-頭份",72,0,72
"31414","2929淘帝","110/07/09","摩根大通",2,63,-61
"31415","2929淘帝","110/07/09","合庫-高雄",71,0,71
"31416","2929淘帝","110/07/09","第一金-路竹",0,50,-50
"31417","2929淘帝","110/07/09","高橋-龍潭",37,0,37
"31418","2929淘帝","110/07/09","港商麥格理",0,42,-42
"31419","2929淘帝","110/07/09","新光-台中",60,26,34
"31420","2929淘帝","110/07/09","陽信-石牌",0,40,-40
"31421","2929淘帝","110/07/09","元富-大裕",22,1,21
"31422","2929淘帝","110/07/09","台新-左楠",1,39,-38
"31423","2929淘帝","110/07/09","合庫-鳳山",20,0,20
"31424","2929淘帝","110/07/09","凱基-桃園",3,29,-26
"31425","2929淘帝","110/07/09","元大-員林",22,2,20
"31426","2929淘帝","110/07/09","兆豐-內湖",0,25,-25
"31427","2929淘帝","110/07/09","台新-建北",15,0,15
"31428","2929淘帝","110/07/09","元大-北港",0,20,-20
"31429","2929淘帝","110/07/09","兆豐-桃園",13,0,13
"31430","2929淘帝","110/07/09","富邦-北港",0,19,-19
"31431","2929淘帝","110/07/09","兆豐-忠孝",10,0,10
"31432","2929淘帝","110/07/09","富邦-花蓮",0,17,-17
"31433","2929淘帝","110/07/09","國票-敦北法人",10,0,10
"31434","2929淘帝","110/07/09","國泰-台中",2,17,-15
"31435","2929淘帝","110/07/09","永豐金-博愛",10,0,10
"31436","2929淘帝","110/07/09","群益金鼎-彰化",0,15,-15
"31437","2929淘帝","110/07/09","群益金鼎-潭子",8,0,8
"31438","2929淘帝","110/07/09","元大-博愛",0,14,-14
"31439","2929淘帝","110/07/09","富邦-南屯",8,0,8
"31440","2929淘帝","110/07/09","日盛-板橋",0,13,-13
"31441","5410國眾","110/07/09","元大-新盛",14,0,14
"31442","5410國眾","110/07/09","(牛牛牛)亞-鑫豐",1,41,-40
"31443","5410國眾","110/07/09","台灣企銀-民雄",10,0,10
"31444","5410國眾","110/07/09","元富-嘉義",0,25,-25
"31445","5410國眾","110/07/09","元富-虎尾",9,0,9
"31446","5410國眾","110/07/09","凱基-高美館",0,10,-10
"31447","5410國眾","110/07/09","摩根大通",10,1,9
"31448","5410國眾","110/07/09","凱基-城中",0,10,-10
"31449","5410國眾","110/07/09","兆豐-北高雄",7,0,7
"31450","5410國眾","110/07/09","元大-頭份",0,10,-10
"31451","5410國眾","110/07/09","凱基-台北",8,1,7
"31452","5410國眾","110/07/09","群益金鼎-丹鳳",0,7,-7
"31453","5410國眾","110/07/09","華南永昌-公誠",7,0,7
"31454","5410國眾","110/07/09","凱基-復興",0,7,-7
"31455","5410國眾","110/07/09","香港上海匯豐",6,0,6
"31456","5410國眾","110/07/09","元大-員林",0,7,-7
"31457","5410國眾","110/07/09","凱基-中壢",6,0,6
"31458","5410國眾","110/07/09","富邦-竹東",0,6,-6
"31459","5410國眾","110/07/09","華南永昌-南京",6,0,6
"31460","5410國眾","110/07/09","亞東-高雄",0,5,-5
"31461","5410國眾","110/07/09","統一-三重",5,0,5
"31462","5410國眾","110/07/09","大慶-中壢",1,6,-5
"31463","5410國眾","110/07/09","富邦-宜蘭",5,0,5
"31464","5410國眾","110/07/09","群益金鼎-中港",0,5,-5
"31465","5410國眾","110/07/09","元大-崇德",5,0,5
"31466","5410國眾","110/07/09","元大-八德",0,5,-5
"31467","5410國眾","110/07/09","元大-博愛",5,0,5
"31468","5410國眾","110/07/09","富邦-基隆",0,4,-4
"31469","5410國眾","110/07/09","元大-龍潭",5,0,5
"31470","5410國眾","110/07/09","臺銀-新竹",0,3,-3
"31471","2841台開","110/07/09","日盛-雙和",102,0,102
"31472","2841台開","110/07/09","港商野村",0,129,-129
"31473","2841台開","110/07/09","元大-館前",70,0,70
"31474","2841台開","110/07/09","兆豐-永和",0,100,-100
"31475","2841台開","110/07/09","凱基-文心",50,0,50
"31476","2841台開","110/07/09","台新證券",7,28,-21
"31477","2841台開","110/07/09","富邦-嘉義",40,0,40
"31478","2841台開","110/07/09","國票-北高雄",0,20,-20
"31479","2841台開","110/07/09","美商高盛",15,0,15
"31480","2841台開","110/07/09","永豐金-敦南",29,46,-17
"31481","2841台開","110/07/09","台中銀",15,0,15
"31482","2841台開","110/07/09","合庫-基隆",0,12,-12
"31483","2841台開","110/07/09","新光",11,0,11
"31484","2841台開","110/07/09","中國信託-松江",0,12,-12
"31485","2841台開","110/07/09","華南永昌-長虹",10,0,10
"31486","2841台開","110/07/09","兆豐-城中",0,12,-12
"31487","2841台開","110/07/09","永豐金-南投",10,0,10
"31488","2841台開","110/07/09","台中銀-豐原",0,10,-10
"31489","2841台開","110/07/09","合庫-桃園",7,0,7
"31490","2841台開","110/07/09","兆豐-景美",0,10,-10
"31491","2841台開","110/07/09","群益金鼎-古亭",7,0,7
"31492","2841台開","110/07/09","群益金鼎-基隆",0,10,-10
"31493","2841台開","110/07/09","國泰-敦南",6,0,6
"31494","2841台開","110/07/09","元大-北三重",0,10,-10
"31495","2841台開","110/07/09","凱基-桃園",8,2,6
"31496","2841台開","110/07/09","(牛牛牛)亞-網路",0,9,-9
"31497","2841台開","110/07/09","日盛證券",5,0,5
"31498","2841台開","110/07/09","台新-高雄",1,10,-9
"31499","2841台開","110/07/09","元富-文心",5,0,5
"31500","2841台開","110/07/09","凱基-台北",0,7,-7
"31501","6207雷科","110/07/09","群益金鼎-新竹",47,0,47
"31502","6207雷科","110/07/09","新光",7,24,-17
"31503","6207雷科","110/07/09","永豐金-三重",31,0,31
"31504","6207雷科","110/07/09","日盛-和美",0,15,-15
"31505","6207雷科","110/07/09","新加坡商瑞銀",33,5,28
"31506","6207雷科","110/07/09","國泰-台南",0,15,-15
"31507","6207雷科","110/07/09","元大-高雄",26,0,26
"31508","6207雷科","110/07/09","華南永昌-古亭",0,14,-14
"31509","6207雷科","110/07/09","統一-員林",22,0,22
"31510","6207雷科","110/07/09","土銀-白河",0,11,-11
"31511","6207雷科","110/07/09","台新-高雄",22,0,22
"31512","6207雷科","110/07/09","日盛-台南",0,10,-10
"31513","6207雷科","110/07/09","摩根大通",34,17,17
"31514","6207雷科","110/07/09","元富-林園",0,10,-10
"31515","6207雷科","110/07/09","元大-博愛",17,1,16
"31516","6207雷科","110/07/09","富邦-園區",0,10,-10
"31517","6207雷科","110/07/09","日茂-埔里",12,0,12
"31518","6207雷科","110/07/09","元大-上新莊",0,10,-10
"31519","6207雷科","110/07/09","國泰-台中",17,6,11
"31520","6207雷科","110/07/09","永豐金-南京",0,10,-10
"31521","6207雷科","110/07/09","富邦-三重",10,0,10
"31522","6207雷科","110/07/09","兆豐-小港",0,6,-6
"31523","6207雷科","110/07/09","元大-沙鹿",10,0,10
"31524","6207雷科","110/07/09","富邦-羅東",1,7,-6
"31525","6207雷科","110/07/09","元大-八德",10,0,10
"31526","6207雷科","110/07/09","元大-土城永寧",0,6,-6
"31527","6207雷科","110/07/09","第一金-路竹",11,2,9
"31528","6207雷科","110/07/09","永豐金-板盛",0,6,-6
"31529","6207雷科","110/07/09","統一-南京",5,0,5
"31530","6207雷科","110/07/09","日盛-板橋",0,5,-5
"31531","3679新至陞","110/07/09","元大-大天母",10,0,10
"31532","3679新至陞","110/07/09","第一金-光復",0,11,-11
"31533","3679新至陞","110/07/09","日盛-樹林",9,0,9
"31534","3679新至陞","110/07/09","瑞士信貸",0,8,-8
"31535","3679新至陞","110/07/09","凱基-台北",11,2,9
"31536","3679新至陞","110/07/09","大慶-苗栗",0,5,-5
"31537","3679新至陞","110/07/09","華南永昌-小港",8,0,8
"31538","3679新至陞","110/07/09","元大-永春",0,5,-5
"31539","3679新至陞","110/07/09","兆豐-來福",7,0,7
"31540","3679新至陞","110/07/09","日盛-和美",0,4,-4
"31541","3679新至陞","110/07/09","香港上海匯豐",5,0,5
"31542","3679新至陞","110/07/09","元大-雙和",0,3,-3
"31543","3679新至陞","110/07/09","台中銀-員林",3,0,3
"31544","3679新至陞","110/07/09","永豐金-屏東",0,3,-3
"31545","3679新至陞","110/07/09","新光",3,0,3
"31546","3679新至陞","110/07/09","彰銀",0,2,-2
"31547","3679新至陞","110/07/09","土銀-花蓮",2,0,2
"31548","3679新至陞","110/07/09","宏遠-館前",0,2,-2
"31549","3679新至陞","110/07/09","第一金-澎湖",2,0,2
"31550","3679新至陞","110/07/09","港商野村",0,2,-2
"31551","3679新至陞","110/07/09","摩根大通",2,0,2
"31552","3679新至陞","110/07/09","大昌-新店",0,2,-2
"31553","3679新至陞","110/07/09","國泰-敦南",2,0,2
"31554","3679新至陞","110/07/09","元大-新莊",0,2,-2
"31555","3679新至陞","110/07/09","元大-淡水",4,2,2
"31556","3679新至陞","110/07/09","元大-板橋",0,2,-2
"31557","3679新至陞","110/07/09","日盛-士林",1,0,1
"31558","3679新至陞","110/07/09","台灣摩根士丹利",0,1,-1
"31559","3679新至陞","110/07/09","日盛-信義",1,0,1
"31560","3679新至陞","110/07/09","第一金-高雄",0,1,-1
"31561","2727王品","110/07/09","台灣匯立證券",90,0,90
"31562","2727王品","110/07/09","台灣摩根士丹利",0,267,-267
"31563","2727王品","110/07/09","國泰-敦南",166,84,82
"31564","2727王品","110/07/09","富邦-台北",35,299,-264
"31565","2727王品","110/07/09","富邦-仁愛",56,12,44
"31566","2727王品","110/07/09","凱基-台北",174,296,-122
"31567","2727王品","110/07/09","台新證券",109,66,43
"31568","2727王品","110/07/09","第一金",2,102,-100
"31569","2727王品","110/07/09","新光",117,87,30
"31570","2727王品","110/07/09","群益金鼎-大安",0,80,-80
"31571","2727王品","110/07/09","臺銀-臺中",35,6,29
"31572","2727王品","110/07/09","兆豐-大安",7,60,-53
"31573","2727王品","110/07/09","元大-桃園",32,3,29
"31574","2727王品","110/07/09","永豐金-南投",0,50,-50
"31575","2727王品","110/07/09","元富-宜蘭",34,6,28
"31576","2727王品","110/07/09","新加坡商瑞銀",6,46,-40
"31577","2727王品","110/07/09","玉山-台中",34,8,26
"31578","2727王品","110/07/09","合庫-彰化",11,50,-39
"31579","2727王品","110/07/09","群益金鼎-宜蘭",30,4,26
"31580","2727王品","110/07/09","永豐金-萬盛",13,52,-39
"31581","2727王品","110/07/09","富邦-台中",42,16,26
"31582","2727王品","110/07/09","瑞士信貸",0,34,-34
"31583","2727王品","110/07/09","第一金-豐原",25,1,24
"31584","2727王品","110/07/09","元大-和平",4,35,-31
"31585","2727王品","110/07/09","臺銀",30,8,22
"31586","2727王品","110/07/09","美林",14,44,-30
"31587","2727王品","110/07/09","兆豐-來福",23,1,22
"31588","2727王品","110/07/09","元大-員林",9,38,-29
"31589","2727王品","110/07/09","玉山-士林",22,2,20
"31590","2727王品","110/07/09","元富-西松",4,31,-27
"31591","1570力肯","110/07/09","凱基-台北",30,1,29
"31592","1570力肯","110/07/09","群益金鼎-彰化",0,20,-20
"31593","1570力肯","110/07/09","新光-台南",20,0,20
"31594","1570力肯","110/07/09","元大-土城學府",0,20,-20
"31595","1570力肯","110/07/09","元大-高雄",20,0,20
"31596","1570力肯","110/07/09","元大-大統",0,16,-16
"31597","1570力肯","110/07/09","國票-中正",12,0,12
"31598","1570力肯","110/07/09","元大-新營",0,11,-11
"31599","1570力肯","110/07/09","日盛-高雄",6,0,6
"31600","1570力肯","110/07/09","元大-和平",0,10,-10
"31601","1570力肯","110/07/09","元富-緯城",6,0,6
"31602","1570力肯","110/07/09","元大-草屯",0,10,-10
"31603","1570力肯","110/07/09","群益金鼎-台南",6,0,6
"31604","1570力肯","110/07/09","元大-鹿港",0,9,-9
"31605","1570力肯","110/07/09","華南永昌-岡山",6,0,6
"31606","1570力肯","110/07/09","合庫-基隆",0,7,-7
"31607","1570力肯","110/07/09","統一-中壢",5,0,5
"31608","1570力肯","110/07/09","摩根大通",2,8,-6
"31609","1570力肯","110/07/09","凱基-三峽",5,0,5
"31610","1570力肯","110/07/09","台灣企銀-豐原",0,4,-4
"31611","1570力肯","110/07/09","大昌-樹林",4,0,4
"31612","1570力肯","110/07/09","日盛-桃園",0,4,-4
"31613","1570力肯","110/07/09","新光",3,0,3
"31614","1570力肯","110/07/09","國泰-高雄",0,3,-3
"31615","1570力肯","110/07/09","富邦-新竹華信",3,0,3
"31616","1570力肯","110/07/09","永豐金-敦南",0,3,-3
"31617","1570力肯","110/07/09","合庫-台中",2,0,2
"31618","1570力肯","110/07/09","土銀-彰化",0,2,-2
"31619","1570力肯","110/07/09","臺銀-臺中",2,0,2
"31620","1570力肯","110/07/09","臺銀-鳳山",0,2,-2
"31621","6180橘子","110/07/09","摩根大通",63,1,62
"31622","6180橘子","110/07/09","元大-南京",1,32,-31
"31623","6180橘子","110/07/09","富邦-陽明",73,33,40
"31624","6180橘子","110/07/09","群益金鼎-台北",0,25,-25
"31625","6180橘子","110/07/09","新加坡商瑞銀",31,0,31
"31626","6180橘子","110/07/09","兆豐-復興",0,21,-21
"31627","6180橘子","110/07/09","美商高盛",25,0,25
"31628","6180橘子","110/07/09","永豐金-嘉義",0,21,-21
"31629","6180橘子","110/07/09","凱基-台北",26,10,16
"31630","6180橘子","110/07/09","凱基-中壢",8,24,-16
"31631","6180橘子","110/07/09","華南永昌-楠梓",13,0,13
"31632","6180橘子","110/07/09","致和-崇德",0,15,-15
"31633","6180橘子","110/07/09","華南永昌-朴子",11,0,11
"31634","6180橘子","110/07/09","群益金鼎-屏東",0,15,-15
"31635","6180橘子","110/07/09","元大-北港",11,0,11
"31636","6180橘子","110/07/09","群益金鼎-中山",0,15,-15
"31637","6180橘子","110/07/09","元大-成功",10,1,9
"31638","6180橘子","110/07/09","瑞士信貸",1,15,-14
"31639","6180橘子","110/07/09","新光",26,18,8
"31640","6180橘子","110/07/09","日盛-二林",0,10,-10
"31641","6180橘子","110/07/09","統一-三重",6,0,6
"31642","6180橘子","110/07/09","凱基-東門",0,10,-10
"31643","6180橘子","110/07/09","群益金鼎-嘉義",6,0,6
"31644","6180橘子","110/07/09","華南永昌-三重",0,10,-10
"31645","6180橘子","110/07/09","元大-員林中山",6,0,6
"31646","6180橘子","110/07/09","元大-彰化民生",1,11,-10
"31647","6180橘子","110/07/09","合庫-鳳山",5,0,5
"31648","6180橘子","110/07/09","永豐金-新店",1,11,-10
"31649","6180橘子","110/07/09","富邦-建國",6,1,5
"31650","6180橘子","110/07/09","群益金鼎-丹鳳",0,8,-8
"31651","2390云辰","110/07/09","摩根大通",279,56,223
"31652","2390云辰","110/07/09","元大-天母",0,127,-127
"31653","2390云辰","110/07/09","日盛-鳳山",110,2,108
"31654","2390云辰","110/07/09","中國信託-文心",5,109,-104
"31655","2390云辰","110/07/09","宏遠證券",100,0,100
"31656","2390云辰","110/07/09","永豐金-復興",0,55,-55
"31657","2390云辰","110/07/09","元大-大里",63,6,57
"31658","2390云辰","110/07/09","凱基-台北",239,286,-47
"31659","2390云辰","110/07/09","凱基-八德",59,10,49
"31660","2390云辰","110/07/09","德信",2,32,-30
"31661","2390云辰","110/07/09","合庫-新竹",40,0,40
"31662","2390云辰","110/07/09","兆豐-桃鶯",2,32,-30
"31663","2390云辰","110/07/09","國票",40,1,39
"31664","2390云辰","110/07/09","致和-南京",0,30,-30
"31665","2390云辰","110/07/09","新加坡商瑞銀",49,13,36
"31666","2390云辰","110/07/09","富邦-虎尾",1,31,-30
"31667","2390云辰","110/07/09","統一-新台中",36,2,34
"31668","2390云辰","110/07/09","元大-善化",2,31,-29
"31669","2390云辰","110/07/09","國票-嘉義",31,0,31
"31670","2390云辰","110/07/09","富邦-板橋",0,27,-27
"31671","2390云辰","110/07/09","華南永昌",35,7,28
"31672","2390云辰","110/07/09","富邦-永和",3,28,-25
"31673","2390云辰","110/07/09","玉山-台中",49,22,27
"31674","2390云辰","110/07/09","第一金-自由",20,44,-24
"31675","2390云辰","110/07/09","華南永昌-敦南",25,0,25
"31676","2390云辰","110/07/09","凱基-內湖",0,24,-24
"31677","2390云辰","110/07/09","新光-高雄",27,4,23
"31678","2390云辰","110/07/09","元大-汐止",1,24,-23
"31679","2390云辰","110/07/09","台灣摩根士丹利",85,63,22
"31680","2390云辰","110/07/09","新光-台中",12,33,-21
"31681","4903聯光通","110/07/09","元大-敦南",10,0,10
"31682","4903聯光通","110/07/09","第一金-台中",0,12,-12
"31683","4903聯光通","110/07/09","凱基-士林",5,0,5
"31684","4903聯光通","110/07/09","日盛-忠孝",0,3,-3
"31685","4903聯光通","110/07/09","元大-苗栗",5,0,5
"31686","4903聯光通","110/07/09","群益金鼎-崇德",0,3,-3
"31687","4903聯光通","110/07/09","元大-屏南",3,0,3
"31688","4903聯光通","110/07/09","國票-內壢",0,2,-2
"31689","4903聯光通","110/07/09","中國信託-永康",1,0,1
"31690","4903聯光通","110/07/09","康和-南崁",0,2,-2
"31691","4903聯光通","110/07/09","玉山證券",1,0,1
"31692","4903聯光通","110/07/09","新光-台中",0,2,-2
"31693","4903聯光通","110/07/09","元大-太平",4,3,1
"31694","4903聯光通","110/07/09","玉山-城中",0,2,-2
"31695","4903聯光通","110/07/09","永豐金-嘉義",1,0,1
"31696","4903聯光通","110/07/09","中國信託-文心",0,1,-1
"31697","4903聯光通","110/07/09","大昌",0,0,0
"31698","4903聯光通","110/07/09","大昌",0,0,0
"31699","4903聯光通","110/07/09","中農",0,0,0
"31700","4903聯光通","110/07/09","中農",0,0,0
"31701","4903聯光通","110/07/09","",NA,NA,NA
"31702","4903聯光通","110/07/09","",NA,NA,NA
"31703","4903聯光通","110/07/09","",NA,NA,NA
"31704","4903聯光通","110/07/09","",NA,NA,NA
"31705","4903聯光通","110/07/09","",NA,NA,NA
"31706","4903聯光通","110/07/09","",NA,NA,NA
"31707","4903聯光通","110/07/09","",NA,NA,NA
"31708","4903聯光通","110/07/09","",NA,NA,NA
"31709","4903聯光通","110/07/09","",NA,NA,NA
"31710","4903聯光通","110/07/09","",NA,NA,NA
"31711","2929淘帝","110/07/09","台中銀-台北",110,0,110
"31712","2929淘帝","110/07/09","新光",2,82,-80
"31713","2929淘帝","110/07/09","華南永昌-頭份",72,0,72
"31714","2929淘帝","110/07/09","摩根大通",2,63,-61
"31715","2929淘帝","110/07/09","合庫-高雄",71,0,71
"31716","2929淘帝","110/07/09","第一金-路竹",0,50,-50
"31717","2929淘帝","110/07/09","高橋-龍潭",37,0,37
"31718","2929淘帝","110/07/09","港商麥格理",0,42,-42
"31719","2929淘帝","110/07/09","新光-台中",60,26,34
"31720","2929淘帝","110/07/09","陽信-石牌",0,40,-40
"31721","2929淘帝","110/07/09","元富-大裕",22,1,21
"31722","2929淘帝","110/07/09","台新-左楠",1,39,-38
"31723","2929淘帝","110/07/09","合庫-鳳山",20,0,20
"31724","2929淘帝","110/07/09","凱基-桃園",3,29,-26
"31725","2929淘帝","110/07/09","元大-員林",22,2,20
"31726","2929淘帝","110/07/09","兆豐-內湖",0,25,-25
"31727","2929淘帝","110/07/09","台新-建北",15,0,15
"31728","2929淘帝","110/07/09","元大-北港",0,20,-20
"31729","2929淘帝","110/07/09","兆豐-桃園",13,0,13
"31730","2929淘帝","110/07/09","富邦-北港",0,19,-19
"31731","2929淘帝","110/07/09","兆豐-忠孝",10,0,10
"31732","2929淘帝","110/07/09","富邦-花蓮",0,17,-17
"31733","2929淘帝","110/07/09","國票-敦北法人",10,0,10
"31734","2929淘帝","110/07/09","國泰-台中",2,17,-15
"31735","2929淘帝","110/07/09","永豐金-博愛",10,0,10
"31736","2929淘帝","110/07/09","群益金鼎-彰化",0,15,-15
"31737","2929淘帝","110/07/09","群益金鼎-潭子",8,0,8
"31738","2929淘帝","110/07/09","元大-博愛",0,14,-14
"31739","2929淘帝","110/07/09","富邦-南屯",8,0,8
"31740","2929淘帝","110/07/09","日盛-板橋",0,13,-13
"31741","5410國眾","110/07/09","元大-新盛",14,0,14
"31742","5410國眾","110/07/09","(牛牛牛)亞-鑫豐",1,41,-40
"31743","5410國眾","110/07/09","台灣企銀-民雄",10,0,10
"31744","5410國眾","110/07/09","元富-嘉義",0,25,-25
"31745","5410國眾","110/07/09","元富-虎尾",9,0,9
"31746","5410國眾","110/07/09","凱基-高美館",0,10,-10
"31747","5410國眾","110/07/09","摩根大通",10,1,9
"31748","5410國眾","110/07/09","凱基-城中",0,10,-10
"31749","5410國眾","110/07/09","兆豐-北高雄",7,0,7
"31750","5410國眾","110/07/09","元大-頭份",0,10,-10
"31751","5410國眾","110/07/09","凱基-台北",8,1,7
"31752","5410國眾","110/07/09","群益金鼎-丹鳳",0,7,-7
"31753","5410國眾","110/07/09","華南永昌-公誠",7,0,7
"31754","5410國眾","110/07/09","凱基-復興",0,7,-7
"31755","5410國眾","110/07/09","香港上海匯豐",6,0,6
"31756","5410國眾","110/07/09","元大-員林",0,7,-7
"31757","5410國眾","110/07/09","凱基-中壢",6,0,6
"31758","5410國眾","110/07/09","富邦-竹東",0,6,-6
"31759","5410國眾","110/07/09","華南永昌-南京",6,0,6
"31760","5410國眾","110/07/09","亞東-高雄",0,5,-5
"31761","5410國眾","110/07/09","統一-三重",5,0,5
"31762","5410國眾","110/07/09","大慶-中壢",1,6,-5
"31763","5410國眾","110/07/09","富邦-宜蘭",5,0,5
"31764","5410國眾","110/07/09","群益金鼎-中港",0,5,-5
"31765","5410國眾","110/07/09","元大-崇德",5,0,5
"31766","5410國眾","110/07/09","元大-八德",0,5,-5
"31767","5410國眾","110/07/09","元大-博愛",5,0,5
"31768","5410國眾","110/07/09","富邦-基隆",0,4,-4
"31769","5410國眾","110/07/09","元大-龍潭",5,0,5
"31770","5410國眾","110/07/09","臺銀-新竹",0,3,-3
"31771","2841台開","110/07/09","日盛-雙和",102,0,102
"31772","2841台開","110/07/09","港商野村",0,129,-129
"31773","2841台開","110/07/09","元大-館前",70,0,70
"31774","2841台開","110/07/09","兆豐-永和",0,100,-100
"31775","2841台開","110/07/09","凱基-文心",50,0,50
"31776","2841台開","110/07/09","台新證券",7,28,-21
"31777","2841台開","110/07/09","富邦-嘉義",40,0,40
"31778","2841台開","110/07/09","國票-北高雄",0,20,-20
"31779","2841台開","110/07/09","美商高盛",15,0,15
"31780","2841台開","110/07/09","永豐金-敦南",29,46,-17
"31781","2841台開","110/07/09","台中銀",15,0,15
"31782","2841台開","110/07/09","合庫-基隆",0,12,-12
"31783","2841台開","110/07/09","新光",11,0,11
"31784","2841台開","110/07/09","中國信託-松江",0,12,-12
"31785","2841台開","110/07/09","華南永昌-長虹",10,0,10
"31786","2841台開","110/07/09","兆豐-城中",0,12,-12
"31787","2841台開","110/07/09","永豐金-南投",10,0,10
"31788","2841台開","110/07/09","台中銀-豐原",0,10,-10
"31789","2841台開","110/07/09","合庫-桃園",7,0,7
"31790","2841台開","110/07/09","兆豐-景美",0,10,-10
"31791","2841台開","110/07/09","群益金鼎-古亭",7,0,7
"31792","2841台開","110/07/09","群益金鼎-基隆",0,10,-10
"31793","2841台開","110/07/09","國泰-敦南",6,0,6
"31794","2841台開","110/07/09","元大-北三重",0,10,-10
"31795","2841台開","110/07/09","凱基-桃園",8,2,6
"31796","2841台開","110/07/09","(牛牛牛)亞-網路",0,9,-9
"31797","2841台開","110/07/09","日盛證券",5,0,5
"31798","2841台開","110/07/09","台新-高雄",1,10,-9
"31799","2841台開","110/07/09","元富-文心",5,0,5
"31800","2841台開","110/07/09","凱基-台北",0,7,-7
"31801","6207雷科","110/07/09","群益金鼎-新竹",47,0,47
"31802","6207雷科","110/07/09","新光",7,24,-17
"31803","6207雷科","110/07/09","永豐金-三重",31,0,31
"31804","6207雷科","110/07/09","日盛-和美",0,15,-15
"31805","6207雷科","110/07/09","新加坡商瑞銀",33,5,28
"31806","6207雷科","110/07/09","國泰-台南",0,15,-15
"31807","6207雷科","110/07/09","元大-高雄",26,0,26
"31808","6207雷科","110/07/09","華南永昌-古亭",0,14,-14
"31809","6207雷科","110/07/09","統一-員林",22,0,22
"31810","6207雷科","110/07/09","土銀-白河",0,11,-11
"31811","6207雷科","110/07/09","台新-高雄",22,0,22
"31812","6207雷科","110/07/09","日盛-台南",0,10,-10
"31813","6207雷科","110/07/09","摩根大通",34,17,17
"31814","6207雷科","110/07/09","元富-林園",0,10,-10
"31815","6207雷科","110/07/09","元大-博愛",17,1,16
"31816","6207雷科","110/07/09","富邦-園區",0,10,-10
"31817","6207雷科","110/07/09","日茂-埔里",12,0,12
"31818","6207雷科","110/07/09","元大-上新莊",0,10,-10
"31819","6207雷科","110/07/09","國泰-台中",17,6,11
"31820","6207雷科","110/07/09","永豐金-南京",0,10,-10
"31821","6207雷科","110/07/09","富邦-三重",10,0,10
"31822","6207雷科","110/07/09","兆豐-小港",0,6,-6
"31823","6207雷科","110/07/09","元大-沙鹿",10,0,10
"31824","6207雷科","110/07/09","富邦-羅東",1,7,-6
"31825","6207雷科","110/07/09","元大-八德",10,0,10
"31826","6207雷科","110/07/09","元大-土城永寧",0,6,-6
"31827","6207雷科","110/07/09","第一金-路竹",11,2,9
"31828","6207雷科","110/07/09","永豐金-板盛",0,6,-6
"31829","6207雷科","110/07/09","統一-南京",5,0,5
"31830","6207雷科","110/07/09","日盛-板橋",0,5,-5
"31831","3679新至陞","110/07/09","元大-大天母",10,0,10
"31832","3679新至陞","110/07/09","第一金-光復",0,11,-11
"31833","3679新至陞","110/07/09","日盛-樹林",9,0,9
"31834","3679新至陞","110/07/09","瑞士信貸",0,8,-8
"31835","3679新至陞","110/07/09","凱基-台北",11,2,9
"31836","3679新至陞","110/07/09","大慶-苗栗",0,5,-5
"31837","3679新至陞","110/07/09","華南永昌-小港",8,0,8
"31838","3679新至陞","110/07/09","元大-永春",0,5,-5
"31839","3679新至陞","110/07/09","兆豐-來福",7,0,7
"31840","3679新至陞","110/07/09","日盛-和美",0,4,-4
"31841","3679新至陞","110/07/09","香港上海匯豐",5,0,5
"31842","3679新至陞","110/07/09","元大-雙和",0,3,-3
"31843","3679新至陞","110/07/09","台中銀-員林",3,0,3
"31844","3679新至陞","110/07/09","永豐金-屏東",0,3,-3
"31845","3679新至陞","110/07/09","新光",3,0,3
"31846","3679新至陞","110/07/09","彰銀",0,2,-2
"31847","3679新至陞","110/07/09","土銀-花蓮",2,0,2
"31848","3679新至陞","110/07/09","宏遠-館前",0,2,-2
"31849","3679新至陞","110/07/09","第一金-澎湖",2,0,2
"31850","3679新至陞","110/07/09","港商野村",0,2,-2
"31851","3679新至陞","110/07/09","摩根大通",2,0,2
"31852","3679新至陞","110/07/09","大昌-新店",0,2,-2
"31853","3679新至陞","110/07/09","國泰-敦南",2,0,2
"31854","3679新至陞","110/07/09","元大-新莊",0,2,-2
"31855","3679新至陞","110/07/09","元大-淡水",4,2,2
"31856","3679新至陞","110/07/09","元大-板橋",0,2,-2
"31857","3679新至陞","110/07/09","日盛-士林",1,0,1
"31858","3679新至陞","110/07/09","台灣摩根士丹利",0,1,-1
"31859","3679新至陞","110/07/09","日盛-信義",1,0,1
"31860","3679新至陞","110/07/09","第一金-高雄",0,1,-1
"31861","2727王品","110/07/09","台灣匯立證券",90,0,90
"31862","2727王品","110/07/09","台灣摩根士丹利",0,267,-267
"31863","2727王品","110/07/09","國泰-敦南",166,84,82
"31864","2727王品","110/07/09","富邦-台北",35,299,-264
"31865","2727王品","110/07/09","富邦-仁愛",56,12,44
"31866","2727王品","110/07/09","凱基-台北",174,296,-122
"31867","2727王品","110/07/09","台新證券",109,66,43
"31868","2727王品","110/07/09","第一金",2,102,-100
"31869","2727王品","110/07/09","新光",117,87,30
"31870","2727王品","110/07/09","群益金鼎-大安",0,80,-80
"31871","2727王品","110/07/09","臺銀-臺中",35,6,29
"31872","2727王品","110/07/09","兆豐-大安",7,60,-53
"31873","2727王品","110/07/09","元大-桃園",32,3,29
"31874","2727王品","110/07/09","永豐金-南投",0,50,-50
"31875","2727王品","110/07/09","元富-宜蘭",34,6,28
"31876","2727王品","110/07/09","新加坡商瑞銀",6,46,-40
"31877","2727王品","110/07/09","玉山-台中",34,8,26
"31878","2727王品","110/07/09","合庫-彰化",11,50,-39
"31879","2727王品","110/07/09","群益金鼎-宜蘭",30,4,26
"31880","2727王品","110/07/09","永豐金-萬盛",13,52,-39
"31881","2727王品","110/07/09","富邦-台中",42,16,26
"31882","2727王品","110/07/09","瑞士信貸",0,34,-34
"31883","2727王品","110/07/09","第一金-豐原",25,1,24
"31884","2727王品","110/07/09","元大-和平",4,35,-31
"31885","2727王品","110/07/09","臺銀",30,8,22
"31886","2727王品","110/07/09","美林",14,44,-30
"31887","2727王品","110/07/09","兆豐-來福",23,1,22
"31888","2727王品","110/07/09","元大-員林",9,38,-29
"31889","2727王品","110/07/09","玉山-士林",22,2,20
"31890","2727王品","110/07/09","元富-西松",4,31,-27
"31891","1570力肯","110/07/09","凱基-台北",30,1,29
"31892","1570力肯","110/07/09","群益金鼎-彰化",0,20,-20
"31893","1570力肯","110/07/09","新光-台南",20,0,20
"31894","1570力肯","110/07/09","元大-土城學府",0,20,-20
"31895","1570力肯","110/07/09","元大-高雄",20,0,20
"31896","1570力肯","110/07/09","元大-大統",0,16,-16
"31897","1570力肯","110/07/09","國票-中正",12,0,12
"31898","1570力肯","110/07/09","元大-新營",0,11,-11
"31899","1570力肯","110/07/09","日盛-高雄",6,0,6
"31900","1570力肯","110/07/09","元大-和平",0,10,-10
"31901","1570力肯","110/07/09","元富-緯城",6,0,6
"31902","1570力肯","110/07/09","元大-草屯",0,10,-10
"31903","1570力肯","110/07/09","群益金鼎-台南",6,0,6
"31904","1570力肯","110/07/09","元大-鹿港",0,9,-9
"31905","1570力肯","110/07/09","華南永昌-岡山",6,0,6
"31906","1570力肯","110/07/09","合庫-基隆",0,7,-7
"31907","1570力肯","110/07/09","統一-中壢",5,0,5
"31908","1570力肯","110/07/09","摩根大通",2,8,-6
"31909","1570力肯","110/07/09","凱基-三峽",5,0,5
"31910","1570力肯","110/07/09","台灣企銀-豐原",0,4,-4
"31911","1570力肯","110/07/09","大昌-樹林",4,0,4
"31912","1570力肯","110/07/09","日盛-桃園",0,4,-4
"31913","1570力肯","110/07/09","新光",3,0,3
"31914","1570力肯","110/07/09","國泰-高雄",0,3,-3
"31915","1570力肯","110/07/09","富邦-新竹華信",3,0,3
"31916","1570力肯","110/07/09","永豐金-敦南",0,3,-3
"31917","1570力肯","110/07/09","合庫-台中",2,0,2
"31918","1570力肯","110/07/09","土銀-彰化",0,2,-2
"31919","1570力肯","110/07/09","臺銀-臺中",2,0,2
"31920","1570力肯","110/07/09","臺銀-鳳山",0,2,-2
"31921","6180橘子","110/07/09","摩根大通",63,1,62
"31922","6180橘子","110/07/09","元大-南京",1,32,-31
"31923","6180橘子","110/07/09","富邦-陽明",73,33,40
"31924","6180橘子","110/07/09","群益金鼎-台北",0,25,-25
"31925","6180橘子","110/07/09","新加坡商瑞銀",31,0,31
"31926","6180橘子","110/07/09","兆豐-復興",0,21,-21
"31927","6180橘子","110/07/09","美商高盛",25,0,25
"31928","6180橘子","110/07/09","永豐金-嘉義",0,21,-21
"31929","6180橘子","110/07/09","凱基-台北",26,10,16
"31930","6180橘子","110/07/09","凱基-中壢",8,24,-16
"31931","6180橘子","110/07/09","華南永昌-楠梓",13,0,13
"31932","6180橘子","110/07/09","致和-崇德",0,15,-15
"31933","6180橘子","110/07/09","華南永昌-朴子",11,0,11
"31934","6180橘子","110/07/09","群益金鼎-屏東",0,15,-15
"31935","6180橘子","110/07/09","元大-北港",11,0,11
"31936","6180橘子","110/07/09","群益金鼎-中山",0,15,-15
"31937","6180橘子","110/07/09","元大-成功",10,1,9
"31938","6180橘子","110/07/09","瑞士信貸",1,15,-14
"31939","6180橘子","110/07/09","新光",26,18,8
"31940","6180橘子","110/07/09","日盛-二林",0,10,-10
"31941","6180橘子","110/07/09","統一-三重",6,0,6
"31942","6180橘子","110/07/09","凱基-東門",0,10,-10
"31943","6180橘子","110/07/09","群益金鼎-嘉義",6,0,6
"31944","6180橘子","110/07/09","華南永昌-三重",0,10,-10
"31945","6180橘子","110/07/09","元大-員林中山",6,0,6
"31946","6180橘子","110/07/09","元大-彰化民生",1,11,-10
"31947","6180橘子","110/07/09","合庫-鳳山",5,0,5
"31948","6180橘子","110/07/09","永豐金-新店",1,11,-10
"31949","6180橘子","110/07/09","富邦-建國",6,1,5
"31950","6180橘子","110/07/09","群益金鼎-丹鳳",0,8,-8
"31951","2390云辰","110/07/09","摩根大通",279,56,223
"31952","2390云辰","110/07/09","元大-天母",0,127,-127
"31953","2390云辰","110/07/09","日盛-鳳山",110,2,108
"31954","2390云辰","110/07/09","中國信託-文心",5,109,-104
"31955","2390云辰","110/07/09","宏遠證券",100,0,100
"31956","2390云辰","110/07/09","永豐金-復興",0,55,-55
"31957","2390云辰","110/07/09","元大-大里",63,6,57
"31958","2390云辰","110/07/09","凱基-台北",239,286,-47
"31959","2390云辰","110/07/09","凱基-八德",59,10,49
"31960","2390云辰","110/07/09","德信",2,32,-30
"31961","2390云辰","110/07/09","合庫-新竹",40,0,40
"31962","2390云辰","110/07/09","兆豐-桃鶯",2,32,-30
"31963","2390云辰","110/07/09","國票",40,1,39
"31964","2390云辰","110/07/09","致和-南京",0,30,-30
"31965","2390云辰","110/07/09","新加坡商瑞銀",49,13,36
"31966","2390云辰","110/07/09","富邦-虎尾",1,31,-30
"31967","2390云辰","110/07/09","統一-新台中",36,2,34
"31968","2390云辰","110/07/09","元大-善化",2,31,-29
"31969","2390云辰","110/07/09","國票-嘉義",31,0,31
"31970","2390云辰","110/07/09","富邦-板橋",0,27,-27
"31971","2390云辰","110/07/09","華南永昌",35,7,28
"31972","2390云辰","110/07/09","富邦-永和",3,28,-25
"31973","2390云辰","110/07/09","玉山-台中",49,22,27
"31974","2390云辰","110/07/09","第一金-自由",20,44,-24
"31975","2390云辰","110/07/09","華南永昌-敦南",25,0,25
"31976","2390云辰","110/07/09","凱基-內湖",0,24,-24
"31977","2390云辰","110/07/09","新光-高雄",27,4,23
"31978","2390云辰","110/07/09","元大-汐止",1,24,-23
"31979","2390云辰","110/07/09","台灣摩根士丹利",85,63,22
"31980","2390云辰","110/07/09","新光-台中",12,33,-21
"31981","4903聯光通","110/07/09","元大-敦南",10,0,10
"31982","4903聯光通","110/07/09","第一金-台中",0,12,-12
"31983","4903聯光通","110/07/09","凱基-士林",5,0,5
"31984","4903聯光通","110/07/09","日盛-忠孝",0,3,-3
"31985","4903聯光通","110/07/09","元大-苗栗",5,0,5
"31986","4903聯光通","110/07/09","群益金鼎-崇德",0,3,-3
"31987","4903聯光通","110/07/09","元大-屏南",3,0,3
"31988","4903聯光通","110/07/09","國票-內壢",0,2,-2
"31989","4903聯光通","110/07/09","中國信託-永康",1,0,1
"31990","4903聯光通","110/07/09","康和-南崁",0,2,-2
"31991","4903聯光通","110/07/09","玉山證券",1,0,1
"31992","4903聯光通","110/07/09","新光-台中",0,2,-2
"31993","4903聯光通","110/07/09","元大-太平",4,3,1
"31994","4903聯光通","110/07/09","玉山-城中",0,2,-2
"31995","4903聯光通","110/07/09","永豐金-嘉義",1,0,1
"31996","4903聯光通","110/07/09","中國信託-文心",0,1,-1
"31997","4903聯光通","110/07/09","大昌",0,0,0
"31998","4903聯光通","110/07/09","大昌",0,0,0
"31999","4903聯光通","110/07/09","中農",0,0,0
"32000","4903聯光通","110/07/09","中農",0,0,0
"32001","4903聯光通","110/07/09","",NA,NA,NA
"32002","4903聯光通","110/07/09","",NA,NA,NA
"32003","4903聯光通","110/07/09","",NA,NA,NA
"32004","4903聯光通","110/07/09","",NA,NA,NA
"32005","4903聯光通","110/07/09","",NA,NA,NA
"32006","4903聯光通","110/07/09","",NA,NA,NA
"32007","4903聯光通","110/07/09","",NA,NA,NA
"32008","4903聯光通","110/07/09","",NA,NA,NA
"32009","4903聯光通","110/07/09","",NA,NA,NA
"32010","4903聯光通","110/07/09","",NA,NA,NA
"32011","2929淘帝","110/07/09","台中銀-台北",110,0,110
"32012","2929淘帝","110/07/09","新光",2,82,-80
"32013","2929淘帝","110/07/09","華南永昌-頭份",72,0,72
"32014","2929淘帝","110/07/09","摩根大通",2,63,-61
"32015","2929淘帝","110/07/09","合庫-高雄",71,0,71
"32016","2929淘帝","110/07/09","第一金-路竹",0,50,-50
"32017","2929淘帝","110/07/09","高橋-龍潭",37,0,37
"32018","2929淘帝","110/07/09","港商麥格理",0,42,-42
"32019","2929淘帝","110/07/09","新光-台中",60,26,34
"32020","2929淘帝","110/07/09","陽信-石牌",0,40,-40
"32021","2929淘帝","110/07/09","元富-大裕",22,1,21
"32022","2929淘帝","110/07/09","台新-左楠",1,39,-38
"32023","2929淘帝","110/07/09","合庫-鳳山",20,0,20
"32024","2929淘帝","110/07/09","凱基-桃園",3,29,-26
"32025","2929淘帝","110/07/09","元大-員林",22,2,20
"32026","2929淘帝","110/07/09","兆豐-內湖",0,25,-25
"32027","2929淘帝","110/07/09","台新-建北",15,0,15
"32028","2929淘帝","110/07/09","元大-北港",0,20,-20
"32029","2929淘帝","110/07/09","兆豐-桃園",13,0,13
"32030","2929淘帝","110/07/09","富邦-北港",0,19,-19
"32031","2929淘帝","110/07/09","兆豐-忠孝",10,0,10
"32032","2929淘帝","110/07/09","富邦-花蓮",0,17,-17
"32033","2929淘帝","110/07/09","國票-敦北法人",10,0,10
"32034","2929淘帝","110/07/09","國泰-台中",2,17,-15
"32035","2929淘帝","110/07/09","永豐金-博愛",10,0,10
"32036","2929淘帝","110/07/09","群益金鼎-彰化",0,15,-15
"32037","2929淘帝","110/07/09","群益金鼎-潭子",8,0,8
"32038","2929淘帝","110/07/09","元大-博愛",0,14,-14
"32039","2929淘帝","110/07/09","富邦-南屯",8,0,8
"32040","2929淘帝","110/07/09","日盛-板橋",0,13,-13
"32041","5410國眾","110/07/09","元大-新盛",14,0,14
"32042","5410國眾","110/07/09","(牛牛牛)亞-鑫豐",1,41,-40
"32043","5410國眾","110/07/09","台灣企銀-民雄",10,0,10
"32044","5410國眾","110/07/09","元富-嘉義",0,25,-25
"32045","5410國眾","110/07/09","元富-虎尾",9,0,9
"32046","5410國眾","110/07/09","凱基-高美館",0,10,-10
"32047","5410國眾","110/07/09","摩根大通",10,1,9
"32048","5410國眾","110/07/09","凱基-城中",0,10,-10
"32049","5410國眾","110/07/09","兆豐-北高雄",7,0,7
"32050","5410國眾","110/07/09","元大-頭份",0,10,-10
"32051","5410國眾","110/07/09","凱基-台北",8,1,7
"32052","5410國眾","110/07/09","群益金鼎-丹鳳",0,7,-7
"32053","5410國眾","110/07/09","華南永昌-公誠",7,0,7
"32054","5410國眾","110/07/09","凱基-復興",0,7,-7
"32055","5410國眾","110/07/09","香港上海匯豐",6,0,6
"32056","5410國眾","110/07/09","元大-員林",0,7,-7
"32057","5410國眾","110/07/09","凱基-中壢",6,0,6
"32058","5410國眾","110/07/09","富邦-竹東",0,6,-6
"32059","5410國眾","110/07/09","華南永昌-南京",6,0,6
"32060","5410國眾","110/07/09","亞東-高雄",0,5,-5
"32061","5410國眾","110/07/09","統一-三重",5,0,5
"32062","5410國眾","110/07/09","大慶-中壢",1,6,-5
"32063","5410國眾","110/07/09","富邦-宜蘭",5,0,5
"32064","5410國眾","110/07/09","群益金鼎-中港",0,5,-5
"32065","5410國眾","110/07/09","元大-崇德",5,0,5
"32066","5410國眾","110/07/09","元大-八德",0,5,-5
"32067","5410國眾","110/07/09","元大-博愛",5,0,5
"32068","5410國眾","110/07/09","富邦-基隆",0,4,-4
"32069","5410國眾","110/07/09","元大-龍潭",5,0,5
"32070","5410國眾","110/07/09","臺銀-新竹",0,3,-3
"32071","2841台開","110/07/09","日盛-雙和",102,0,102
"32072","2841台開","110/07/09","港商野村",0,129,-129
"32073","2841台開","110/07/09","元大-館前",70,0,70
"32074","2841台開","110/07/09","兆豐-永和",0,100,-100
"32075","2841台開","110/07/09","凱基-文心",50,0,50
"32076","2841台開","110/07/09","台新證券",7,28,-21
"32077","2841台開","110/07/09","富邦-嘉義",40,0,40
"32078","2841台開","110/07/09","國票-北高雄",0,20,-20
"32079","2841台開","110/07/09","美商高盛",15,0,15
"32080","2841台開","110/07/09","永豐金-敦南",29,46,-17
"32081","2841台開","110/07/09","台中銀",15,0,15
"32082","2841台開","110/07/09","合庫-基隆",0,12,-12
"32083","2841台開","110/07/09","新光",11,0,11
"32084","2841台開","110/07/09","中國信託-松江",0,12,-12
"32085","2841台開","110/07/09","華南永昌-長虹",10,0,10
"32086","2841台開","110/07/09","兆豐-城中",0,12,-12
"32087","2841台開","110/07/09","永豐金-南投",10,0,10
"32088","2841台開","110/07/09","台中銀-豐原",0,10,-10
"32089","2841台開","110/07/09","合庫-桃園",7,0,7
"32090","2841台開","110/07/09","兆豐-景美",0,10,-10
"32091","2841台開","110/07/09","群益金鼎-古亭",7,0,7
"32092","2841台開","110/07/09","群益金鼎-基隆",0,10,-10
"32093","2841台開","110/07/09","國泰-敦南",6,0,6
"32094","2841台開","110/07/09","元大-北三重",0,10,-10
"32095","2841台開","110/07/09","凱基-桃園",8,2,6
"32096","2841台開","110/07/09","(牛牛牛)亞-網路",0,9,-9
"32097","2841台開","110/07/09","日盛證券",5,0,5
"32098","2841台開","110/07/09","台新-高雄",1,10,-9
"32099","2841台開","110/07/09","元富-文心",5,0,5
"32100","2841台開","110/07/09","凱基-台北",0,7,-7
"32101","6207雷科","110/07/09","群益金鼎-新竹",47,0,47
"32102","6207雷科","110/07/09","新光",7,24,-17
"32103","6207雷科","110/07/09","永豐金-三重",31,0,31
"32104","6207雷科","110/07/09","日盛-和美",0,15,-15
"32105","6207雷科","110/07/09","新加坡商瑞銀",33,5,28
"32106","6207雷科","110/07/09","國泰-台南",0,15,-15
"32107","6207雷科","110/07/09","元大-高雄",26,0,26
"32108","6207雷科","110/07/09","華南永昌-古亭",0,14,-14
"32109","6207雷科","110/07/09","統一-員林",22,0,22
"32110","6207雷科","110/07/09","土銀-白河",0,11,-11
"32111","6207雷科","110/07/09","台新-高雄",22,0,22
"32112","6207雷科","110/07/09","日盛-台南",0,10,-10
"32113","6207雷科","110/07/09","摩根大通",34,17,17
"32114","6207雷科","110/07/09","元富-林園",0,10,-10
"32115","6207雷科","110/07/09","元大-博愛",17,1,16
"32116","6207雷科","110/07/09","富邦-園區",0,10,-10
"32117","6207雷科","110/07/09","日茂-埔里",12,0,12
"32118","6207雷科","110/07/09","元大-上新莊",0,10,-10
"32119","6207雷科","110/07/09","國泰-台中",17,6,11
"32120","6207雷科","110/07/09","永豐金-南京",0,10,-10
"32121","6207雷科","110/07/09","富邦-三重",10,0,10
"32122","6207雷科","110/07/09","兆豐-小港",0,6,-6
"32123","6207雷科","110/07/09","元大-沙鹿",10,0,10
"32124","6207雷科","110/07/09","富邦-羅東",1,7,-6
"32125","6207雷科","110/07/09","元大-八德",10,0,10
"32126","6207雷科","110/07/09","元大-土城永寧",0,6,-6
"32127","6207雷科","110/07/09","第一金-路竹",11,2,9
"32128","6207雷科","110/07/09","永豐金-板盛",0,6,-6
"32129","6207雷科","110/07/09","統一-南京",5,0,5
"32130","6207雷科","110/07/09","日盛-板橋",0,5,-5
"32131","3679新至陞","110/07/09","元大-大天母",10,0,10
"32132","3679新至陞","110/07/09","第一金-光復",0,11,-11
"32133","3679新至陞","110/07/09","日盛-樹林",9,0,9
"32134","3679新至陞","110/07/09","瑞士信貸",0,8,-8
"32135","3679新至陞","110/07/09","凱基-台北",11,2,9
"32136","3679新至陞","110/07/09","大慶-苗栗",0,5,-5
"32137","3679新至陞","110/07/09","華南永昌-小港",8,0,8
"32138","3679新至陞","110/07/09","元大-永春",0,5,-5
"32139","3679新至陞","110/07/09","兆豐-來福",7,0,7
"32140","3679新至陞","110/07/09","日盛-和美",0,4,-4
"32141","3679新至陞","110/07/09","香港上海匯豐",5,0,5
"32142","3679新至陞","110/07/09","元大-雙和",0,3,-3
"32143","3679新至陞","110/07/09","台中銀-員林",3,0,3
"32144","3679新至陞","110/07/09","永豐金-屏東",0,3,-3
"32145","3679新至陞","110/07/09","新光",3,0,3
"32146","3679新至陞","110/07/09","彰銀",0,2,-2
"32147","3679新至陞","110/07/09","土銀-花蓮",2,0,2
"32148","3679新至陞","110/07/09","宏遠-館前",0,2,-2
"32149","3679新至陞","110/07/09","第一金-澎湖",2,0,2
"32150","3679新至陞","110/07/09","港商野村",0,2,-2
"32151","3679新至陞","110/07/09","摩根大通",2,0,2
"32152","3679新至陞","110/07/09","大昌-新店",0,2,-2
"32153","3679新至陞","110/07/09","國泰-敦南",2,0,2
"32154","3679新至陞","110/07/09","元大-新莊",0,2,-2
"32155","3679新至陞","110/07/09","元大-淡水",4,2,2
"32156","3679新至陞","110/07/09","元大-板橋",0,2,-2
"32157","3679新至陞","110/07/09","日盛-士林",1,0,1
"32158","3679新至陞","110/07/09","台灣摩根士丹利",0,1,-1
"32159","3679新至陞","110/07/09","日盛-信義",1,0,1
"32160","3679新至陞","110/07/09","第一金-高雄",0,1,-1
"32161","2727王品","110/07/09","台灣匯立證券",90,0,90
"32162","2727王品","110/07/09","台灣摩根士丹利",0,267,-267
"32163","2727王品","110/07/09","國泰-敦南",166,84,82
"32164","2727王品","110/07/09","富邦-台北",35,299,-264
"32165","2727王品","110/07/09","富邦-仁愛",56,12,44
"32166","2727王品","110/07/09","凱基-台北",174,296,-122
"32167","2727王品","110/07/09","台新證券",109,66,43
"32168","2727王品","110/07/09","第一金",2,102,-100
"32169","2727王品","110/07/09","新光",117,87,30
"32170","2727王品","110/07/09","群益金鼎-大安",0,80,-80
"32171","2727王品","110/07/09","臺銀-臺中",35,6,29
"32172","2727王品","110/07/09","兆豐-大安",7,60,-53
"32173","2727王品","110/07/09","元大-桃園",32,3,29
"32174","2727王品","110/07/09","永豐金-南投",0,50,-50
"32175","2727王品","110/07/09","元富-宜蘭",34,6,28
"32176","2727王品","110/07/09","新加坡商瑞銀",6,46,-40
"32177","2727王品","110/07/09","玉山-台中",34,8,26
"32178","2727王品","110/07/09","合庫-彰化",11,50,-39
"32179","2727王品","110/07/09","群益金鼎-宜蘭",30,4,26
"32180","2727王品","110/07/09","永豐金-萬盛",13,52,-39
"32181","2727王品","110/07/09","富邦-台中",42,16,26
"32182","2727王品","110/07/09","瑞士信貸",0,34,-34
"32183","2727王品","110/07/09","第一金-豐原",25,1,24
"32184","2727王品","110/07/09","元大-和平",4,35,-31
"32185","2727王品","110/07/09","臺銀",30,8,22
"32186","2727王品","110/07/09","美林",14,44,-30
"32187","2727王品","110/07/09","兆豐-來福",23,1,22
"32188","2727王品","110/07/09","元大-員林",9,38,-29
"32189","2727王品","110/07/09","玉山-士林",22,2,20
"32190","2727王品","110/07/09","元富-西松",4,31,-27
"32191","1570力肯","110/07/09","凱基-台北",30,1,29
"32192","1570力肯","110/07/09","群益金鼎-彰化",0,20,-20
"32193","1570力肯","110/07/09","新光-台南",20,0,20
"32194","1570力肯","110/07/09","元大-土城學府",0,20,-20
"32195","1570力肯","110/07/09","元大-高雄",20,0,20
"32196","1570力肯","110/07/09","元大-大統",0,16,-16
"32197","1570力肯","110/07/09","國票-中正",12,0,12
"32198","1570力肯","110/07/09","元大-新營",0,11,-11
"32199","1570力肯","110/07/09","日盛-高雄",6,0,6
"32200","1570力肯","110/07/09","元大-和平",0,10,-10
"32201","1570力肯","110/07/09","元富-緯城",6,0,6
"32202","1570力肯","110/07/09","元大-草屯",0,10,-10
"32203","1570力肯","110/07/09","群益金鼎-台南",6,0,6
"32204","1570力肯","110/07/09","元大-鹿港",0,9,-9
"32205","1570力肯","110/07/09","華南永昌-岡山",6,0,6
"32206","1570力肯","110/07/09","合庫-基隆",0,7,-7
"32207","1570力肯","110/07/09","統一-中壢",5,0,5
"32208","1570力肯","110/07/09","摩根大通",2,8,-6
"32209","1570力肯","110/07/09","凱基-三峽",5,0,5
"32210","1570力肯","110/07/09","台灣企銀-豐原",0,4,-4
"32211","1570力肯","110/07/09","大昌-樹林",4,0,4
"32212","1570力肯","110/07/09","日盛-桃園",0,4,-4
"32213","1570力肯","110/07/09","新光",3,0,3
"32214","1570力肯","110/07/09","國泰-高雄",0,3,-3
"32215","1570力肯","110/07/09","富邦-新竹華信",3,0,3
"32216","1570力肯","110/07/09","永豐金-敦南",0,3,-3
"32217","1570力肯","110/07/09","合庫-台中",2,0,2
"32218","1570力肯","110/07/09","土銀-彰化",0,2,-2
"32219","1570力肯","110/07/09","臺銀-臺中",2,0,2
"32220","1570力肯","110/07/09","臺銀-鳳山",0,2,-2
"32221","6180橘子","110/07/09","摩根大通",63,1,62
"32222","6180橘子","110/07/09","元大-南京",1,32,-31
"32223","6180橘子","110/07/09","富邦-陽明",73,33,40
"32224","6180橘子","110/07/09","群益金鼎-台北",0,25,-25
"32225","6180橘子","110/07/09","新加坡商瑞銀",31,0,31
"32226","6180橘子","110/07/09","兆豐-復興",0,21,-21
"32227","6180橘子","110/07/09","美商高盛",25,0,25
"32228","6180橘子","110/07/09","永豐金-嘉義",0,21,-21
"32229","6180橘子","110/07/09","凱基-台北",26,10,16
"32230","6180橘子","110/07/09","凱基-中壢",8,24,-16
"32231","6180橘子","110/07/09","華南永昌-楠梓",13,0,13
"32232","6180橘子","110/07/09","致和-崇德",0,15,-15
"32233","6180橘子","110/07/09","華南永昌-朴子",11,0,11
"32234","6180橘子","110/07/09","群益金鼎-屏東",0,15,-15
"32235","6180橘子","110/07/09","元大-北港",11,0,11
"32236","6180橘子","110/07/09","群益金鼎-中山",0,15,-15
"32237","6180橘子","110/07/09","元大-成功",10,1,9
"32238","6180橘子","110/07/09","瑞士信貸",1,15,-14
"32239","6180橘子","110/07/09","新光",26,18,8
"32240","6180橘子","110/07/09","日盛-二林",0,10,-10
"32241","6180橘子","110/07/09","統一-三重",6,0,6
"32242","6180橘子","110/07/09","凱基-東門",0,10,-10
"32243","6180橘子","110/07/09","群益金鼎-嘉義",6,0,6
"32244","6180橘子","110/07/09","華南永昌-三重",0,10,-10
"32245","6180橘子","110/07/09","元大-員林中山",6,0,6
"32246","6180橘子","110/07/09","元大-彰化民生",1,11,-10
"32247","6180橘子","110/07/09","合庫-鳳山",5,0,5
"32248","6180橘子","110/07/09","永豐金-新店",1,11,-10
"32249","6180橘子","110/07/09","富邦-建國",6,1,5
"32250","6180橘子","110/07/09","群益金鼎-丹鳳",0,8,-8
"32251","2390云辰","110/07/09","摩根大通",279,56,223
"32252","2390云辰","110/07/09","元大-天母",0,127,-127
"32253","2390云辰","110/07/09","日盛-鳳山",110,2,108
"32254","2390云辰","110/07/09","中國信託-文心",5,109,-104
"32255","2390云辰","110/07/09","宏遠證券",100,0,100
"32256","2390云辰","110/07/09","永豐金-復興",0,55,-55
"32257","2390云辰","110/07/09","元大-大里",63,6,57
"32258","2390云辰","110/07/09","凱基-台北",239,286,-47
"32259","2390云辰","110/07/09","凱基-八德",59,10,49
"32260","2390云辰","110/07/09","德信",2,32,-30
"32261","2390云辰","110/07/09","合庫-新竹",40,0,40
"32262","2390云辰","110/07/09","兆豐-桃鶯",2,32,-30
"32263","2390云辰","110/07/09","國票",40,1,39
"32264","2390云辰","110/07/09","致和-南京",0,30,-30
"32265","2390云辰","110/07/09","新加坡商瑞銀",49,13,36
"32266","2390云辰","110/07/09","富邦-虎尾",1,31,-30
"32267","2390云辰","110/07/09","統一-新台中",36,2,34
"32268","2390云辰","110/07/09","元大-善化",2,31,-29
"32269","2390云辰","110/07/09","國票-嘉義",31,0,31
"32270","2390云辰","110/07/09","富邦-板橋",0,27,-27
"32271","2390云辰","110/07/09","華南永昌",35,7,28
"32272","2390云辰","110/07/09","富邦-永和",3,28,-25
"32273","2390云辰","110/07/09","玉山-台中",49,22,27
"32274","2390云辰","110/07/09","第一金-自由",20,44,-24
"32275","2390云辰","110/07/09","華南永昌-敦南",25,0,25
"32276","2390云辰","110/07/09","凱基-內湖",0,24,-24
"32277","2390云辰","110/07/09","新光-高雄",27,4,23
"32278","2390云辰","110/07/09","元大-汐止",1,24,-23
"32279","2390云辰","110/07/09","台灣摩根士丹利",85,63,22
"32280","2390云辰","110/07/09","新光-台中",12,33,-21
"32281","4903聯光通","110/07/09","元大-敦南",10,0,10
"32282","4903聯光通","110/07/09","第一金-台中",0,12,-12
"32283","4903聯光通","110/07/09","凱基-士林",5,0,5
"32284","4903聯光通","110/07/09","日盛-忠孝",0,3,-3
"32285","4903聯光通","110/07/09","元大-苗栗",5,0,5
"32286","4903聯光通","110/07/09","群益金鼎-崇德",0,3,-3
"32287","4903聯光通","110/07/09","元大-屏南",3,0,3
"32288","4903聯光通","110/07/09","國票-內壢",0,2,-2
"32289","4903聯光通","110/07/09","中國信託-永康",1,0,1
"32290","4903聯光通","110/07/09","康和-南崁",0,2,-2
"32291","4903聯光通","110/07/09","玉山證券",1,0,1
"32292","4903聯光通","110/07/09","新光-台中",0,2,-2
"32293","4903聯光通","110/07/09","元大-太平",4,3,1
"32294","4903聯光通","110/07/09","玉山-城中",0,2,-2
"32295","4903聯光通","110/07/09","永豐金-嘉義",1,0,1
"32296","4903聯光通","110/07/09","中國信託-文心",0,1,-1
"32297","4903聯光通","110/07/09","大昌",0,0,0
"32298","4903聯光通","110/07/09","大昌",0,0,0
"32299","4903聯光通","110/07/09","中農",0,0,0
"32300","4903聯光通","110/07/09","中農",0,0,0
"32301","4903聯光通","110/07/09","",NA,NA,NA
"32302","4903聯光通","110/07/09","",NA,NA,NA
"32303","4903聯光通","110/07/09","",NA,NA,NA
"32304","4903聯光通","110/07/09","",NA,NA,NA
"32305","4903聯光通","110/07/09","",NA,NA,NA
"32306","4903聯光通","110/07/09","",NA,NA,NA
"32307","4903聯光通","110/07/09","",NA,NA,NA
"32308","4903聯光通","110/07/09","",NA,NA,NA
"32309","4903聯光通","110/07/09","",NA,NA,NA
"32310","4903聯光通","110/07/09","",NA,NA,NA
"32311","2929淘帝","110/07/09","台中銀-台北",110,0,110
"32312","2929淘帝","110/07/09","新光",2,82,-80
"32313","2929淘帝","110/07/09","華南永昌-頭份",72,0,72
"32314","2929淘帝","110/07/09","摩根大通",2,63,-61
"32315","2929淘帝","110/07/09","合庫-高雄",71,0,71
"32316","2929淘帝","110/07/09","第一金-路竹",0,50,-50
"32317","2929淘帝","110/07/09","高橋-龍潭",37,0,37
"32318","2929淘帝","110/07/09","港商麥格理",0,42,-42
"32319","2929淘帝","110/07/09","新光-台中",60,26,34
"32320","2929淘帝","110/07/09","陽信-石牌",0,40,-40
"32321","2929淘帝","110/07/09","元富-大裕",22,1,21
"32322","2929淘帝","110/07/09","台新-左楠",1,39,-38
"32323","2929淘帝","110/07/09","合庫-鳳山",20,0,20
"32324","2929淘帝","110/07/09","凱基-桃園",3,29,-26
"32325","2929淘帝","110/07/09","元大-員林",22,2,20
"32326","2929淘帝","110/07/09","兆豐-內湖",0,25,-25
"32327","2929淘帝","110/07/09","台新-建北",15,0,15
"32328","2929淘帝","110/07/09","元大-北港",0,20,-20
"32329","2929淘帝","110/07/09","兆豐-桃園",13,0,13
"32330","2929淘帝","110/07/09","富邦-北港",0,19,-19
"32331","2929淘帝","110/07/09","兆豐-忠孝",10,0,10
"32332","2929淘帝","110/07/09","富邦-花蓮",0,17,-17
"32333","2929淘帝","110/07/09","國票-敦北法人",10,0,10
"32334","2929淘帝","110/07/09","國泰-台中",2,17,-15
"32335","2929淘帝","110/07/09","永豐金-博愛",10,0,10
"32336","2929淘帝","110/07/09","群益金鼎-彰化",0,15,-15
"32337","2929淘帝","110/07/09","群益金鼎-潭子",8,0,8
"32338","2929淘帝","110/07/09","元大-博愛",0,14,-14
"32339","2929淘帝","110/07/09","富邦-南屯",8,0,8
"32340","2929淘帝","110/07/09","日盛-板橋",0,13,-13
"32341","5410國眾","110/07/09","元大-新盛",14,0,14
"32342","5410國眾","110/07/09","(牛牛牛)亞-鑫豐",1,41,-40
"32343","5410國眾","110/07/09","台灣企銀-民雄",10,0,10
"32344","5410國眾","110/07/09","元富-嘉義",0,25,-25
"32345","5410國眾","110/07/09","元富-虎尾",9,0,9
"32346","5410國眾","110/07/09","凱基-高美館",0,10,-10
"32347","5410國眾","110/07/09","摩根大通",10,1,9
"32348","5410國眾","110/07/09","凱基-城中",0,10,-10
"32349","5410國眾","110/07/09","兆豐-北高雄",7,0,7
"32350","5410國眾","110/07/09","元大-頭份",0,10,-10
"32351","5410國眾","110/07/09","凱基-台北",8,1,7
"32352","5410國眾","110/07/09","群益金鼎-丹鳳",0,7,-7
"32353","5410國眾","110/07/09","華南永昌-公誠",7,0,7
"32354","5410國眾","110/07/09","凱基-復興",0,7,-7
"32355","5410國眾","110/07/09","香港上海匯豐",6,0,6
"32356","5410國眾","110/07/09","元大-員林",0,7,-7
"32357","5410國眾","110/07/09","凱基-中壢",6,0,6
"32358","5410國眾","110/07/09","富邦-竹東",0,6,-6
"32359","5410國眾","110/07/09","華南永昌-南京",6,0,6
"32360","5410國眾","110/07/09","亞東-高雄",0,5,-5
"32361","5410國眾","110/07/09","統一-三重",5,0,5
"32362","5410國眾","110/07/09","大慶-中壢",1,6,-5
"32363","5410國眾","110/07/09","富邦-宜蘭",5,0,5
"32364","5410國眾","110/07/09","群益金鼎-中港",0,5,-5
"32365","5410國眾","110/07/09","元大-崇德",5,0,5
"32366","5410國眾","110/07/09","元大-八德",0,5,-5
"32367","5410國眾","110/07/09","元大-博愛",5,0,5
"32368","5410國眾","110/07/09","富邦-基隆",0,4,-4
"32369","5410國眾","110/07/09","元大-龍潭",5,0,5
"32370","5410國眾","110/07/09","臺銀-新竹",0,3,-3
"32371","2841台開","110/07/09","日盛-雙和",102,0,102
"32372","2841台開","110/07/09","港商野村",0,129,-129
"32373","2841台開","110/07/09","元大-館前",70,0,70
"32374","2841台開","110/07/09","兆豐-永和",0,100,-100
"32375","2841台開","110/07/09","凱基-文心",50,0,50
"32376","2841台開","110/07/09","台新證券",7,28,-21
"32377","2841台開","110/07/09","富邦-嘉義",40,0,40
"32378","2841台開","110/07/09","國票-北高雄",0,20,-20
"32379","2841台開","110/07/09","美商高盛",15,0,15
"32380","2841台開","110/07/09","永豐金-敦南",29,46,-17
"32381","2841台開","110/07/09","台中銀",15,0,15
"32382","2841台開","110/07/09","合庫-基隆",0,12,-12
"32383","2841台開","110/07/09","新光",11,0,11
"32384","2841台開","110/07/09","中國信託-松江",0,12,-12
"32385","2841台開","110/07/09","華南永昌-長虹",10,0,10
"32386","2841台開","110/07/09","兆豐-城中",0,12,-12
"32387","2841台開","110/07/09","永豐金-南投",10,0,10
"32388","2841台開","110/07/09","台中銀-豐原",0,10,-10
"32389","2841台開","110/07/09","合庫-桃園",7,0,7
"32390","2841台開","110/07/09","兆豐-景美",0,10,-10
"32391","2841台開","110/07/09","群益金鼎-古亭",7,0,7
"32392","2841台開","110/07/09","群益金鼎-基隆",0,10,-10
"32393","2841台開","110/07/09","國泰-敦南",6,0,6
"32394","2841台開","110/07/09","元大-北三重",0,10,-10
"32395","2841台開","110/07/09","凱基-桃園",8,2,6
"32396","2841台開","110/07/09","(牛牛牛)亞-網路",0,9,-9
"32397","2841台開","110/07/09","日盛證券",5,0,5
"32398","2841台開","110/07/09","台新-高雄",1,10,-9
"32399","2841台開","110/07/09","元富-文心",5,0,5
"32400","2841台開","110/07/09","凱基-台北",0,7,-7
"32401","6207雷科","110/07/09","群益金鼎-新竹",47,0,47
"32402","6207雷科","110/07/09","新光",7,24,-17
"32403","6207雷科","110/07/09","永豐金-三重",31,0,31
"32404","6207雷科","110/07/09","日盛-和美",0,15,-15
"32405","6207雷科","110/07/09","新加坡商瑞銀",33,5,28
"32406","6207雷科","110/07/09","國泰-台南",0,15,-15
"32407","6207雷科","110/07/09","元大-高雄",26,0,26
"32408","6207雷科","110/07/09","華南永昌-古亭",0,14,-14
"32409","6207雷科","110/07/09","統一-員林",22,0,22
"32410","6207雷科","110/07/09","土銀-白河",0,11,-11
"32411","6207雷科","110/07/09","台新-高雄",22,0,22
"32412","6207雷科","110/07/09","日盛-台南",0,10,-10
"32413","6207雷科","110/07/09","摩根大通",34,17,17
"32414","6207雷科","110/07/09","元富-林園",0,10,-10
"32415","6207雷科","110/07/09","元大-博愛",17,1,16
"32416","6207雷科","110/07/09","富邦-園區",0,10,-10
"32417","6207雷科","110/07/09","日茂-埔里",12,0,12
"32418","6207雷科","110/07/09","元大-上新莊",0,10,-10
"32419","6207雷科","110/07/09","國泰-台中",17,6,11
"32420","6207雷科","110/07/09","永豐金-南京",0,10,-10
"32421","6207雷科","110/07/09","富邦-三重",10,0,10
"32422","6207雷科","110/07/09","兆豐-小港",0,6,-6
"32423","6207雷科","110/07/09","元大-沙鹿",10,0,10
"32424","6207雷科","110/07/09","富邦-羅東",1,7,-6
"32425","6207雷科","110/07/09","元大-八德",10,0,10
"32426","6207雷科","110/07/09","元大-土城永寧",0,6,-6
"32427","6207雷科","110/07/09","第一金-路竹",11,2,9
"32428","6207雷科","110/07/09","永豐金-板盛",0,6,-6
"32429","6207雷科","110/07/09","統一-南京",5,0,5
"32430","6207雷科","110/07/09","日盛-板橋",0,5,-5
"32431","3679新至陞","110/07/09","元大-大天母",10,0,10
"32432","3679新至陞","110/07/09","第一金-光復",0,11,-11
"32433","3679新至陞","110/07/09","日盛-樹林",9,0,9
"32434","3679新至陞","110/07/09","瑞士信貸",0,8,-8
"32435","3679新至陞","110/07/09","凱基-台北",11,2,9
"32436","3679新至陞","110/07/09","大慶-苗栗",0,5,-5
"32437","3679新至陞","110/07/09","華南永昌-小港",8,0,8
"32438","3679新至陞","110/07/09","元大-永春",0,5,-5
"32439","3679新至陞","110/07/09","兆豐-來福",7,0,7
"32440","3679新至陞","110/07/09","日盛-和美",0,4,-4
"32441","3679新至陞","110/07/09","香港上海匯豐",5,0,5
"32442","3679新至陞","110/07/09","元大-雙和",0,3,-3
"32443","3679新至陞","110/07/09","台中銀-員林",3,0,3
"32444","3679新至陞","110/07/09","永豐金-屏東",0,3,-3
"32445","3679新至陞","110/07/09","新光",3,0,3
"32446","3679新至陞","110/07/09","彰銀",0,2,-2
"32447","3679新至陞","110/07/09","土銀-花蓮",2,0,2
"32448","3679新至陞","110/07/09","宏遠-館前",0,2,-2
"32449","3679新至陞","110/07/09","第一金-澎湖",2,0,2
"32450","3679新至陞","110/07/09","港商野村",0,2,-2
"32451","3679新至陞","110/07/09","摩根大通",2,0,2
"32452","3679新至陞","110/07/09","大昌-新店",0,2,-2
"32453","3679新至陞","110/07/09","國泰-敦南",2,0,2
"32454","3679新至陞","110/07/09","元大-新莊",0,2,-2
"32455","3679新至陞","110/07/09","元大-淡水",4,2,2
"32456","3679新至陞","110/07/09","元大-板橋",0,2,-2
"32457","3679新至陞","110/07/09","日盛-士林",1,0,1
"32458","3679新至陞","110/07/09","台灣摩根士丹利",0,1,-1
"32459","3679新至陞","110/07/09","日盛-信義",1,0,1
"32460","3679新至陞","110/07/09","第一金-高雄",0,1,-1
"32461","2727王品","110/07/09","台灣匯立證券",90,0,90
"32462","2727王品","110/07/09","台灣摩根士丹利",0,267,-267
"32463","2727王品","110/07/09","國泰-敦南",166,84,82
"32464","2727王品","110/07/09","富邦-台北",35,299,-264
"32465","2727王品","110/07/09","富邦-仁愛",56,12,44
"32466","2727王品","110/07/09","凱基-台北",174,296,-122
"32467","2727王品","110/07/09","台新證券",109,66,43
"32468","2727王品","110/07/09","第一金",2,102,-100
"32469","2727王品","110/07/09","新光",117,87,30
"32470","2727王品","110/07/09","群益金鼎-大安",0,80,-80
"32471","2727王品","110/07/09","臺銀-臺中",35,6,29
"32472","2727王品","110/07/09","兆豐-大安",7,60,-53
"32473","2727王品","110/07/09","元大-桃園",32,3,29
"32474","2727王品","110/07/09","永豐金-南投",0,50,-50
"32475","2727王品","110/07/09","元富-宜蘭",34,6,28
"32476","2727王品","110/07/09","新加坡商瑞銀",6,46,-40
"32477","2727王品","110/07/09","玉山-台中",34,8,26
"32478","2727王品","110/07/09","合庫-彰化",11,50,-39
"32479","2727王品","110/07/09","群益金鼎-宜蘭",30,4,26
"32480","2727王品","110/07/09","永豐金-萬盛",13,52,-39
"32481","2727王品","110/07/09","富邦-台中",42,16,26
"32482","2727王品","110/07/09","瑞士信貸",0,34,-34
"32483","2727王品","110/07/09","第一金-豐原",25,1,24
"32484","2727王品","110/07/09","元大-和平",4,35,-31
"32485","2727王品","110/07/09","臺銀",30,8,22
"32486","2727王品","110/07/09","美林",14,44,-30
"32487","2727王品","110/07/09","兆豐-來福",23,1,22
"32488","2727王品","110/07/09","元大-員林",9,38,-29
"32489","2727王品","110/07/09","玉山-士林",22,2,20
"32490","2727王品","110/07/09","元富-西松",4,31,-27
"32491","1570力肯","110/07/09","凱基-台北",30,1,29
"32492","1570力肯","110/07/09","群益金鼎-彰化",0,20,-20
"32493","1570力肯","110/07/09","新光-台南",20,0,20
"32494","1570力肯","110/07/09","元大-土城學府",0,20,-20
"32495","1570力肯","110/07/09","元大-高雄",20,0,20
"32496","1570力肯","110/07/09","元大-大統",0,16,-16
"32497","1570力肯","110/07/09","國票-中正",12,0,12
"32498","1570力肯","110/07/09","元大-新營",0,11,-11
"32499","1570力肯","110/07/09","日盛-高雄",6,0,6
"32500","1570力肯","110/07/09","元大-和平",0,10,-10
"32501","1570力肯","110/07/09","元富-緯城",6,0,6
"32502","1570力肯","110/07/09","元大-草屯",0,10,-10
"32503","1570力肯","110/07/09","群益金鼎-台南",6,0,6
"32504","1570力肯","110/07/09","元大-鹿港",0,9,-9
"32505","1570力肯","110/07/09","華南永昌-岡山",6,0,6
"32506","1570力肯","110/07/09","合庫-基隆",0,7,-7
"32507","1570力肯","110/07/09","統一-中壢",5,0,5
"32508","1570力肯","110/07/09","摩根大通",2,8,-6
"32509","1570力肯","110/07/09","凱基-三峽",5,0,5
"32510","1570力肯","110/07/09","台灣企銀-豐原",0,4,-4
"32511","1570力肯","110/07/09","大昌-樹林",4,0,4
"32512","1570力肯","110/07/09","日盛-桃園",0,4,-4
"32513","1570力肯","110/07/09","新光",3,0,3
"32514","1570力肯","110/07/09","國泰-高雄",0,3,-3
"32515","1570力肯","110/07/09","富邦-新竹華信",3,0,3
"32516","1570力肯","110/07/09","永豐金-敦南",0,3,-3
"32517","1570力肯","110/07/09","合庫-台中",2,0,2
"32518","1570力肯","110/07/09","土銀-彰化",0,2,-2
"32519","1570力肯","110/07/09","臺銀-臺中",2,0,2
"32520","1570力肯","110/07/09","臺銀-鳳山",0,2,-2
"32521","6180橘子","110/07/09","摩根大通",63,1,62
"32522","6180橘子","110/07/09","元大-南京",1,32,-31
"32523","6180橘子","110/07/09","富邦-陽明",73,33,40
"32524","6180橘子","110/07/09","群益金鼎-台北",0,25,-25
"32525","6180橘子","110/07/09","新加坡商瑞銀",31,0,31
"32526","6180橘子","110/07/09","兆豐-復興",0,21,-21
"32527","6180橘子","110/07/09","美商高盛",25,0,25
"32528","6180橘子","110/07/09","永豐金-嘉義",0,21,-21
"32529","6180橘子","110/07/09","凱基-台北",26,10,16
"32530","6180橘子","110/07/09","凱基-中壢",8,24,-16
"32531","6180橘子","110/07/09","華南永昌-楠梓",13,0,13
"32532","6180橘子","110/07/09","致和-崇德",0,15,-15
"32533","6180橘子","110/07/09","華南永昌-朴子",11,0,11
"32534","6180橘子","110/07/09","群益金鼎-屏東",0,15,-15
"32535","6180橘子","110/07/09","元大-北港",11,0,11
"32536","6180橘子","110/07/09","群益金鼎-中山",0,15,-15
"32537","6180橘子","110/07/09","元大-成功",10,1,9
"32538","6180橘子","110/07/09","瑞士信貸",1,15,-14
"32539","6180橘子","110/07/09","新光",26,18,8
"32540","6180橘子","110/07/09","日盛-二林",0,10,-10
"32541","6180橘子","110/07/09","統一-三重",6,0,6
"32542","6180橘子","110/07/09","凱基-東門",0,10,-10
"32543","6180橘子","110/07/09","群益金鼎-嘉義",6,0,6
"32544","6180橘子","110/07/09","華南永昌-三重",0,10,-10
"32545","6180橘子","110/07/09","元大-員林中山",6,0,6
"32546","6180橘子","110/07/09","元大-彰化民生",1,11,-10
"32547","6180橘子","110/07/09","合庫-鳳山",5,0,5
"32548","6180橘子","110/07/09","永豐金-新店",1,11,-10
"32549","6180橘子","110/07/09","富邦-建國",6,1,5
"32550","6180橘子","110/07/09","群益金鼎-丹鳳",0,8,-8
"32551","2390云辰","110/07/09","摩根大通",279,56,223
"32552","2390云辰","110/07/09","元大-天母",0,127,-127
"32553","2390云辰","110/07/09","日盛-鳳山",110,2,108
"32554","2390云辰","110/07/09","中國信託-文心",5,109,-104
"32555","2390云辰","110/07/09","宏遠證券",100,0,100
"32556","2390云辰","110/07/09","永豐金-復興",0,55,-55
"32557","2390云辰","110/07/09","元大-大里",63,6,57
"32558","2390云辰","110/07/09","凱基-台北",239,286,-47
"32559","2390云辰","110/07/09","凱基-八德",59,10,49
"32560","2390云辰","110/07/09","德信",2,32,-30
"32561","2390云辰","110/07/09","合庫-新竹",40,0,40
"32562","2390云辰","110/07/09","兆豐-桃鶯",2,32,-30
"32563","2390云辰","110/07/09","國票",40,1,39
"32564","2390云辰","110/07/09","致和-南京",0,30,-30
"32565","2390云辰","110/07/09","新加坡商瑞銀",49,13,36
"32566","2390云辰","110/07/09","富邦-虎尾",1,31,-30
"32567","2390云辰","110/07/09","統一-新台中",36,2,34
"32568","2390云辰","110/07/09","元大-善化",2,31,-29
"32569","2390云辰","110/07/09","國票-嘉義",31,0,31
"32570","2390云辰","110/07/09","富邦-板橋",0,27,-27
"32571","2390云辰","110/07/09","華南永昌",35,7,28
"32572","2390云辰","110/07/09","富邦-永和",3,28,-25
"32573","2390云辰","110/07/09","玉山-台中",49,22,27
"32574","2390云辰","110/07/09","第一金-自由",20,44,-24
"32575","2390云辰","110/07/09","華南永昌-敦南",25,0,25
"32576","2390云辰","110/07/09","凱基-內湖",0,24,-24
"32577","2390云辰","110/07/09","新光-高雄",27,4,23
"32578","2390云辰","110/07/09","元大-汐止",1,24,-23
"32579","2390云辰","110/07/09","台灣摩根士丹利",85,63,22
"32580","2390云辰","110/07/09","新光-台中",12,33,-21
"32581","4903聯光通","110/07/09","元大-敦南",10,0,10
"32582","4903聯光通","110/07/09","第一金-台中",0,12,-12
"32583","4903聯光通","110/07/09","凱基-士林",5,0,5
"32584","4903聯光通","110/07/09","日盛-忠孝",0,3,-3
"32585","4903聯光通","110/07/09","元大-苗栗",5,0,5
"32586","4903聯光通","110/07/09","群益金鼎-崇德",0,3,-3
"32587","4903聯光通","110/07/09","元大-屏南",3,0,3
"32588","4903聯光通","110/07/09","國票-內壢",0,2,-2
"32589","4903聯光通","110/07/09","中國信託-永康",1,0,1
"32590","4903聯光通","110/07/09","康和-南崁",0,2,-2
"32591","4903聯光通","110/07/09","玉山證券",1,0,1
"32592","4903聯光通","110/07/09","新光-台中",0,2,-2
"32593","4903聯光通","110/07/09","元大-太平",4,3,1
"32594","4903聯光通","110/07/09","玉山-城中",0,2,-2
"32595","4903聯光通","110/07/09","永豐金-嘉義",1,0,1
"32596","4903聯光通","110/07/09","中國信託-文心",0,1,-1
"32597","4903聯光通","110/07/09","大昌",0,0,0
"32598","4903聯光通","110/07/09","大昌",0,0,0
"32599","4903聯光通","110/07/09","中農",0,0,0
"32600","4903聯光通","110/07/09","中農",0,0,0
"32601","4903聯光通","110/07/09","",NA,NA,NA
"32602","4903聯光通","110/07/09","",NA,NA,NA
"32603","4903聯光通","110/07/09","",NA,NA,NA
"32604","4903聯光通","110/07/09","",NA,NA,NA
"32605","4903聯光通","110/07/09","",NA,NA,NA
"32606","4903聯光通","110/07/09","",NA,NA,NA
"32607","4903聯光通","110/07/09","",NA,NA,NA
"32608","4903聯光通","110/07/09","",NA,NA,NA
"32609","4903聯光通","110/07/09","",NA,NA,NA
"32610","4903聯光通","110/07/09","",NA,NA,NA
"32611","2929淘帝","110/07/09","台中銀-台北",110,0,110
"32612","2929淘帝","110/07/09","新光",2,82,-80
"32613","2929淘帝","110/07/09","華南永昌-頭份",72,0,72
"32614","2929淘帝","110/07/09","摩根大通",2,63,-61
"32615","2929淘帝","110/07/09","合庫-高雄",71,0,71
"32616","2929淘帝","110/07/09","第一金-路竹",0,50,-50
"32617","2929淘帝","110/07/09","高橋-龍潭",37,0,37
"32618","2929淘帝","110/07/09","港商麥格理",0,42,-42
"32619","2929淘帝","110/07/09","新光-台中",60,26,34
"32620","2929淘帝","110/07/09","陽信-石牌",0,40,-40
"32621","2929淘帝","110/07/09","元富-大裕",22,1,21
"32622","2929淘帝","110/07/09","台新-左楠",1,39,-38
"32623","2929淘帝","110/07/09","合庫-鳳山",20,0,20
"32624","2929淘帝","110/07/09","凱基-桃園",3,29,-26
"32625","2929淘帝","110/07/09","元大-員林",22,2,20
"32626","2929淘帝","110/07/09","兆豐-內湖",0,25,-25
"32627","2929淘帝","110/07/09","台新-建北",15,0,15
"32628","2929淘帝","110/07/09","元大-北港",0,20,-20
"32629","2929淘帝","110/07/09","兆豐-桃園",13,0,13
"32630","2929淘帝","110/07/09","富邦-北港",0,19,-19
"32631","2929淘帝","110/07/09","兆豐-忠孝",10,0,10
"32632","2929淘帝","110/07/09","富邦-花蓮",0,17,-17
"32633","2929淘帝","110/07/09","國票-敦北法人",10,0,10
"32634","2929淘帝","110/07/09","國泰-台中",2,17,-15
"32635","2929淘帝","110/07/09","永豐金-博愛",10,0,10
"32636","2929淘帝","110/07/09","群益金鼎-彰化",0,15,-15
"32637","2929淘帝","110/07/09","群益金鼎-潭子",8,0,8
"32638","2929淘帝","110/07/09","元大-博愛",0,14,-14
"32639","2929淘帝","110/07/09","富邦-南屯",8,0,8
"32640","2929淘帝","110/07/09","日盛-板橋",0,13,-13
"32641","5410國眾","110/07/09","元大-新盛",14,0,14
"32642","5410國眾","110/07/09","(牛牛牛)亞-鑫豐",1,41,-40
"32643","5410國眾","110/07/09","台灣企銀-民雄",10,0,10
"32644","5410國眾","110/07/09","元富-嘉義",0,25,-25
"32645","5410國眾","110/07/09","元富-虎尾",9,0,9
"32646","5410國眾","110/07/09","凱基-高美館",0,10,-10
"32647","5410國眾","110/07/09","摩根大通",10,1,9
"32648","5410國眾","110/07/09","凱基-城中",0,10,-10
"32649","5410國眾","110/07/09","兆豐-北高雄",7,0,7
"32650","5410國眾","110/07/09","元大-頭份",0,10,-10
"32651","5410國眾","110/07/09","凱基-台北",8,1,7
"32652","5410國眾","110/07/09","群益金鼎-丹鳳",0,7,-7
"32653","5410國眾","110/07/09","華南永昌-公誠",7,0,7
"32654","5410國眾","110/07/09","凱基-復興",0,7,-7
"32655","5410國眾","110/07/09","香港上海匯豐",6,0,6
"32656","5410國眾","110/07/09","元大-員林",0,7,-7
"32657","5410國眾","110/07/09","凱基-中壢",6,0,6
"32658","5410國眾","110/07/09","富邦-竹東",0,6,-6
"32659","5410國眾","110/07/09","華南永昌-南京",6,0,6
"32660","5410國眾","110/07/09","亞東-高雄",0,5,-5
"32661","5410國眾","110/07/09","統一-三重",5,0,5
"32662","5410國眾","110/07/09","大慶-中壢",1,6,-5
"32663","5410國眾","110/07/09","富邦-宜蘭",5,0,5
"32664","5410國眾","110/07/09","群益金鼎-中港",0,5,-5
"32665","5410國眾","110/07/09","元大-崇德",5,0,5
"32666","5410國眾","110/07/09","元大-八德",0,5,-5
"32667","5410國眾","110/07/09","元大-博愛",5,0,5
"32668","5410國眾","110/07/09","富邦-基隆",0,4,-4
"32669","5410國眾","110/07/09","元大-龍潭",5,0,5
"32670","5410國眾","110/07/09","臺銀-新竹",0,3,-3
"32671","2841台開","110/07/09","日盛-雙和",102,0,102
"32672","2841台開","110/07/09","港商野村",0,129,-129
"32673","2841台開","110/07/09","元大-館前",70,0,70
"32674","2841台開","110/07/09","兆豐-永和",0,100,-100
"32675","2841台開","110/07/09","凱基-文心",50,0,50
"32676","2841台開","110/07/09","台新證券",7,28,-21
"32677","2841台開","110/07/09","富邦-嘉義",40,0,40
"32678","2841台開","110/07/09","國票-北高雄",0,20,-20
"32679","2841台開","110/07/09","美商高盛",15,0,15
"32680","2841台開","110/07/09","永豐金-敦南",29,46,-17
"32681","2841台開","110/07/09","台中銀",15,0,15
"32682","2841台開","110/07/09","合庫-基隆",0,12,-12
"32683","2841台開","110/07/09","新光",11,0,11
"32684","2841台開","110/07/09","中國信託-松江",0,12,-12
"32685","2841台開","110/07/09","華南永昌-長虹",10,0,10
"32686","2841台開","110/07/09","兆豐-城中",0,12,-12
"32687","2841台開","110/07/09","永豐金-南投",10,0,10
"32688","2841台開","110/07/09","台中銀-豐原",0,10,-10
"32689","2841台開","110/07/09","合庫-桃園",7,0,7
"32690","2841台開","110/07/09","兆豐-景美",0,10,-10
"32691","2841台開","110/07/09","群益金鼎-古亭",7,0,7
"32692","2841台開","110/07/09","群益金鼎-基隆",0,10,-10
"32693","2841台開","110/07/09","國泰-敦南",6,0,6
"32694","2841台開","110/07/09","元大-北三重",0,10,-10
"32695","2841台開","110/07/09","凱基-桃園",8,2,6
"32696","2841台開","110/07/09","(牛牛牛)亞-網路",0,9,-9
"32697","2841台開","110/07/09","日盛證券",5,0,5
"32698","2841台開","110/07/09","台新-高雄",1,10,-9
"32699","2841台開","110/07/09","元富-文心",5,0,5
"32700","2841台開","110/07/09","凱基-台北",0,7,-7
"32701","6207雷科","110/07/09","群益金鼎-新竹",47,0,47
"32702","6207雷科","110/07/09","新光",7,24,-17
"32703","6207雷科","110/07/09","永豐金-三重",31,0,31
"32704","6207雷科","110/07/09","日盛-和美",0,15,-15
"32705","6207雷科","110/07/09","新加坡商瑞銀",33,5,28
"32706","6207雷科","110/07/09","國泰-台南",0,15,-15
"32707","6207雷科","110/07/09","元大-高雄",26,0,26
"32708","6207雷科","110/07/09","華南永昌-古亭",0,14,-14
"32709","6207雷科","110/07/09","統一-員林",22,0,22
"32710","6207雷科","110/07/09","土銀-白河",0,11,-11
"32711","6207雷科","110/07/09","台新-高雄",22,0,22
"32712","6207雷科","110/07/09","日盛-台南",0,10,-10
"32713","6207雷科","110/07/09","摩根大通",34,17,17
"32714","6207雷科","110/07/09","元富-林園",0,10,-10
"32715","6207雷科","110/07/09","元大-博愛",17,1,16
"32716","6207雷科","110/07/09","富邦-園區",0,10,-10
"32717","6207雷科","110/07/09","日茂-埔里",12,0,12
"32718","6207雷科","110/07/09","元大-上新莊",0,10,-10
"32719","6207雷科","110/07/09","國泰-台中",17,6,11
"32720","6207雷科","110/07/09","永豐金-南京",0,10,-10
"32721","6207雷科","110/07/09","富邦-三重",10,0,10
"32722","6207雷科","110/07/09","兆豐-小港",0,6,-6
"32723","6207雷科","110/07/09","元大-沙鹿",10,0,10
"32724","6207雷科","110/07/09","富邦-羅東",1,7,-6
"32725","6207雷科","110/07/09","元大-八德",10,0,10
"32726","6207雷科","110/07/09","元大-土城永寧",0,6,-6
"32727","6207雷科","110/07/09","第一金-路竹",11,2,9
"32728","6207雷科","110/07/09","永豐金-板盛",0,6,-6
"32729","6207雷科","110/07/09","統一-南京",5,0,5
"32730","6207雷科","110/07/09","日盛-板橋",0,5,-5
"32731","3679新至陞","110/07/09","元大-大天母",10,0,10
"32732","3679新至陞","110/07/09","第一金-光復",0,11,-11
"32733","3679新至陞","110/07/09","日盛-樹林",9,0,9
"32734","3679新至陞","110/07/09","瑞士信貸",0,8,-8
"32735","3679新至陞","110/07/09","凱基-台北",11,2,9
"32736","3679新至陞","110/07/09","大慶-苗栗",0,5,-5
"32737","3679新至陞","110/07/09","華南永昌-小港",8,0,8
"32738","3679新至陞","110/07/09","元大-永春",0,5,-5
"32739","3679新至陞","110/07/09","兆豐-來福",7,0,7
"32740","3679新至陞","110/07/09","日盛-和美",0,4,-4
"32741","3679新至陞","110/07/09","香港上海匯豐",5,0,5
"32742","3679新至陞","110/07/09","元大-雙和",0,3,-3
"32743","3679新至陞","110/07/09","台中銀-員林",3,0,3
"32744","3679新至陞","110/07/09","永豐金-屏東",0,3,-3
"32745","3679新至陞","110/07/09","新光",3,0,3
"32746","3679新至陞","110/07/09","彰銀",0,2,-2
"32747","3679新至陞","110/07/09","土銀-花蓮",2,0,2
"32748","3679新至陞","110/07/09","宏遠-館前",0,2,-2
"32749","3679新至陞","110/07/09","第一金-澎湖",2,0,2
"32750","3679新至陞","110/07/09","港商野村",0,2,-2
"32751","3679新至陞","110/07/09","摩根大通",2,0,2
"32752","3679新至陞","110/07/09","大昌-新店",0,2,-2
"32753","3679新至陞","110/07/09","國泰-敦南",2,0,2
"32754","3679新至陞","110/07/09","元大-新莊",0,2,-2
"32755","3679新至陞","110/07/09","元大-淡水",4,2,2
"32756","3679新至陞","110/07/09","元大-板橋",0,2,-2
"32757","3679新至陞","110/07/09","日盛-士林",1,0,1
"32758","3679新至陞","110/07/09","台灣摩根士丹利",0,1,-1
"32759","3679新至陞","110/07/09","日盛-信義",1,0,1
"32760","3679新至陞","110/07/09","第一金-高雄",0,1,-1
"32761","2727王品","110/07/09","台灣匯立證券",90,0,90
"32762","2727王品","110/07/09","台灣摩根士丹利",0,267,-267
"32763","2727王品","110/07/09","國泰-敦南",166,84,82
"32764","2727王品","110/07/09","富邦-台北",35,299,-264
"32765","2727王品","110/07/09","富邦-仁愛",56,12,44
"32766","2727王品","110/07/09","凱基-台北",174,296,-122
"32767","2727王品","110/07/09","台新證券",109,66,43
"32768","2727王品","110/07/09","第一金",2,102,-100
"32769","2727王品","110/07/09","新光",117,87,30
"32770","2727王品","110/07/09","群益金鼎-大安",0,80,-80
"32771","2727王品","110/07/09","臺銀-臺中",35,6,29
"32772","2727王品","110/07/09","兆豐-大安",7,60,-53
"32773","2727王品","110/07/09","元大-桃園",32,3,29
"32774","2727王品","110/07/09","永豐金-南投",0,50,-50
"32775","2727王品","110/07/09","元富-宜蘭",34,6,28
"32776","2727王品","110/07/09","新加坡商瑞銀",6,46,-40
"32777","2727王品","110/07/09","玉山-台中",34,8,26
"32778","2727王品","110/07/09","合庫-彰化",11,50,-39
"32779","2727王品","110/07/09","群益金鼎-宜蘭",30,4,26
"32780","2727王品","110/07/09","永豐金-萬盛",13,52,-39
"32781","2727王品","110/07/09","富邦-台中",42,16,26
"32782","2727王品","110/07/09","瑞士信貸",0,34,-34
"32783","2727王品","110/07/09","第一金-豐原",25,1,24
"32784","2727王品","110/07/09","元大-和平",4,35,-31
"32785","2727王品","110/07/09","臺銀",30,8,22
"32786","2727王品","110/07/09","美林",14,44,-30
"32787","2727王品","110/07/09","兆豐-來福",23,1,22
"32788","2727王品","110/07/09","元大-員林",9,38,-29
"32789","2727王品","110/07/09","玉山-士林",22,2,20
"32790","2727王品","110/07/09","元富-西松",4,31,-27
"32791","1570力肯","110/07/09","凱基-台北",30,1,29
"32792","1570力肯","110/07/09","群益金鼎-彰化",0,20,-20
"32793","1570力肯","110/07/09","新光-台南",20,0,20
"32794","1570力肯","110/07/09","元大-土城學府",0,20,-20
"32795","1570力肯","110/07/09","元大-高雄",20,0,20
"32796","1570力肯","110/07/09","元大-大統",0,16,-16
"32797","1570力肯","110/07/09","國票-中正",12,0,12
"32798","1570力肯","110/07/09","元大-新營",0,11,-11
"32799","1570力肯","110/07/09","日盛-高雄",6,0,6
"32800","1570力肯","110/07/09","元大-和平",0,10,-10
"32801","1570力肯","110/07/09","元富-緯城",6,0,6
"32802","1570力肯","110/07/09","元大-草屯",0,10,-10
"32803","1570力肯","110/07/09","群益金鼎-台南",6,0,6
"32804","1570力肯","110/07/09","元大-鹿港",0,9,-9
"32805","1570力肯","110/07/09","華南永昌-岡山",6,0,6
"32806","1570力肯","110/07/09","合庫-基隆",0,7,-7
"32807","1570力肯","110/07/09","統一-中壢",5,0,5
"32808","1570力肯","110/07/09","摩根大通",2,8,-6
"32809","1570力肯","110/07/09","凱基-三峽",5,0,5
"32810","1570力肯","110/07/09","台灣企銀-豐原",0,4,-4
"32811","1570力肯","110/07/09","大昌-樹林",4,0,4
"32812","1570力肯","110/07/09","日盛-桃園",0,4,-4
"32813","1570力肯","110/07/09","新光",3,0,3
"32814","1570力肯","110/07/09","國泰-高雄",0,3,-3
"32815","1570力肯","110/07/09","富邦-新竹華信",3,0,3
"32816","1570力肯","110/07/09","永豐金-敦南",0,3,-3
"32817","1570力肯","110/07/09","合庫-台中",2,0,2
"32818","1570力肯","110/07/09","土銀-彰化",0,2,-2
"32819","1570力肯","110/07/09","臺銀-臺中",2,0,2
"32820","1570力肯","110/07/09","臺銀-鳳山",0,2,-2
"32821","6180橘子","110/07/09","摩根大通",63,1,62
"32822","6180橘子","110/07/09","元大-南京",1,32,-31
"32823","6180橘子","110/07/09","富邦-陽明",73,33,40
"32824","6180橘子","110/07/09","群益金鼎-台北",0,25,-25
"32825","6180橘子","110/07/09","新加坡商瑞銀",31,0,31
"32826","6180橘子","110/07/09","兆豐-復興",0,21,-21
"32827","6180橘子","110/07/09","美商高盛",25,0,25
"32828","6180橘子","110/07/09","永豐金-嘉義",0,21,-21
"32829","6180橘子","110/07/09","凱基-台北",26,10,16
"32830","6180橘子","110/07/09","凱基-中壢",8,24,-16
"32831","6180橘子","110/07/09","華南永昌-楠梓",13,0,13
"32832","6180橘子","110/07/09","致和-崇德",0,15,-15
"32833","6180橘子","110/07/09","華南永昌-朴子",11,0,11
"32834","6180橘子","110/07/09","群益金鼎-屏東",0,15,-15
"32835","6180橘子","110/07/09","元大-北港",11,0,11
"32836","6180橘子","110/07/09","群益金鼎-中山",0,15,-15
"32837","6180橘子","110/07/09","元大-成功",10,1,9
"32838","6180橘子","110/07/09","瑞士信貸",1,15,-14
"32839","6180橘子","110/07/09","新光",26,18,8
"32840","6180橘子","110/07/09","日盛-二林",0,10,-10
"32841","6180橘子","110/07/09","統一-三重",6,0,6
"32842","6180橘子","110/07/09","凱基-東門",0,10,-10
"32843","6180橘子","110/07/09","群益金鼎-嘉義",6,0,6
"32844","6180橘子","110/07/09","華南永昌-三重",0,10,-10
"32845","6180橘子","110/07/09","元大-員林中山",6,0,6
"32846","6180橘子","110/07/09","元大-彰化民生",1,11,-10
"32847","6180橘子","110/07/09","合庫-鳳山",5,0,5
"32848","6180橘子","110/07/09","永豐金-新店",1,11,-10
"32849","6180橘子","110/07/09","富邦-建國",6,1,5
"32850","6180橘子","110/07/09","群益金鼎-丹鳳",0,8,-8
"32851","2390云辰","110/07/09","摩根大通",279,56,223
"32852","2390云辰","110/07/09","元大-天母",0,127,-127
"32853","2390云辰","110/07/09","日盛-鳳山",110,2,108
"32854","2390云辰","110/07/09","中國信託-文心",5,109,-104
"32855","2390云辰","110/07/09","宏遠證券",100,0,100
"32856","2390云辰","110/07/09","永豐金-復興",0,55,-55
"32857","2390云辰","110/07/09","元大-大里",63,6,57
"32858","2390云辰","110/07/09","凱基-台北",239,286,-47
"32859","2390云辰","110/07/09","凱基-八德",59,10,49
"32860","2390云辰","110/07/09","德信",2,32,-30
"32861","2390云辰","110/07/09","合庫-新竹",40,0,40
"32862","2390云辰","110/07/09","兆豐-桃鶯",2,32,-30
"32863","2390云辰","110/07/09","國票",40,1,39
"32864","2390云辰","110/07/09","致和-南京",0,30,-30
"32865","2390云辰","110/07/09","新加坡商瑞銀",49,13,36
"32866","2390云辰","110/07/09","富邦-虎尾",1,31,-30
"32867","2390云辰","110/07/09","統一-新台中",36,2,34
"32868","2390云辰","110/07/09","元大-善化",2,31,-29
"32869","2390云辰","110/07/09","國票-嘉義",31,0,31
"32870","2390云辰","110/07/09","富邦-板橋",0,27,-27
"32871","2390云辰","110/07/09","華南永昌",35,7,28
"32872","2390云辰","110/07/09","富邦-永和",3,28,-25
"32873","2390云辰","110/07/09","玉山-台中",49,22,27
"32874","2390云辰","110/07/09","第一金-自由",20,44,-24
"32875","2390云辰","110/07/09","華南永昌-敦南",25,0,25
"32876","2390云辰","110/07/09","凱基-內湖",0,24,-24
"32877","2390云辰","110/07/09","新光-高雄",27,4,23
"32878","2390云辰","110/07/09","元大-汐止",1,24,-23
"32879","2390云辰","110/07/09","台灣摩根士丹利",85,63,22
"32880","2390云辰","110/07/09","新光-台中",12,33,-21
"32881","4903聯光通","110/07/09","元大-敦南",10,0,10
"32882","4903聯光通","110/07/09","第一金-台中",0,12,-12
"32883","4903聯光通","110/07/09","凱基-士林",5,0,5
"32884","4903聯光通","110/07/09","日盛-忠孝",0,3,-3
"32885","4903聯光通","110/07/09","元大-苗栗",5,0,5
"32886","4903聯光通","110/07/09","群益金鼎-崇德",0,3,-3
"32887","4903聯光通","110/07/09","元大-屏南",3,0,3
"32888","4903聯光通","110/07/09","國票-內壢",0,2,-2
"32889","4903聯光通","110/07/09","中國信託-永康",1,0,1
"32890","4903聯光通","110/07/09","康和-南崁",0,2,-2
"32891","4903聯光通","110/07/09","玉山證券",1,0,1
"32892","4903聯光通","110/07/09","新光-台中",0,2,-2
"32893","4903聯光通","110/07/09","元大-太平",4,3,1
"32894","4903聯光通","110/07/09","玉山-城中",0,2,-2
"32895","4903聯光通","110/07/09","永豐金-嘉義",1,0,1
"32896","4903聯光通","110/07/09","中國信託-文心",0,1,-1
"32897","4903聯光通","110/07/09","大昌",0,0,0
"32898","4903聯光通","110/07/09","大昌",0,0,0
"32899","4903聯光通","110/07/09","中農",0,0,0
"32900","4903聯光通","110/07/09","中農",0,0,0
"32901","2929淘帝","110/07/09","台中銀-台北",110,0,110
"32902","2929淘帝","110/07/09","新光",2,82,-80
"32903","2929淘帝","110/07/09","華南永昌-頭份",72,0,72
"32904","2929淘帝","110/07/09","摩根大通",2,63,-61
"32905","2929淘帝","110/07/09","合庫-高雄",71,0,71
"32906","2929淘帝","110/07/09","第一金-路竹",0,50,-50
"32907","2929淘帝","110/07/09","高橋-龍潭",37,0,37
"32908","2929淘帝","110/07/09","港商麥格理",0,42,-42
"32909","2929淘帝","110/07/09","新光-台中",60,26,34
"32910","2929淘帝","110/07/09","陽信-石牌",0,40,-40
"32911","2929淘帝","110/07/09","元富-大裕",22,1,21
"32912","2929淘帝","110/07/09","台新-左楠",1,39,-38
"32913","2929淘帝","110/07/09","合庫-鳳山",20,0,20
"32914","2929淘帝","110/07/09","凱基-桃園",3,29,-26
"32915","2929淘帝","110/07/09","元大-員林",22,2,20
"32916","2929淘帝","110/07/09","兆豐-內湖",0,25,-25
"32917","2929淘帝","110/07/09","台新-建北",15,0,15
"32918","2929淘帝","110/07/09","元大-北港",0,20,-20
"32919","2929淘帝","110/07/09","兆豐-桃園",13,0,13
"32920","2929淘帝","110/07/09","富邦-北港",0,19,-19
"32921","2929淘帝","110/07/09","兆豐-忠孝",10,0,10
"32922","2929淘帝","110/07/09","富邦-花蓮",0,17,-17
"32923","2929淘帝","110/07/09","國票-敦北法人",10,0,10
"32924","2929淘帝","110/07/09","國泰-台中",2,17,-15
"32925","2929淘帝","110/07/09","永豐金-博愛",10,0,10
"32926","2929淘帝","110/07/09","群益金鼎-彰化",0,15,-15
"32927","2929淘帝","110/07/09","群益金鼎-潭子",8,0,8
"32928","2929淘帝","110/07/09","元大-博愛",0,14,-14
"32929","2929淘帝","110/07/09","富邦-南屯",8,0,8
"32930","2929淘帝","110/07/09","日盛-板橋",0,13,-13
"32931","5410國眾","110/07/09","元大-新盛",14,0,14
"32932","5410國眾","110/07/09","(牛牛牛)亞-鑫豐",1,41,-40
"32933","5410國眾","110/07/09","台灣企銀-民雄",10,0,10
"32934","5410國眾","110/07/09","元富-嘉義",0,25,-25
"32935","5410國眾","110/07/09","元富-虎尾",9,0,9
"32936","5410國眾","110/07/09","凱基-高美館",0,10,-10
"32937","5410國眾","110/07/09","摩根大通",10,1,9
"32938","5410國眾","110/07/09","凱基-城中",0,10,-10
"32939","5410國眾","110/07/09","兆豐-北高雄",7,0,7
"32940","5410國眾","110/07/09","元大-頭份",0,10,-10
"32941","5410國眾","110/07/09","凱基-台北",8,1,7
"32942","5410國眾","110/07/09","群益金鼎-丹鳳",0,7,-7
"32943","5410國眾","110/07/09","華南永昌-公誠",7,0,7
"32944","5410國眾","110/07/09","凱基-復興",0,7,-7
"32945","5410國眾","110/07/09","香港上海匯豐",6,0,6
"32946","5410國眾","110/07/09","元大-員林",0,7,-7
"32947","5410國眾","110/07/09","凱基-中壢",6,0,6
"32948","5410國眾","110/07/09","富邦-竹東",0,6,-6
"32949","5410國眾","110/07/09","華南永昌-南京",6,0,6
"32950","5410國眾","110/07/09","亞東-高雄",0,5,-5
"32951","5410國眾","110/07/09","統一-三重",5,0,5
"32952","5410國眾","110/07/09","大慶-中壢",1,6,-5
"32953","5410國眾","110/07/09","富邦-宜蘭",5,0,5
"32954","5410國眾","110/07/09","群益金鼎-中港",0,5,-5
"32955","5410國眾","110/07/09","元大-崇德",5,0,5
"32956","5410國眾","110/07/09","元大-八德",0,5,-5
"32957","5410國眾","110/07/09","元大-博愛",5,0,5
"32958","5410國眾","110/07/09","富邦-基隆",0,4,-4
"32959","5410國眾","110/07/09","元大-龍潭",5,0,5
"32960","5410國眾","110/07/09","臺銀-新竹",0,3,-3
"32961","2841台開","110/07/09","日盛-雙和",102,0,102
"32962","2841台開","110/07/09","港商野村",0,129,-129
"32963","2841台開","110/07/09","元大-館前",70,0,70
"32964","2841台開","110/07/09","兆豐-永和",0,100,-100
"32965","2841台開","110/07/09","凱基-文心",50,0,50
"32966","2841台開","110/07/09","台新證券",7,28,-21
"32967","2841台開","110/07/09","富邦-嘉義",40,0,40
"32968","2841台開","110/07/09","國票-北高雄",0,20,-20
"32969","2841台開","110/07/09","美商高盛",15,0,15
"32970","2841台開","110/07/09","永豐金-敦南",29,46,-17
"32971","2841台開","110/07/09","台中銀",15,0,15
"32972","2841台開","110/07/09","合庫-基隆",0,12,-12
"32973","2841台開","110/07/09","新光",11,0,11
"32974","2841台開","110/07/09","中國信託-松江",0,12,-12
"32975","2841台開","110/07/09","華南永昌-長虹",10,0,10
"32976","2841台開","110/07/09","兆豐-城中",0,12,-12
"32977","2841台開","110/07/09","永豐金-南投",10,0,10
"32978","2841台開","110/07/09","台中銀-豐原",0,10,-10
"32979","2841台開","110/07/09","合庫-桃園",7,0,7
"32980","2841台開","110/07/09","兆豐-景美",0,10,-10
"32981","2841台開","110/07/09","群益金鼎-古亭",7,0,7
"32982","2841台開","110/07/09","群益金鼎-基隆",0,10,-10
"32983","2841台開","110/07/09","國泰-敦南",6,0,6
"32984","2841台開","110/07/09","元大-北三重",0,10,-10
"32985","2841台開","110/07/09","凱基-桃園",8,2,6
"32986","2841台開","110/07/09","(牛牛牛)亞-網路",0,9,-9
"32987","2841台開","110/07/09","日盛證券",5,0,5
"32988","2841台開","110/07/09","台新-高雄",1,10,-9
"32989","2841台開","110/07/09","元富-文心",5,0,5
"32990","2841台開","110/07/09","凱基-台北",0,7,-7
"32991","6207雷科","110/07/09","群益金鼎-新竹",47,0,47
"32992","6207雷科","110/07/09","新光",7,24,-17
"32993","6207雷科","110/07/09","永豐金-三重",31,0,31
"32994","6207雷科","110/07/09","日盛-和美",0,15,-15
"32995","6207雷科","110/07/09","新加坡商瑞銀",33,5,28
"32996","6207雷科","110/07/09","國泰-台南",0,15,-15
"32997","6207雷科","110/07/09","元大-高雄",26,0,26
"32998","6207雷科","110/07/09","華南永昌-古亭",0,14,-14
"32999","6207雷科","110/07/09","統一-員林",22,0,22
"33000","6207雷科","110/07/09","土銀-白河",0,11,-11
"33001","6207雷科","110/07/09","台新-高雄",22,0,22
"33002","6207雷科","110/07/09","日盛-台南",0,10,-10
"33003","6207雷科","110/07/09","摩根大通",34,17,17
"33004","6207雷科","110/07/09","元富-林園",0,10,-10
"33005","6207雷科","110/07/09","元大-博愛",17,1,16
"33006","6207雷科","110/07/09","富邦-園區",0,10,-10
"33007","6207雷科","110/07/09","日茂-埔里",12,0,12
"33008","6207雷科","110/07/09","元大-上新莊",0,10,-10
"33009","6207雷科","110/07/09","國泰-台中",17,6,11
"33010","6207雷科","110/07/09","永豐金-南京",0,10,-10
"33011","6207雷科","110/07/09","富邦-三重",10,0,10
"33012","6207雷科","110/07/09","兆豐-小港",0,6,-6
"33013","6207雷科","110/07/09","元大-沙鹿",10,0,10
"33014","6207雷科","110/07/09","富邦-羅東",1,7,-6
"33015","6207雷科","110/07/09","元大-八德",10,0,10
"33016","6207雷科","110/07/09","元大-土城永寧",0,6,-6
"33017","6207雷科","110/07/09","第一金-路竹",11,2,9
"33018","6207雷科","110/07/09","永豐金-板盛",0,6,-6
"33019","6207雷科","110/07/09","統一-南京",5,0,5
"33020","6207雷科","110/07/09","日盛-板橋",0,5,-5
"33021","3679新至陞","110/07/09","元大-大天母",10,0,10
"33022","3679新至陞","110/07/09","第一金-光復",0,11,-11
"33023","3679新至陞","110/07/09","日盛-樹林",9,0,9
"33024","3679新至陞","110/07/09","瑞士信貸",0,8,-8
"33025","3679新至陞","110/07/09","凱基-台北",11,2,9
"33026","3679新至陞","110/07/09","大慶-苗栗",0,5,-5
"33027","3679新至陞","110/07/09","華南永昌-小港",8,0,8
"33028","3679新至陞","110/07/09","元大-永春",0,5,-5
"33029","3679新至陞","110/07/09","兆豐-來福",7,0,7
"33030","3679新至陞","110/07/09","日盛-和美",0,4,-4
"33031","3679新至陞","110/07/09","香港上海匯豐",5,0,5
"33032","3679新至陞","110/07/09","元大-雙和",0,3,-3
"33033","3679新至陞","110/07/09","台中銀-員林",3,0,3
"33034","3679新至陞","110/07/09","永豐金-屏東",0,3,-3
"33035","3679新至陞","110/07/09","新光",3,0,3
"33036","3679新至陞","110/07/09","彰銀",0,2,-2
"33037","3679新至陞","110/07/09","土銀-花蓮",2,0,2
"33038","3679新至陞","110/07/09","宏遠-館前",0,2,-2
"33039","3679新至陞","110/07/09","第一金-澎湖",2,0,2
"33040","3679新至陞","110/07/09","港商野村",0,2,-2
"33041","3679新至陞","110/07/09","摩根大通",2,0,2
"33042","3679新至陞","110/07/09","大昌-新店",0,2,-2
"33043","3679新至陞","110/07/09","國泰-敦南",2,0,2
"33044","3679新至陞","110/07/09","元大-新莊",0,2,-2
"33045","3679新至陞","110/07/09","元大-淡水",4,2,2
"33046","3679新至陞","110/07/09","元大-板橋",0,2,-2
"33047","3679新至陞","110/07/09","日盛-士林",1,0,1
"33048","3679新至陞","110/07/09","台灣摩根士丹利",0,1,-1
"33049","3679新至陞","110/07/09","日盛-信義",1,0,1
"33050","3679新至陞","110/07/09","第一金-高雄",0,1,-1
"33051","2727王品","110/07/09","台灣匯立證券",90,0,90
"33052","2727王品","110/07/09","台灣摩根士丹利",0,267,-267
"33053","2727王品","110/07/09","國泰-敦南",166,84,82
"33054","2727王品","110/07/09","富邦-台北",35,299,-264
"33055","2727王品","110/07/09","富邦-仁愛",56,12,44
"33056","2727王品","110/07/09","凱基-台北",174,296,-122
"33057","2727王品","110/07/09","台新證券",109,66,43
"33058","2727王品","110/07/09","第一金",2,102,-100
"33059","2727王品","110/07/09","新光",117,87,30
"33060","2727王品","110/07/09","群益金鼎-大安",0,80,-80
"33061","2727王品","110/07/09","臺銀-臺中",35,6,29
"33062","2727王品","110/07/09","兆豐-大安",7,60,-53
"33063","2727王品","110/07/09","元大-桃園",32,3,29
"33064","2727王品","110/07/09","永豐金-南投",0,50,-50
"33065","2727王品","110/07/09","元富-宜蘭",34,6,28
"33066","2727王品","110/07/09","新加坡商瑞銀",6,46,-40
"33067","2727王品","110/07/09","玉山-台中",34,8,26
"33068","2727王品","110/07/09","合庫-彰化",11,50,-39
"33069","2727王品","110/07/09","群益金鼎-宜蘭",30,4,26
"33070","2727王品","110/07/09","永豐金-萬盛",13,52,-39
"33071","2727王品","110/07/09","富邦-台中",42,16,26
"33072","2727王品","110/07/09","瑞士信貸",0,34,-34
"33073","2727王品","110/07/09","第一金-豐原",25,1,24
"33074","2727王品","110/07/09","元大-和平",4,35,-31
"33075","2727王品","110/07/09","臺銀",30,8,22
"33076","2727王品","110/07/09","美林",14,44,-30
"33077","2727王品","110/07/09","兆豐-來福",23,1,22
"33078","2727王品","110/07/09","元大-員林",9,38,-29
"33079","2727王品","110/07/09","玉山-士林",22,2,20
"33080","2727王品","110/07/09","元富-西松",4,31,-27
"33081","1570力肯","110/07/09","凱基-台北",30,1,29
"33082","1570力肯","110/07/09","群益金鼎-彰化",0,20,-20
"33083","1570力肯","110/07/09","新光-台南",20,0,20
"33084","1570力肯","110/07/09","元大-土城學府",0,20,-20
"33085","1570力肯","110/07/09","元大-高雄",20,0,20
"33086","1570力肯","110/07/09","元大-大統",0,16,-16
"33087","1570力肯","110/07/09","國票-中正",12,0,12
"33088","1570力肯","110/07/09","元大-新營",0,11,-11
"33089","1570力肯","110/07/09","日盛-高雄",6,0,6
"33090","1570力肯","110/07/09","元大-和平",0,10,-10
"33091","1570力肯","110/07/09","元富-緯城",6,0,6
"33092","1570力肯","110/07/09","元大-草屯",0,10,-10
"33093","1570力肯","110/07/09","群益金鼎-台南",6,0,6
"33094","1570力肯","110/07/09","元大-鹿港",0,9,-9
"33095","1570力肯","110/07/09","華南永昌-岡山",6,0,6
"33096","1570力肯","110/07/09","合庫-基隆",0,7,-7
"33097","1570力肯","110/07/09","統一-中壢",5,0,5
"33098","1570力肯","110/07/09","摩根大通",2,8,-6
"33099","1570力肯","110/07/09","凱基-三峽",5,0,5
"33100","1570力肯","110/07/09","台灣企銀-豐原",0,4,-4
"33101","1570力肯","110/07/09","大昌-樹林",4,0,4
"33102","1570力肯","110/07/09","日盛-桃園",0,4,-4
"33103","1570力肯","110/07/09","新光",3,0,3
"33104","1570力肯","110/07/09","國泰-高雄",0,3,-3
"33105","1570力肯","110/07/09","富邦-新竹華信",3,0,3
"33106","1570力肯","110/07/09","永豐金-敦南",0,3,-3
"33107","1570力肯","110/07/09","合庫-台中",2,0,2
"33108","1570力肯","110/07/09","土銀-彰化",0,2,-2
"33109","1570力肯","110/07/09","臺銀-臺中",2,0,2
"33110","1570力肯","110/07/09","臺銀-鳳山",0,2,-2
"33111","6180橘子","110/07/09","摩根大通",63,1,62
"33112","6180橘子","110/07/09","元大-南京",1,32,-31
"33113","6180橘子","110/07/09","富邦-陽明",73,33,40
"33114","6180橘子","110/07/09","群益金鼎-台北",0,25,-25
"33115","6180橘子","110/07/09","新加坡商瑞銀",31,0,31
"33116","6180橘子","110/07/09","兆豐-復興",0,21,-21
"33117","6180橘子","110/07/09","美商高盛",25,0,25
"33118","6180橘子","110/07/09","永豐金-嘉義",0,21,-21
"33119","6180橘子","110/07/09","凱基-台北",26,10,16
"33120","6180橘子","110/07/09","凱基-中壢",8,24,-16
"33121","6180橘子","110/07/09","華南永昌-楠梓",13,0,13
"33122","6180橘子","110/07/09","致和-崇德",0,15,-15
"33123","6180橘子","110/07/09","華南永昌-朴子",11,0,11
"33124","6180橘子","110/07/09","群益金鼎-屏東",0,15,-15
"33125","6180橘子","110/07/09","元大-北港",11,0,11
"33126","6180橘子","110/07/09","群益金鼎-中山",0,15,-15
"33127","6180橘子","110/07/09","元大-成功",10,1,9
"33128","6180橘子","110/07/09","瑞士信貸",1,15,-14
"33129","6180橘子","110/07/09","新光",26,18,8
"33130","6180橘子","110/07/09","日盛-二林",0,10,-10
"33131","6180橘子","110/07/09","統一-三重",6,0,6
"33132","6180橘子","110/07/09","凱基-東門",0,10,-10
"33133","6180橘子","110/07/09","群益金鼎-嘉義",6,0,6
"33134","6180橘子","110/07/09","華南永昌-三重",0,10,-10
"33135","6180橘子","110/07/09","元大-員林中山",6,0,6
"33136","6180橘子","110/07/09","元大-彰化民生",1,11,-10
"33137","6180橘子","110/07/09","合庫-鳳山",5,0,5
"33138","6180橘子","110/07/09","永豐金-新店",1,11,-10
"33139","6180橘子","110/07/09","富邦-建國",6,1,5
"33140","6180橘子","110/07/09","群益金鼎-丹鳳",0,8,-8
"33141","2390云辰","110/07/09","摩根大通",279,56,223
"33142","2390云辰","110/07/09","元大-天母",0,127,-127
"33143","2390云辰","110/07/09","日盛-鳳山",110,2,108
"33144","2390云辰","110/07/09","中國信託-文心",5,109,-104
"33145","2390云辰","110/07/09","宏遠證券",100,0,100
"33146","2390云辰","110/07/09","永豐金-復興",0,55,-55
"33147","2390云辰","110/07/09","元大-大里",63,6,57
"33148","2390云辰","110/07/09","凱基-台北",239,286,-47
"33149","2390云辰","110/07/09","凱基-八德",59,10,49
"33150","2390云辰","110/07/09","德信",2,32,-30
"33151","2390云辰","110/07/09","合庫-新竹",40,0,40
"33152","2390云辰","110/07/09","兆豐-桃鶯",2,32,-30
"33153","2390云辰","110/07/09","國票",40,1,39
"33154","2390云辰","110/07/09","致和-南京",0,30,-30
"33155","2390云辰","110/07/09","新加坡商瑞銀",49,13,36
"33156","2390云辰","110/07/09","富邦-虎尾",1,31,-30
"33157","2390云辰","110/07/09","統一-新台中",36,2,34
"33158","2390云辰","110/07/09","元大-善化",2,31,-29
"33159","2390云辰","110/07/09","國票-嘉義",31,0,31
"33160","2390云辰","110/07/09","富邦-板橋",0,27,-27
"33161","2390云辰","110/07/09","華南永昌",35,7,28
"33162","2390云辰","110/07/09","富邦-永和",3,28,-25
"33163","2390云辰","110/07/09","玉山-台中",49,22,27
"33164","2390云辰","110/07/09","第一金-自由",20,44,-24
"33165","2390云辰","110/07/09","華南永昌-敦南",25,0,25
"33166","2390云辰","110/07/09","凱基-內湖",0,24,-24
"33167","2390云辰","110/07/09","新光-高雄",27,4,23
"33168","2390云辰","110/07/09","元大-汐止",1,24,-23
"33169","2390云辰","110/07/09","台灣摩根士丹利",85,63,22
"33170","2390云辰","110/07/09","新光-台中",12,33,-21
"33171","4903聯光通","110/07/08","元富-新興",18,0,18
"33172","4903聯光通","110/07/08","中國信託-中壢",0,14,-14
"33173","4903聯光通","110/07/08","元大-苗栗",9,0,9
"33174","4903聯光通","110/07/08","彰銀",0,7,-7
"33175","4903聯光通","110/07/08","兆豐-鹿港",3,0,3
"33176","4903聯光通","110/07/08","中國信託-松江",0,5,-5
"33177","4903聯光通","110/07/08","群益金鼎-萬華",2,0,2
"33178","4903聯光通","110/07/08","光和",0,2,-2
"33179","4903聯光通","110/07/08","元大-屏南",1,0,1
"33180","4903聯光通","110/07/08","元大-鶯歌",0,2,-2
"33181","4903聯光通","110/07/08","華南永昌-新莊",0,0,0
"33182","4903聯光通","110/07/08","群益金鼎-館前",0,1,-1
"33183","4903聯光通","110/07/08","元大-羅東",0,0,0
"33184","4903聯光通","110/07/08","華南永昌",0,1,-1
"33185","4903聯光通","110/07/08","元大-太平",2,3,-1
"33186","4903聯光通","110/07/08","華南永昌-新莊",0,0,0
"33187","4903聯光通","110/07/08","元大-羅東",0,0,0
"33188","2929淘帝","110/07/08","日盛-園區",90,6,84
"33189","2929淘帝","110/07/08","元大-太平",1,111,-110
"33190","2929淘帝","110/07/08","華南永昌-頭份",54,0,54
"33191","2929淘帝","110/07/08","港商野村",31,106,-75
"33192","2929淘帝","110/07/08","美商高盛",50,0,50
"33193","2929淘帝","110/07/08","凱基-板橋",62,111,-49
"33194","2929淘帝","110/07/08","台中銀-台北",50,0,50
"33195","2929淘帝","110/07/08","新光-台中",30,78,-48
"33196","2929淘帝","110/07/08","臺銀-臺南",30,0,30
"33197","2929淘帝","110/07/08","元富-永和",1,41,-40
"33198","2929淘帝","110/07/08","永豐金-大園",42,12,30
"33199","2929淘帝","110/07/08","永豐金-鳳山",0,28,-28
"33200","2929淘帝","110/07/08","元富-三重",30,1,29
"33201","2929淘帝","110/07/08","元大-南崁",0,26,-26
"33202","2929淘帝","110/07/08","兆豐-桃鶯",29,0,29
"33203","2929淘帝","110/07/08","元大-花蓮",2,27,-25
"33204","2929淘帝","110/07/08","元大-承德",20,3,17
"33205","2929淘帝","110/07/08","元大-府城",0,24,-24
"33206","2929淘帝","110/07/08","新光-新竹",13,0,13
"33207","2929淘帝","110/07/08","新光",21,43,-22
"33208","2929淘帝","110/07/08","富邦-內湖",13,0,13
"33209","2929淘帝","110/07/08","臺銀-民權",0,20,-20
"33210","2929淘帝","110/07/08","國泰-板橋",13,1,12
"33211","2929淘帝","110/07/08","摩根大通",66,84,-18
"33212","2929淘帝","110/07/08","第一金-大稻埕",10,0,10
"33213","2929淘帝","110/07/08","凱基-台北",0,17,-17
"33214","2929淘帝","110/07/08","統一-汐止",10,0,10
"33215","2929淘帝","110/07/08","元大-博愛",6,23,-17
"33216","2929淘帝","110/07/08","元富-大裕",10,0,10
"33217","2929淘帝","110/07/08","永豐金-桃盛",0,16,-16
"33218","5410國眾","110/07/08","元大-新盛",15,0,15
"33219","5410國眾","110/07/08","元大-旗山",0,50,-50
"33220","5410國眾","110/07/08","元大-屏南",10,0,10
"33221","5410國眾","110/07/08","元大-頭份",0,14,-14
"33222","5410國眾","110/07/08","元大-成功",10,0,10
"33223","5410國眾","110/07/08","國泰-高雄",0,8,-8
"33224","5410國眾","110/07/08","元大-東泰",7,0,7
"33225","5410國眾","110/07/08","元大-小港",0,7,-7
"33226","5410國眾","110/07/08","富邦-陽明",6,0,6
"33227","5410國眾","110/07/08","統一-嘉義",0,5,-5
"33228","5410國眾","110/07/08","臺銀-金山",5,0,5
"33229","5410國眾","110/07/08","兆豐-台中港",0,5,-5
"33230","5410國眾","110/07/08","日盛-員林",5,0,5
"33231","5410國眾","110/07/08","凱基-屏東",0,5,-5
"33232","5410國眾","110/07/08","摩根大通",5,0,5
"33233","5410國眾","110/07/08","元大-八德",0,5,-5
"33234","5410國眾","110/07/08","富邦-桃園",5,0,5
"33235","5410國眾","110/07/08","元富-嘉義",0,4,-4
"33236","5410國眾","110/07/08","元富-大昌",4,0,4
"33237","5410國眾","110/07/08","玉山-雙和",0,4,-4
"33238","5410國眾","110/07/08","台新-台中",4,0,4
"33239","5410國眾","110/07/08","凱基-高美館",1,5,-4
"33240","5410國眾","110/07/08","華南永昌-小港",5,1,4
"33241","5410國眾","110/07/08","統一-員林",0,3,-3
"33242","5410國眾","110/07/08","元大-新竹",5,1,4
"33243","5410國眾","110/07/08","臺銀-鳳山",0,2,-2
"33244","5410國眾","110/07/08","元大-土城學府",4,0,4
"33245","5410國眾","110/07/08","亞東",0,2,-2
"33246","5410國眾","110/07/08","元大-新莊",4,0,4
"33247","5410國眾","110/07/08","新光",0,2,-2
"33248","2841台開","110/07/08","元大-樹林",653,0,653
"33249","2841台開","110/07/08","港商野村",0,868,-868
"33250","2841台開","110/07/08","台新證券",115,0,115
"33251","2841台開","110/07/08","群益金鼎-忠孝",0,100,-100
"33252","2841台開","110/07/08","永豐金-豐原",105,0,105
"33253","2841台開","110/07/08","宏遠-高雄",0,56,-56
"33254","2841台開","110/07/08","元富-新興",100,0,100
"33255","2841台開","110/07/08","新光",3,38,-35
"33256","2841台開","110/07/08","凱基-文心",50,0,50
"33257","2841台開","110/07/08","花旗環球",0,29,-29
"33258","2841台開","110/07/08","元大-八德",40,0,40
"33259","2841台開","110/07/08","富邦-仁愛",2,30,-28
"33260","2841台開","110/07/08","日盛-雙和",30,0,30
"33261","2841台開","110/07/08","元富-潮州",0,24,-24
"33262","2841台開","110/07/08","統一-竹南",30,0,30
"33263","2841台開","110/07/08","元大-沙鹿",0,20,-20
"33264","2841台開","110/07/08","凱基-台南",30,0,30
"33265","2841台開","110/07/08","元大-汐止",0,20,-20
"33266","2841台開","110/07/08","元大-福營",30,0,30
"33267","2841台開","110/07/08","合庫-嘉義",2,20,-18
"33268","2841台開","110/07/08","合庫-台中",22,0,22
"33269","2841台開","110/07/08","國泰-敦南",3,21,-18
"33270","2841台開","110/07/08","大昌-安康",28,10,18
"33271","2841台開","110/07/08","日盛-竹北",0,15,-15
"33272","2841台開","110/07/08","元大-斗信",15,0,15
"33273","2841台開","110/07/08","元大-三重",0,15,-15
"33274","2841台開","110/07/08","富邦-台北",13,0,13
"33275","2841台開","110/07/08","永豐金-敦南",45,60,-15
"33276","2841台開","110/07/08","合庫-桃園",10,0,10
"33277","2841台開","110/07/08","(牛牛牛)亞-網路",0,12,-12
"33278","6207雷科","110/07/08","台新-高雄",54,2,52
"33279","6207雷科","110/07/08","群益金鼎-丹鳳",0,60,-60
"33280","6207雷科","110/07/08","新光-台中",18,0,18
"33281","6207雷科","110/07/08","元大-頭份",1,56,-55
"33282","6207雷科","110/07/08","日盛-嘉義",16,0,16
"33283","6207雷科","110/07/08","國票-中和",0,30,-30
"33284","6207雷科","110/07/08","合庫-鳳山",15,0,15
"33285","6207雷科","110/07/08","凱基-台北",1,29,-28
"33286","6207雷科","110/07/08","臺銀-臺中",12,0,12
"33287","6207雷科","110/07/08","兆豐-板橋",0,25,-25
"33288","6207雷科","110/07/08","群益金鼎-土城",12,0,12
"33289","6207雷科","110/07/08","凱基-城中",4,25,-21
"33290","6207雷科","110/07/08","新光",25,14,11
"33291","6207雷科","110/07/08","日進",0,20,-20
"33292","6207雷科","110/07/08","凱基-中壢",11,0,11
"33293","6207雷科","110/07/08","台新證券",3,20,-17
"33294","6207雷科","110/07/08","台灣企銀",10,0,10
"33295","6207雷科","110/07/08","群益金鼎-中山",0,16,-16
"33296","6207雷科","110/07/08","第一金-新興",11,1,10
"33297","6207雷科","110/07/08","元大-東門",0,16,-16
"33298","6207雷科","110/07/08","元富-吉利",10,0,10
"33299","6207雷科","110/07/08","群益金鼎-大甲",0,13,-13
"33300","6207雷科","110/07/08","光和-和美",10,0,10
"33301","6207雷科","110/07/08","日盛-板橋",0,10,-10
"33302","6207雷科","110/07/08","永豐金-南京",10,0,10
"33303","6207雷科","110/07/08","日盛-中壢",0,10,-10
"33304","6207雷科","110/07/08","土銀",8,0,8
"33305","6207雷科","110/07/08","摩根大通",125,135,-10
"33306","6207雷科","110/07/08","中國信託-高雄",8,0,8
"33307","6207雷科","110/07/08","凱基-五股",0,10,-10
"33308","3679新至陞","110/07/08","華南永昌-台中",17,0,17
"33309","3679新至陞","110/07/08","大慶-蘆洲",0,10,-10
"33310","3679新至陞","110/07/08","國泰-桃園",6,0,6
"33311","3679新至陞","110/07/08","華南永昌-小港",0,7,-7
"33312","3679新至陞","110/07/08","元大-永春",6,0,6
"33313","3679新至陞","110/07/08","國泰-館前",0,3,-3
"33314","3679新至陞","110/07/08","香港上海匯豐",4,0,4
"33315","3679新至陞","110/07/08","元大-板橋",0,3,-3
"33316","3679新至陞","110/07/08","中國信託-新竹",3,0,3
"33317","3679新至陞","110/07/08","港商法國興業",0,2,-2
"33318","3679新至陞","110/07/08","國票-敦北法人",3,0,3
"33319","3679新至陞","110/07/08","第一金-忠孝",0,2,-2
"33320","3679新至陞","110/07/08","群益金鼎-台南",2,0,2
"33321","3679新至陞","110/07/08","元富-古亭",0,2,-2
"33322","3679新至陞","110/07/08","凱基",2,0,2
"33323","3679新至陞","110/07/08","摩根大通",1,3,-2
"33324","3679新至陞","110/07/08","凱基-台北",6,4,2
"33325","3679新至陞","110/07/08","富邦-板橋",0,2,-2
"33326","3679新至陞","110/07/08","日盛-信義",1,0,1
"33327","3679新至陞","110/07/08","元大-文心興安",0,2,-2
"33328","3679新至陞","110/07/08","日盛-新莊",1,0,1
"33329","3679新至陞","110/07/08","臺銀-高雄",0,1,-1
"33330","3679新至陞","110/07/08","大慶",1,0,1
"33331","3679新至陞","110/07/08","日盛-高雄",0,1,-1
"33332","3679新至陞","110/07/08","兆豐-三重",1,0,1
"33333","3679新至陞","110/07/08","日盛-文化",0,1,-1
"33334","3679新至陞","110/07/08","致和-東門",1,0,1
"33335","3679新至陞","110/07/08","美商高盛",0,1,-1
"33336","3679新至陞","110/07/08","台新證券",1,0,1
"33337","3679新至陞","110/07/08","瑞士信貸",0,1,-1
"33338","2727王品","110/07/08","群益金鼎-大安",80,0,80
"33339","2727王品","110/07/08","台灣摩根士丹利",1,300,-299
"33340","2727王品","110/07/08","富邦-台北",237,165,72
"33341","2727王品","110/07/08","元大證券",173,439,-266
"33342","2727王品","110/07/08","永豐金-萬盛",55,5,50
"33343","2727王品","110/07/08","統一",33,200,-167
"33344","2727王品","110/07/08","永豐金-南投",53,10,43
"33345","2727王品","110/07/08","凱基-台北",476,615,-139
"33346","2727王品","110/07/08","國泰-敦南",190,148,42
"33347","2727王品","110/07/08","永豐金-松山",8,138,-130
"33348","2727王品","110/07/08","台新-高雄",71,36,35
"33349","2727王品","110/07/08","新加坡商瑞銀",38,138,-100
"33350","2727王品","110/07/08","富邦-建國",62,27,35
"33351","2727王品","110/07/08","富邦-嘉義",84,182,-98
"33352","2727王品","110/07/08","永豐金證券",50,15,35
"33353","2727王品","110/07/08","元富-台南",4,99,-95
"33354","2727王品","110/07/08","港商野村",185,152,33
"33355","2727王品","110/07/08","凱基-永華",4,92,-88
"33356","2727王品","110/07/08","元大-嘉義",35,3,32
"33357","2727王品","110/07/08","凱基-大直",2,73,-71
"33358","2727王品","110/07/08","台新-三民",35,4,31
"33359","2727王品","110/07/08","美林",105,164,-59
"33360","2727王品","110/07/08","凱基-桃園",35,4,31
"33361","2727王品","110/07/08","第一金-台南",11,63,-52
"33362","2727王品","110/07/08","元大-和平",41,10,31
"33363","2727王品","110/07/08","摩根大通",216,259,-43
"33364","2727王品","110/07/08","兆豐-大安",33,5,28
"33365","2727王品","110/07/08","元大-員林",9,50,-41
"33366","2727王品","110/07/08","元大-新盛",33,6,27
"33367","2727王品","110/07/08","兆豐-虎尾",1,41,-40
"33368","1570力肯","110/07/08","群益金鼎-三重",20,0,20
"33369","1570力肯","110/07/08","中國信託-永康",0,26,-26
"33370","1570力肯","110/07/08","凱基-中壢",20,0,20
"33371","1570力肯","110/07/08","統一-敦南",0,12,-12
"33372","1570力肯","110/07/08","群益金鼎-台南",14,0,14
"33373","1570力肯","110/07/08","國票-博愛",0,10,-10
"33374","1570力肯","110/07/08","元富-緯城",10,0,10
"33375","1570力肯","110/07/08","元大-西門",0,10,-10
"33376","1570力肯","110/07/08","瑞士信貸",7,0,7
"33377","1570力肯","110/07/08","新光",0,9,-9
"33378","1570力肯","110/07/08","摩根大通",6,0,6
"33379","1570力肯","110/07/08","永豐金-大園",0,9,-9
"33380","1570力肯","110/07/08","土銀-白河",5,0,5
"33381","1570力肯","110/07/08","日盛-大墩",0,6,-6
"33382","1570力肯","110/07/08","台灣摩根士丹利",4,0,4
"33383","1570力肯","110/07/08","台新證券",0,6,-6
"33384","1570力肯","110/07/08","元大-新莊",3,0,3
"33385","1570力肯","110/07/08","永全",0,5,-5
"33386","1570力肯","110/07/08","永豐金-苓雅",3,0,3
"33387","1570力肯","110/07/08","元大-天母",0,5,-5
"33388","1570力肯","110/07/08","合庫-三重",2,0,2
"33389","1570力肯","110/07/08","元富-吉利",0,3,-3
"33390","1570力肯","110/07/08","(牛牛牛)亞-鑫豐",2,0,2
"33391","1570力肯","110/07/08","國泰-高雄",0,3,-3
"33392","1570力肯","110/07/08","玉山-大里",2,0,2
"33393","1570力肯","110/07/08","群益金鼎-北高雄",0,3,-3
"33394","1570力肯","110/07/08","國泰-敦南",2,0,2
"33395","1570力肯","110/07/08","群益金鼎-東門",0,2,-2
"33396","1570力肯","110/07/08","華南永昌-岡山",2,0,2
"33397","1570力肯","110/07/08","日盛-高雄",5,6,-1
"33398","6180橘子","110/07/08","新光",30,4,26
"33399","6180橘子","110/07/08","元大-土城學府",0,89,-89
"33400","6180橘子","110/07/08","康和-台南",22,0,22
"33401","6180橘子","110/07/08","凱基-東勢",1,66,-65
"33402","6180橘子","110/07/08","國泰-板橋",22,0,22
"33403","6180橘子","110/07/08","光和",0,64,-64
"33404","6180橘子","110/07/08","日盛-文化",21,0,21
"33405","6180橘子","110/07/08","中國信託-忠孝",0,50,-50
"33406","6180橘子","110/07/08","中國信託-文心",20,2,18
"33407","6180橘子","110/07/08","元富-大裕",0,25,-25
"33408","6180橘子","110/07/08","凱基-台北",39,24,15
"33409","6180橘子","110/07/08","統一-基隆",1,25,-24
"33410","6180橘子","110/07/08","元富-新店",14,0,14
"33411","6180橘子","110/07/08","美商高盛",1,21,-20
"33412","6180橘子","110/07/08","元大-土城永寧",11,0,11
"33413","6180橘子","110/07/08","元大證券",1,19,-18
"33414","6180橘子","110/07/08","永豐金-南京",11,0,11
"33415","6180橘子","110/07/08","元大-太平",2,20,-18
"33416","6180橘子","110/07/08","宏遠-館前",10,0,10
"33417","6180橘子","110/07/08","合庫證券",2,18,-16
"33418","6180橘子","110/07/08","國泰-新莊",10,0,10
"33419","6180橘子","110/07/08","台灣摩根士丹利",1,12,-11
"33420","6180橘子","110/07/08","群益金鼎",10,0,10
"33421","6180橘子","110/07/08","瑞士信貸",0,11,-11
"33422","6180橘子","110/07/08","凱基-高雄",10,0,10
"33423","6180橘子","110/07/08","元富-嘉義",0,11,-11
"33424","6180橘子","110/07/08","凱基-大安",10,0,10
"33425","6180橘子","110/07/08","新光-高雄",0,11,-11
"33426","6180橘子","110/07/08","富邦-仁愛",10,0,10
"33427","6180橘子","110/07/08","大慶-苗栗",0,10,-10
"33428","2390云辰","110/07/08","統一-新台中",126,1,125
"33429","2390云辰","110/07/08","摩根大通",62,661,-599
"33430","2390云辰","110/07/08","元大-員林",111,0,111
"33431","2390云辰","110/07/08","新加坡商瑞銀",0,173,-173
"33432","2390云辰","110/07/08","合庫-高雄",105,0,105
"33433","2390云辰","110/07/08","元大-天母",7,150,-143
"33434","2390云辰","110/07/08","凱基-台北",255,177,78
"33435","2390云辰","110/07/08","台灣摩根士丹利",0,134,-134
"33436","2390云辰","110/07/08","新光",71,17,54
"33437","2390云辰","110/07/08","玉山-台中",17,120,-103
"33438","2390云辰","110/07/08","國票-嘉義",53,0,53
"33439","2390云辰","110/07/08","美商高盛",0,78,-78
"33440","2390云辰","110/07/08","富邦-仁愛",53,4,49
"33441","2390云辰","110/07/08","美林",11,82,-71
"33442","2390云辰","110/07/08","兆豐-城中",48,0,48
"33443","2390云辰","110/07/08","群益金鼎-大興",35,106,-71
"33444","2390云辰","110/07/08","元大-新營",47,0,47
"33445","2390云辰","110/07/08","光和",11,71,-60
"33446","2390云辰","110/07/08","國泰-敦南",89,55,34
"33447","2390云辰","110/07/08","國泰-台中",28,70,-42
"33448","2390云辰","110/07/08","兆豐-台中",40,7,33
"33449","2390云辰","110/07/08","玉山-新莊",6,46,-40
"33450","2390云辰","110/07/08","永豐金-中正",36,6,30
"33451","2390云辰","110/07/08","富邦-台北",21,57,-36
"33452","2390云辰","110/07/08","中國信託-三重",29,0,29
"33453","2390云辰","110/07/08","土銀-台中",0,30,-30
"33454","2390云辰","110/07/08","富邦-陽明",33,5,28
"33455","2390云辰","110/07/08","兆豐-埔墘",1,31,-30
"33456","2390云辰","110/07/08","元富-桃園",27,0,27
"33457","2390云辰","110/07/08","玉山-南京東路",3,33,-30
"33458","4903聯光通","110/07/07","元大-太平",47,4,43
"33459","4903聯光通","110/07/07","日盛-板橋",0,15,-15
"33460","4903聯光通","110/07/07","華南永昌-桃園",10,0,10
"33461","4903聯光通","110/07/07","元大-八德",0,9,-9
"33462","4903聯光通","110/07/07","元大-南投",9,0,9
"33463","4903聯光通","110/07/07","宏遠證券",0,7,-7
"33464","4903聯光通","110/07/07","新光-台中",3,0,3
"33465","4903聯光通","110/07/07","大慶",0,7,-7
"33466","4903聯光通","110/07/07","國泰-敦南",1,0,1
"33467","4903聯光通","110/07/07","群益金鼎-館前",0,6,-6
"33468","4903聯光通","110/07/07","國票-中正",0,0,0
"33469","4903聯光通","110/07/07","元大-羅東",0,5,-5
"33470","4903聯光通","110/07/07","康和-內湖",0,0,0
"33471","4903聯光通","110/07/07","新光",8,12,-4
"33472","4903聯光通","110/07/07","凱基-站前",0,0,0
"33473","4903聯光通","110/07/07","國泰-高雄",0,3,-3
"33474","4903聯光通","110/07/07","華南永昌",1,1,0
"33475","4903聯光通","110/07/07","第一金-台中",0,3,-3
"33476","4903聯光通","110/07/07","華南永昌-新莊",0,0,0
"33477","4903聯光通","110/07/07","中農",0,1,-1
"33478","4903聯光通","110/07/07","臺灣企銀-桃園",0,1,-1
"33479","4903聯光通","110/07/07","台新-新營",0,1,-1
"33480","4903聯光通","110/07/07","元大-鶯歌",2,3,-1
"33481","4903聯光通","110/07/07","元大-永和",0,1,-1
"33482","4903聯光通","110/07/07","元大-苑裡",0,1,-1
"33483","2929淘帝","110/07/07","統一",163,0,163
"33484","2929淘帝","110/07/07","新光-台中",57,142,-85
"33485","2929淘帝","110/07/07","港商野村",323,181,142
"33486","2929淘帝","110/07/07","兆豐-忠孝",0,76,-76
"33487","2929淘帝","110/07/07","日盛-中壢",132,10,122
"33488","2929淘帝","110/07/07","台新-建北",0,53,-53
"33489","2929淘帝","110/07/07","新加坡商瑞銀",140,19,121
"33490","2929淘帝","110/07/07","臺銀-鳳山",0,44,-44
"33491","2929淘帝","110/07/07","日盛-嘉義",101,0,101
"33492","2929淘帝","110/07/07","元大-新盛",0,42,-42
"33493","2929淘帝","110/07/07","摩根大通",101,16,85
"33494","2929淘帝","110/07/07","富邦-建國",6,47,-41
"33495","2929淘帝","110/07/07","元大-太平",55,2,53
"33496","2929淘帝","110/07/07","日盛-園區",0,40,-40
"33497","2929淘帝","110/07/07","元富-松德",50,1,49
"33498","2929淘帝","110/07/07","新光-高雄",1,38,-37
"33499","2929淘帝","110/07/07","凱基-板橋",53,5,48
"33500","2929淘帝","110/07/07","永豐金-三重",1,34,-33
"33501","2929淘帝","110/07/07","美林",80,34,46
"33502","2929淘帝","110/07/07","元大-彰化",0,31,-31
"33503","2929淘帝","110/07/07","元富-台南",41,0,41
"33504","2929淘帝","110/07/07","第一金-大稻埕",0,30,-30
"33505","2929淘帝","110/07/07","兆豐-竹北",39,0,39
"33506","2929淘帝","110/07/07","國泰-敦南",3,33,-30
"33507","2929淘帝","110/07/07","元大-西門",36,0,36
"33508","2929淘帝","110/07/07","富邦-員林",0,30,-30
"33509","2929淘帝","110/07/07","華南永昌",39,4,35
"33510","2929淘帝","110/07/07","元大-蘆洲",1,30,-29
"33511","2929淘帝","110/07/07","日盛-板橋中山",30,0,30
"33512","2929淘帝","110/07/07","台新-台南",4,32,-28
"33513","5410國眾","110/07/07","兆豐-城中",66,0,66
"33514","5410國眾","110/07/07","富邦-仁愛",0,115,-115
"33515","5410國眾","110/07/07","摩根大通",21,0,21
"33516","5410國眾","110/07/07","亞東-板橋",0,38,-38
"33517","5410國眾","110/07/07","元大-北投",21,0,21
"33518","5410國眾","110/07/07","凱基-台北",2,24,-22
"33519","5410國眾","110/07/07","亞東-新竹",15,0,15
"33520","5410國眾","110/07/07","彰銀-七賢",0,10,-10
"33521","5410國眾","110/07/07","元大-福營",12,0,12
"33522","5410國眾","110/07/07","凱基-基隆",0,10,-10
"33523","5410國眾","110/07/07","新光-高雄",11,0,11
"33524","5410國眾","110/07/07","凱基-屏東",0,10,-10
"33525","5410國眾","110/07/07","華南永昌-小港",10,0,10
"33526","5410國眾","110/07/07","凱基-鳳山",0,10,-10
"33527","5410國眾","110/07/07","元大-大灣",10,0,10
"33528","5410國眾","110/07/07","永豐金-忠孝",0,10,-10
"33529","5410國眾","110/07/07","元大-莒光",10,0,10
"33530","5410國眾","110/07/07","日盛-板橋中山",0,9,-9
"33531","5410國眾","110/07/07","台中銀-豐原",9,0,9
"33532","5410國眾","110/07/07","統一-高雄",0,5,-5
"33533","5410國眾","110/07/07","元大-南屯",9,0,9
"33534","5410國眾","110/07/07","元大-斗六",0,5,-5
"33535","5410國眾","110/07/07","日盛-新莊",7,0,7
"33536","5410國眾","110/07/07","元大-大益",0,5,-5
"33537","5410國眾","110/07/07","元富-大昌",6,0,6
"33538","5410國眾","110/07/07","元大-南投",0,5,-5
"33539","5410國眾","110/07/07","新光-新竹",6,0,6
"33540","5410國眾","110/07/07","永豐金-員林",0,5,-5
"33541","5410國眾","110/07/07","臺銀-金山",5,0,5
"33542","5410國眾","110/07/07","華南永昌-楠梓",0,4,-4
"33543","2841台開","110/07/07","永豐金-豐原",268,0,268
"33544","2841台開","110/07/07","凱基-市政",0,200,-200
"33545","2841台開","110/07/07","永豐金-南投",200,0,200
"33546","2841台開","110/07/07","永豐金-彰化",0,100,-100
"33547","2841台開","110/07/07","新光",139,9,130
"33548","2841台開","110/07/07","元大-開元",1,93,-92
"33549","2841台開","110/07/07","中國信託-高雄",50,1,49
"33550","2841台開","110/07/07","港商野村",0,80,-80
"33551","2841台開","110/07/07","元大-歸仁",40,0,40
"33552","2841台開","110/07/07","凱基-台南",25,85,-60
"33553","2841台開","110/07/07","台中銀",35,0,35
"33554","2841台開","110/07/07","美商高盛",1,58,-57
"33555","2841台開","110/07/07","台新-新營",30,0,30
"33556","2841台開","110/07/07","統一-三重",0,55,-55
"33557","2841台開","110/07/07","富邦-台南",30,0,30
"33558","2841台開","110/07/07","台新證券",12,50,-38
"33559","2841台開","110/07/07","國泰-板橋",30,1,29
"33560","2841台開","110/07/07","陽信-石牌",0,31,-31
"33561","2841台開","110/07/07","凱基-文心",28,0,28
"33562","2841台開","110/07/07","元大-福營",0,31,-31
"33563","2841台開","110/07/07","凱基-站前",27,0,27
"33564","2841台開","110/07/07","第一金-澎湖",0,30,-30
"33565","2841台開","110/07/07","大昌-安康",38,16,22
"33566","2841台開","110/07/07","元大-新莊",0,30,-30
"33567","2841台開","110/07/07","合庫-台中",20,0,20
"33568","2841台開","110/07/07","國泰-館前",0,28,-28
"33569","2841台開","110/07/07","日盛-台南",20,0,20
"33570","2841台開","110/07/07","元大-竹科",0,25,-25
"33571","2841台開","110/07/07","台中銀-員林",20,0,20
"33572","2841台開","110/07/07","富邦-仁愛",1,22,-21
"33573","6207雷科","110/07/07","元大-大天母",21,0,21
"33574","6207雷科","110/07/07","元大-高雄",0,105,-105
"33575","6207雷科","110/07/07","元大-頭份",18,0,18
"33576","6207雷科","110/07/07","永豐金-中正",0,35,-35
"33577","6207雷科","110/07/07","第一金-新興",16,0,16
"33578","6207雷科","110/07/07","摩根大通",8,39,-31
"33579","6207雷科","110/07/07","富邦-虎尾",12,0,12
"33580","6207雷科","110/07/07","元大-林園",0,30,-30
"33581","6207雷科","110/07/07","兆豐-板橋",10,0,10
"33582","6207雷科","110/07/07","凱基-台北",0,19,-19
"33583","6207雷科","110/07/07","玉山-台大",10,0,10
"33584","6207雷科","110/07/07","國票-中和",13,25,-12
"33585","6207雷科","110/07/07","元大-四維",10,0,10
"33586","6207雷科","110/07/07","新加坡商瑞銀",0,9,-9
"33587","6207雷科","110/07/07","元大-鹿港",10,0,10
"33588","6207雷科","110/07/07","玉山-高雄",0,8,-8
"33589","6207雷科","110/07/07","元大-信義",10,0,10
"33590","6207雷科","110/07/07","玉山-台南",0,8,-8
"33591","6207雷科","110/07/07","台新-三民",8,0,8
"33592","6207雷科","110/07/07","宏遠-高雄",0,5,-5
"33593","6207雷科","110/07/07","元大-上新莊",8,0,8
"33594","6207雷科","110/07/07","元大-南海",0,5,-5
"33595","6207雷科","110/07/07","大昌-桃園",7,0,7
"33596","6207雷科","110/07/07","元大-莒光",0,4,-4
"33597","6207雷科","110/07/07","新光-台中",10,4,6
"33598","6207雷科","110/07/07","港商野村",0,3,-3
"33599","6207雷科","110/07/07","日盛-頭份",5,0,5
"33600","6207雷科","110/07/07","大慶-台南",0,3,-3
"33601","6207雷科","110/07/07","日茂-埔里",5,0,5
"33602","6207雷科","110/07/07","凱基-站前",0,3,-3
"33603","3679新至陞","110/07/07","永豐金證券",18,0,18
"33604","3679新至陞","110/07/07","美林",0,13,-13
"33605","3679新至陞","110/07/07","元大-文心興安",6,0,6
"33606","3679新至陞","110/07/07","兆豐-大安",0,10,-10
"33607","3679新至陞","110/07/07","中農",5,0,5
"33608","3679新至陞","110/07/07","國泰-桃園",0,4,-4
"33609","3679新至陞","110/07/07","台新證券",4,0,4
"33610","3679新至陞","110/07/07","永豐金-虎尾",0,4,-4
"33611","3679新至陞","110/07/07","華南永昌-小港",4,0,4
"33612","3679新至陞","110/07/07","台灣摩根士丹利",0,3,-3
"33613","3679新至陞","110/07/07","元大-天母",4,0,4
"33614","3679新至陞","110/07/07","瑞士信貸",0,3,-3
"33615","3679新至陞","110/07/07","台中銀-員林",4,1,3
"33616","3679新至陞","110/07/07","統一-新竹",0,3,-3
"33617","3679新至陞","110/07/07","摩根大通",4,1,3
"33618","3679新至陞","110/07/07","統一-三重",0,3,-3
"33619","3679新至陞","110/07/07","凱基-台北",7,4,3
"33620","3679新至陞","110/07/07","凱基-竹北",0,3,-3
"33621","3679新至陞","110/07/07","華南永昌-高雄",3,0,3
"33622","3679新至陞","110/07/07","元富-世貿",0,2,-2
"33623","3679新至陞","110/07/07","永豐金-潮州",2,0,2
"33624","3679新至陞","110/07/07","兆豐-鹿港",0,2,-2
"33625","3679新至陞","110/07/07","合庫-新竹",1,0,1
"33626","3679新至陞","110/07/07","玉山-台大",0,2,-2
"33627","3679新至陞","110/07/07","土銀-高雄",1,0,1
"33628","3679新至陞","110/07/07","國泰-館前",0,2,-2
"33629","3679新至陞","110/07/07","元富-新興",1,0,1
"33630","3679新至陞","110/07/07","群益金鼎-新莊",0,2,-2
"33631","3679新至陞","110/07/07","富邦-中壢",1,0,1
"33632","3679新至陞","110/07/07","元大-桃園",0,2,-2
"33633","2727王品","110/07/07","第一金",62,0,62
"33634","2727王品","110/07/07","台灣摩根士丹利",1,177,-176
"33635","2727王品","110/07/07","凱基-埔墘",40,0,40
"33636","2727王品","110/07/07","凱基-台北",49,151,-102
"33637","2727王品","110/07/07","中國信託-忠孝",40,1,39
"33638","2727王品","110/07/07","摩根大通",19,107,-88
"33639","2727王品","110/07/07","玉山-板橋",40,6,34
"33640","2727王品","110/07/07","美商高盛",2,86,-84
"33641","2727王品","110/07/07","亞東-新竹",31,1,30
"33642","2727王品","110/07/07","元大-北屯",1,52,-51
"33643","2727王品","110/07/07","群益金鼎-宜蘭",25,1,24
"33644","2727王品","110/07/07","國泰證券",1,47,-46
"33645","2727王品","110/07/07","富邦-竹北",23,0,23
"33646","2727王品","110/07/07","統一",3,33,-30
"33647","2727王品","110/07/07","元大-旗山",23,0,23
"33648","2727王品","110/07/07","第一金-台中",1,30,-29
"33649","2727王品","110/07/07","元富-宜蘭",21,0,21
"33650","2727王品","110/07/07","華南永昌-中正",4,29,-25
"33651","2727王品","110/07/07","國票-長城",20,0,20
"33652","2727王品","110/07/07","美林",0,23,-23
"33653","2727王品","110/07/07","台新證券",47,28,19
"33654","2727王品","110/07/07","群益金鼎-館前",0,20,-20
"33655","2727王品","110/07/07","富邦-新竹華信",18,1,17
"33656","2727王品","110/07/07","國票-內壢",0,16,-16
"33657","2727王品","110/07/07","永豐金-中正",18,1,17
"33658","2727王品","110/07/07","兆豐-新莊",0,15,-15
"33659","2727王品","110/07/07","華南永昌-麻豆",17,1,16
"33660","2727王品","110/07/07","港商野村",15,28,-13
"33661","2727王品","110/07/07","永豐金-潮州",15,0,15
"33662","2727王品","110/07/07","元大-善化",1,13,-12
"33663","1570力肯","110/07/07","台新證券",88,0,88
"33664","1570力肯","110/07/07","新光",0,54,-54
"33665","1570力肯","110/07/07","摩根大通",49,15,34
"33666","1570力肯","110/07/07","元大-高雄",0,40,-40
"33667","1570力肯","110/07/07","合庫-桃園",20,0,20
"33668","1570力肯","110/07/07","國票-北高雄",38,50,-12
"33669","1570力肯","110/07/07","元大-土城學府",20,0,20
"33670","1570力肯","110/07/07","群益金鼎-嘉義",0,10,-10
"33671","1570力肯","110/07/07","永豐金-板盛",18,0,18
"33672","1570力肯","110/07/07","元大-草屯",0,10,-10
"33673","1570力肯","110/07/07","永豐金-永康",18,0,18
"33674","1570力肯","110/07/07","日盛-高雄",0,9,-9
"33675","1570力肯","110/07/07","統一-員林",14,0,14
"33676","1570力肯","110/07/07","第一金-路竹",0,9,-9
"33677","1570力肯","110/07/07","元大-竹山",6,0,6
"33678","1570力肯","110/07/07","元大-古亭",0,9,-9
"33679","1570力肯","110/07/07","統一-敦南",5,0,5
"33680","1570力肯","110/07/07","國票-中正",0,8,-8
"33681","1570力肯","110/07/07","元大-永和",5,0,5
"33682","1570力肯","110/07/07","群益金鼎-鳳山",0,6,-6
"33683","1570力肯","110/07/07","元富-大裕",4,0,4
"33684","1570力肯","110/07/07","元大-土城永寧",0,6,-6
"33685","1570力肯","110/07/07","華南永昌-斗六",4,0,4
"33686","1570力肯","110/07/07","中國信託",0,5,-5
"33687","1570力肯","110/07/07","永豐金-松山",6,3,3
"33688","1570力肯","110/07/07","日盛-板橋",0,4,-4
"33689","1570力肯","110/07/07","永豐金-南投",4,1,3
"33690","1570力肯","110/07/07","日盛-木柵",0,4,-4
"33691","1570力肯","110/07/07","土銀-彰化",2,0,2
"33692","1570力肯","110/07/07","玉山-桃園",0,4,-4
"33693","6180橘子","110/07/07","臺銀-金山",27,0,27
"33694","6180橘子","110/07/07","凱基-台北",6,36,-30
"33695","6180橘子","110/07/07","元富-潮州",20,0,20
"33696","6180橘子","110/07/07","元大-天母",1,26,-25
"33697","6180橘子","110/07/07","凱基-中山",20,0,20
"33698","6180橘子","110/07/07","富邦-陽明",0,22,-22
"33699","6180橘子","110/07/07","元大-太平",23,4,19
"33700","6180橘子","110/07/07","日盛-頭份",0,20,-20
"33701","6180橘子","110/07/07","摩根大通",17,0,17
"33702","6180橘子","110/07/07","富邦-仁愛",0,20,-20
"33703","6180橘子","110/07/07","元大-草屯",20,3,17
"33704","6180橘子","110/07/07","永豐金-新莊",0,20,-20
"33705","6180橘子","110/07/07","華南永昌-楠梓",15,1,14
"33706","6180橘子","110/07/07","台灣摩根士丹利",0,18,-18
"33707","6180橘子","110/07/07","中國信託-永康",12,0,12
"33708","6180橘子","110/07/07","華南永昌-長虹",1,16,-15
"33709","6180橘子","110/07/07","日盛-文化",10,0,10
"33710","6180橘子","110/07/07","新光-新竹",0,12,-12
"33711","6180橘子","110/07/07","國泰-館前",10,0,10
"33712","6180橘子","110/07/07","凱基-中壢",0,12,-12
"33713","6180橘子","110/07/07","華南永昌-鶯歌",10,0,10
"33714","6180橘子","110/07/07","第一金-忠孝",0,11,-11
"33715","6180橘子","110/07/07","元大-豐原站前",10,0,10
"33716","6180橘子","110/07/07","元大-沙鹿",0,11,-11
"33717","6180橘子","110/07/07","元大-北屯",10,0,10
"33718","6180橘子","110/07/07","永豐金-羅東",0,11,-11
"33719","6180橘子","110/07/07","兆豐-台中",10,1,9
"33720","6180橘子","110/07/07","兆豐-埔墘",0,10,-10
"33721","6180橘子","110/07/07","群益金鼎-開元",9,0,9
"33722","6180橘子","110/07/07","華南永昌-台中",0,10,-10
"33723","2390云辰","110/07/07","元大-向上",144,0,144
"33724","2390云辰","110/07/07","摩根大通",18,674,-656
"33725","2390云辰","110/07/07","元富-中港",102,0,102
"33726","2390云辰","110/07/07","凱基-台北",141,625,-484
"33727","2390云辰","110/07/07","群益金鼎-民權",104,4,100
"33728","2390云辰","110/07/07","美林",32,261,-229
"33729","2390云辰","110/07/07","兆豐-忠孝",81,0,81
"33730","2390云辰","110/07/07","新加坡商瑞銀",50,149,-99
"33731","2390云辰","110/07/07","合庫-新竹",60,0,60
"33732","2390云辰","110/07/07","台灣摩根士丹利",7,87,-80
"33733","2390云辰","110/07/07","元大-土城學府",59,1,58
"33734","2390云辰","110/07/07","元大-金華",2,68,-66
"33735","2390云辰","110/07/07","玉山-大里",58,3,55
"33736","2390云辰","110/07/07","國票-新莊",13,65,-52
"33737","2390云辰","110/07/07","元大-東蘆",54,1,53
"33738","2390云辰","110/07/07","凱基-三重",12,56,-44
"33739","2390云辰","110/07/07","元富-三重",51,0,51
"33740","2390云辰","110/07/07","新光-台中",23,65,-42
"33741","2390云辰","110/07/07","元富-埔里",50,0,50
"33742","2390云辰","110/07/07","第一金-中壢",5,45,-40
"33743","2390云辰","110/07/07","中國信託-三重",52,3,49
"33744","2390云辰","110/07/07","華南永昌-斗六",0,40,-40
"33745","2390云辰","110/07/07","元大-彰化民生",64,15,49
"33746","2390云辰","110/07/07","富邦-新竹華信",25,61,-36
"33747","2390云辰","110/07/07","元大-潮州",50,5,45
"33748","2390云辰","110/07/07","玉山-新莊",2,32,-30
"33749","2390云辰","110/07/07","元富-高雄",57,14,43
"33750","2390云辰","110/07/07","凱基-新豐",17,47,-30
"33751","2390云辰","110/07/07","凱基-和平",40,0,40
"33752","2390云辰","110/07/07","統一-汐止",1,29,-28
"33753","4903聯光通","110/07/06","元大-苗栗",10,0,10
"33754","4903聯光通","110/07/06","宏遠證券",0,13,-13
"33755","4903聯光通","110/07/06","彰銀",5,0,5
"33756","4903聯光通","110/07/06","富邦-新營",0,4,-4
"33757","4903聯光通","110/07/06","元大-松山",5,0,5
"33758","4903聯光通","110/07/06","元富-草屯",0,3,-3
"33759","4903聯光通","110/07/06","新光",3,0,3
"33760","4903聯光通","110/07/06","元大-羅東",0,3,-3
"33761","4903聯光通","110/07/06","群益金鼎-館前",1,0,1
"33762","4903聯光通","110/07/06","元大-北三重",0,2,-2
"33763","4903聯光通","110/07/06","華南永昌-鶯歌",1,0,1
"33764","4903聯光通","110/07/06","國泰-敦南",0,1,-1
"33765","4903聯光通","110/07/06","永豐金-市政",1,0,1
"33766","4903聯光通","110/07/06","元富-板橋",0,0,0
"33767","4903聯光通","110/07/06","元富-板橋",0,0,0
"33768","4903聯光通","110/07/06","華南永昌",0,0,0
"33769","4903聯光通","110/07/06","華南永昌",0,0,0
"33770","4903聯光通","110/07/06","元大-太平",2,2,0
"33771","4903聯光通","110/07/06","元大-太平",2,2,0
"33772","2929淘帝","110/07/06","新光",204,85,119
"33773","2929淘帝","110/07/06","港商野村",62,282,-220
"33774","2929淘帝","110/07/06","日盛-中壢",94,0,94
"33775","2929淘帝","110/07/06","摩根大通",64,264,-200
"33776","2929淘帝","110/07/06","元富-城東",84,0,84
"33777","2929淘帝","110/07/06","統一",0,163,-163
"33778","2929淘帝","110/07/06","日盛-雙和",55,0,55
"33779","2929淘帝","110/07/06","香港上海匯豐",0,141,-141
"33780","2929淘帝","110/07/06","第一金-路竹",71,17,54
"33781","2929淘帝","110/07/06","新加坡商瑞銀",54,179,-125
"33782","2929淘帝","110/07/06","元大-花蓮",44,2,42
"33783","2929淘帝","110/07/06","合庫-高雄",3,122,-119
"33784","2929淘帝","110/07/06","永豐金-大園",73,33,40
"33785","2929淘帝","110/07/06","美林",34,118,-84
"33786","2929淘帝","110/07/06","元大-太平",44,6,38
"33787","2929淘帝","110/07/06","元大-員林",2,82,-80
"33788","2929淘帝","110/07/06","國泰-板橋",40,5,35
"33789","2929淘帝","110/07/06","元富-松德",26,75,-49
"33790","2929淘帝","110/07/06","兆豐-內湖",33,1,32
"33791","2929淘帝","110/07/06","臺銀-臺南",9,52,-43
"33792","2929淘帝","110/07/06","元大-博愛",43,11,32
"33793","2929淘帝","110/07/06","元大-北投",5,48,-43
"33794","2929淘帝","110/07/06","日盛-竹北",40,10,30
"33795","2929淘帝","110/07/06","臺銀-民權",1,41,-40
"33796","2929淘帝","110/07/06","元大-善化",52,22,30
"33797","2929淘帝","110/07/06","兆豐-忠孝",1,41,-40
"33798","2929淘帝","110/07/06","富邦-北港",29,0,29
"33799","2929淘帝","110/07/06","元大-西門",1,36,-35
"33800","2929淘帝","110/07/06","凱基-湖口",27,0,27
"33801","2929淘帝","110/07/06","玉山-嘉義",3,35,-32
"33802","5410國眾","110/07/06","兆豐-城中",28,0,28
"33803","5410國眾","110/07/06","凱基-高美館",1,18,-17
"33804","5410國眾","110/07/06","元大-小港",20,0,20
"33805","5410國眾","110/07/06","國泰-館前",0,15,-15
"33806","5410國眾","110/07/06","元大-新盛",18,0,18
"33807","5410國眾","110/07/06","國泰-板橋",2,17,-15
"33808","5410國眾","110/07/06","香港上海匯豐",15,0,15
"33809","5410國眾","110/07/06","新光",0,13,-13
"33810","5410國眾","110/07/06","華南永昌-小港",15,0,15
"33811","5410國眾","110/07/06","元富-緯城",0,10,-10
"33812","5410國眾","110/07/06","元富-大昌",13,0,13
"33813","5410國眾","110/07/06","中農",0,10,-10
"33814","5410國眾","110/07/06","臺銀-臺南",10,0,10
"33815","5410國眾","110/07/06","凱基-屏東",0,10,-10
"33816","5410國眾","110/07/06","元富-延平",8,0,8
"33817","5410國眾","110/07/06","新光-桃園",0,6,-6
"33818","5410國眾","110/07/06","元大-八德",17,9,8
"33819","5410國眾","110/07/06","高橋-龍潭",0,5,-5
"33820","5410國眾","110/07/06","摩根大通",7,0,7
"33821","5410國眾","110/07/06","元富-世貿",0,5,-5
"33822","5410國眾","110/07/06","凱基-桃園",7,0,7
"33823","5410國眾","110/07/06","群益金鼎-瑞豐",0,5,-5
"33824","5410國眾","110/07/06","永豐金-屏東",7,0,7
"33825","5410國眾","110/07/06","富邦-台中",0,5,-5
"33826","5410國眾","110/07/06","台新-左楠",5,0,5
"33827","5410國眾","110/07/06","永豐金-板橋",0,5,-5
"33828","5410國眾","110/07/06","富邦-竹東",5,0,5
"33829","5410國眾","110/07/06","富邦-台南",0,4,-4
"33830","5410國眾","110/07/06","元大-新莊",5,0,5
"33831","5410國眾","110/07/06","凱基-站前",0,3,-3
"33832","2841台開","110/07/06","群益金鼎-忠孝",100,0,100
"33833","2841台開","110/07/06","港商野村",0,295,-295
"33834","2841台開","110/07/06","台新證券",58,0,58
"33835","2841台開","110/07/06","元大-善化",0,50,-50
"33836","2841台開","110/07/06","台新-台中",58,0,58
"33837","2841台開","110/07/06","元大-四維",0,50,-50
"33838","2841台開","110/07/06","永豐金-敦南",50,0,50
"33839","2841台開","110/07/06","台新-新營",0,30,-30
"33840","2841台開","110/07/06","元大-台中",45,0,45
"33841","2841台開","110/07/06","群益金鼎-桃園",0,21,-21
"33842","2841台開","110/07/06","凱基-文心",43,0,43
"33843","2841台開","110/07/06","台中銀-員林",0,20,-20
"33844","2841台開","110/07/06","永豐金-潮州",30,0,30
"33845","2841台開","110/07/06","群益金鼎-延平",0,15,-15
"33846","2841台開","110/07/06","第一金-自由",25,0,25
"33847","2841台開","110/07/06","元大-三重",0,13,-13
"33848","2841台開","110/07/06","美商高盛",17,0,17
"33849","2841台開","110/07/06","元富-古亭",0,10,-10
"33850","2841台開","110/07/06","大昌-安康",39,22,17
"33851","2841台開","110/07/06","群益金鼎-北高雄",0,10,-10
"33852","2841台開","110/07/06","台中銀",15,0,15
"33853","2841台開","110/07/06","華南永昌-南京",0,10,-10
"33854","2841台開","110/07/06","玉山-嘉義",15,0,15
"33855","2841台開","110/07/06","富邦-花蓮",0,10,-10
"33856","2841台開","110/07/06","新光",11,0,11
"33857","2841台開","110/07/06","富邦-高雄",0,10,-10
"33858","2841台開","110/07/06","兆豐-永和",10,0,10
"33859","2841台開","110/07/06","元大-竹山",0,10,-10
"33860","2841台開","110/07/06","康和-內湖",10,0,10
"33861","2841台開","110/07/06","元大-屏東",0,10,-10
"33862","6207雷科","110/07/06","新光",45,4,41
"33863","6207雷科","110/07/06","凱基-高美館",1,104,-103
"33864","6207雷科","110/07/06","統一-基隆",30,0,30
"33865","6207雷科","110/07/06","摩根大通",11,45,-34
"33866","6207雷科","110/07/06","康和-南崁",13,0,13
"33867","6207雷科","110/07/06","群益金鼎-新竹",0,22,-22
"33868","6207雷科","110/07/06","宏遠-台南",10,0,10
"33869","6207雷科","110/07/06","港商野村",2,23,-21
"33870","6207雷科","110/07/06","國票-和平",10,0,10
"33871","6207雷科","110/07/06","凱基-台北",0,14,-14
"33872","6207雷科","110/07/06","永豐金-天母",10,0,10
"33873","6207雷科","110/07/06","台新-三民",0,12,-12
"33874","6207雷科","110/07/06","台新證券",10,1,9
"33875","6207雷科","110/07/06","群益金鼎-開元",1,11,-10
"33876","6207雷科","110/07/06","群益金鼎-士林",8,0,8
"33877","6207雷科","110/07/06","富邦-南屯",0,8,-8
"33878","6207雷科","110/07/06","群益金鼎-瑞豐",7,0,7
"33879","6207雷科","110/07/06","元大-善化",0,8,-8
"33880","6207雷科","110/07/06","元大-四維",7,0,7
"33881","6207雷科","110/07/06","日盛-頭份",0,5,-5
"33882","6207雷科","110/07/06","國票-中和",6,0,6
"33883","6207雷科","110/07/06","第一金-高雄",0,5,-5
"33884","6207雷科","110/07/06","台新-中壢",6,0,6
"33885","6207雷科","110/07/06","凱基-八德",0,5,-5
"33886","6207雷科","110/07/06","凱基-高雄",6,0,6
"33887","6207雷科","110/07/06","凱基-頭份",0,5,-5
"33888","6207雷科","110/07/06","富邦-彰化",6,0,6
"33889","6207雷科","110/07/06","合庫-新竹",0,4,-4
"33890","6207雷科","110/07/06","凱基-大安",5,0,5
"33891","6207雷科","110/07/06","新光-高雄",0,4,-4
"33892","3679新至陞","110/07/06","凱基",11,0,11
"33893","3679新至陞","110/07/06","摩根大通",0,22,-22
"33894","3679新至陞","110/07/06","台中銀-員林",11,1,10
"33895","3679新至陞","110/07/06","凱基-台北",6,21,-15
"33896","3679新至陞","110/07/06","安泰-大發",10,0,10
"33897","3679新至陞","110/07/06","瑞士信貸",0,13,-13
"33898","3679新至陞","110/07/06","香港上海匯豐",8,0,8
"33899","3679新至陞","110/07/06","富邦-苗栗",0,10,-10
"33900","3679新至陞","110/07/06","永豐金證券",8,2,6
"33901","3679新至陞","110/07/06","元大-永春",0,6,-6
"33902","3679新至陞","110/07/06","第一金-高雄",5,0,5
"33903","3679新至陞","110/07/06","凱基-興隆",0,5,-5
"33904","3679新至陞","110/07/06","群益金鼎-高盛",3,0,3
"33905","3679新至陞","110/07/06","國泰-桃園",0,3,-3
"33906","3679新至陞","110/07/06","元大-嘉義",3,0,3
"33907","3679新至陞","110/07/06","元大-萬華",2,5,-3
"33908","3679新至陞","110/07/06","臺銀-高雄",2,0,2
"33909","3679新至陞","110/07/06","美林",0,2,-2
"33910","3679新至陞","110/07/06","日盛-復興",2,0,2
"33911","3679新至陞","110/07/06","第一金-華江",0,2,-2
"33912","3679新至陞","110/07/06","日盛-樹林",4,2,2
"33913","3679新至陞","110/07/06","新光-台中",0,2,-2
"33914","3679新至陞","110/07/06","宏遠-館前",2,0,2
"33915","3679新至陞","110/07/06","華南永昌-民權",0,2,-2
"33916","3679新至陞","110/07/06","台新證券",2,0,2
"33917","3679新至陞","110/07/06","元大-板橋",0,2,-2
"33918","3679新至陞","110/07/06","康和-板橋",2,0,2
"33919","3679新至陞","110/07/06","日盛-板橋中山",0,1,-1
"33920","3679新至陞","110/07/06","群益金鼎-台南",2,0,2
"33921","3679新至陞","110/07/06","宏遠證券",0,1,-1
"33922","2727王品","110/07/06","元大證券",1033,729,304
"33923","2727王品","110/07/06","台灣摩根士丹利",35,184,-149
"33924","2727王品","110/07/06","富邦-台北",332,46,286
"33925","2727王品","110/07/06","元大-北屯",11,79,-68
"33926","2727王品","110/07/06","統一",252,43,209
"33927","2727王品","110/07/06","元富-敦南",4,70,-66
"33928","2727王品","110/07/06","永豐金-松山",147,14,133
"33929","2727王品","110/07/06","元大-基隆孝二",11,75,-64
"33930","2727王品","110/07/06","富邦-嘉義",301,198,103
"33931","2727王品","110/07/06","臺銀-臺南",9,69,-60
"33932","2727王品","110/07/06","新加坡商瑞銀",128,34,94
"33933","2727王品","110/07/06","中國信託-忠孝",5,48,-43
"33934","2727王品","110/07/06","元富-台南",97,6,91
"33935","2727王品","110/07/06","永豐金-市政",5,46,-41
"33936","2727王品","110/07/06","台新證券",169,105,64
"33937","2727王品","110/07/06","彰銀-台中",19,56,-37
"33938","2727王品","110/07/06","美林",115,58,57
"33939","2727王品","110/07/06","玉山證券",30,67,-37
"33940","2727王品","110/07/06","華南永昌",75,23,52
"33941","2727王品","110/07/06","凱基-埔墘",4,41,-37
"33942","2727王品","110/07/06","凱基-台北",445,398,47
"33943","2727王品","110/07/06","永豐金-大園",3,40,-37
"33944","2727王品","110/07/06","凱基-大直",48,7,41
"33945","2727王品","110/07/06","元富",2,37,-35
"33946","2727王品","110/07/06","凱基-林口",45,4,41
"33947","2727王品","110/07/06","富邦-仁愛",32,64,-32
"33948","2727王品","110/07/06","德信",40,1,39
"33949","2727王品","110/07/06","玉山-板橋",52,82,-30
"33950","2727王品","110/07/06","第一金",42,5,37
"33951","2727王品","110/07/06","中國信託-文心",10,39,-29
"33952","1570力肯","110/07/06","香港上海匯豐",47,0,47
"33953","1570力肯","110/07/06","新光",2,107,-105
"33954","1570力肯","110/07/06","元大-高雄",55,16,39
"33955","1570力肯","110/07/06","摩根大通",11,58,-47
"33956","1570力肯","110/07/06","元富-緯城",37,0,37
"33957","1570力肯","110/07/06","高橋",4,50,-46
"33958","1570力肯","110/07/06","台新-台南",16,0,16
"33959","1570力肯","110/07/06","合庫-桃園",0,20,-20
"33960","1570力肯","110/07/06","元大-新竹經國",14,0,14
"33961","1570力肯","110/07/06","永豐金-板盛",0,18,-18
"33962","1570力肯","110/07/06","富邦-左營",12,0,12
"33963","1570力肯","110/07/06","華南永昌-公誠",0,9,-9
"33964","1570力肯","110/07/06","國票-中正",12,2,10
"33965","1570力肯","110/07/06","凱基-台北",1,9,-8
"33966","1570力肯","110/07/06","國票-博愛",10,0,10
"33967","1570力肯","110/07/06","臺銀-臺中",0,6,-6
"33968","1570力肯","110/07/06","統一-敦南",12,5,7
"33969","1570力肯","110/07/06","台新-三民",0,5,-5
"33970","1570力肯","110/07/06","群益金鼎-三重",7,0,7
"33971","1570力肯","110/07/06","華南永昌-麻豆",0,5,-5
"33972","1570力肯","110/07/06","臺銀-臺南",6,0,6
"33973","1570力肯","110/07/06","合庫-台南",0,4,-4
"33974","1570力肯","110/07/06","大慶-蘆洲",6,0,6
"33975","1570力肯","110/07/06","統一-員林",0,4,-4
"33976","1570力肯","110/07/06","元富-新店",6,0,6
"33977","1570力肯","110/07/06","康和-澎湖",0,4,-4
"33978","1570力肯","110/07/06","玉山-雙和",7,1,6
"33979","1570力肯","110/07/06","華南永昌-斗六",0,4,-4
"33980","1570力肯","110/07/06","永豐金-敦南",9,3,6
"33981","1570力肯","110/07/06","元大-和平",0,4,-4
"33982","6180橘子","110/07/06","凱基-台北",72,12,60
"33983","6180橘子","110/07/06","臺銀-金山",5,105,-100
"33984","6180橘子","110/07/06","美林",29,0,29
"33985","6180橘子","110/07/06","元大-台中",0,100,-100
"33986","6180橘子","110/07/06","合庫-自強",21,0,21
"33987","6180橘子","110/07/06","康和-台南",3,50,-47
"33988","6180橘子","110/07/06","凱基-三峽",17,0,17
"33989","6180橘子","110/07/06","元大-中和",0,35,-35
"33990","6180橘子","110/07/06","富邦-虎尾",15,1,14
"33991","6180橘子","110/07/06","中國信託-忠孝",0,16,-16
"33992","6180橘子","110/07/06","元富-潮州",13,0,13
"33993","6180橘子","110/07/06","玉山-高雄",0,12,-12
"33994","6180橘子","110/07/06","中國信託-永康",13,0,13
"33995","6180橘子","110/07/06","港商野村",0,11,-11
"33996","6180橘子","110/07/06","元大-草屯",18,5,13
"33997","6180橘子","110/07/06","群益金鼎-松山",0,11,-11
"33998","6180橘子","110/07/06","臺銀",11,0,11
"33999","6180橘子","110/07/06","永豐金-豐原",0,11,-11
"34000","6180橘子","110/07/06","新光",15,4,11
"34001","6180橘子","110/07/06","元富-嘉義",5,15,-10
"34002","6180橘子","110/07/06","元大-竹東",11,0,11
"34003","6180橘子","110/07/06","玉山-士林",0,10,-10
"34004","6180橘子","110/07/06","宏遠-台中",10,0,10
"34005","6180橘子","110/07/06","凱基-北門",0,10,-10
"34006","6180橘子","110/07/06","第一金-台南",10,0,10
"34007","6180橘子","110/07/06","第一金-忠孝",0,9,-9
"34008","6180橘子","110/07/06","國泰-敦南",10,0,10
"34009","6180橘子","110/07/06","統一-基隆",0,9,-9
"34010","6180橘子","110/07/06","富邦-嘉義",10,0,10
"34011","6180橘子","110/07/06","安泰-大發",1,10,-9
"34012","2390云辰","110/07/06","元大-天母",975,276,699
"34013","2390云辰","110/07/06","台灣摩根士丹利",3,265,-262
"34014","2390云辰","110/07/06","摩根大通",688,312,376
"34015","2390云辰","110/07/06","群益金鼎-海山",3,166,-163
"34016","2390云辰","110/07/06","國泰-忠孝",164,3,161
"34017","2390云辰","110/07/06","國泰-敦南",188,339,-151
"34018","2390云辰","110/07/06","富邦-北港",140,7,133
"34019","2390云辰","110/07/06","元大-土城學府",12,119,-107
"34020","2390云辰","110/07/06","聯邦商銀",151,22,129
"34021","2390云辰","110/07/06","永豐金-高雄",4,103,-99
"34022","2390云辰","110/07/06","中國信託-文心",143,17,126
"34023","2390云辰","110/07/06","土銀-士林",0,94,-94
"34024","2390云辰","110/07/06","永豐金-中正",133,7,126
"34025","2390云辰","110/07/06","元大-佳里",11,91,-80
"34026","2390云辰","110/07/06","群益金鼎-大興",178,76,102
"34027","2390云辰","110/07/06","玉山-台中",10,86,-76
"34028","2390云辰","110/07/06","元富-中港",103,3,100
"34029","2390云辰","110/07/06","新光",251,324,-73
"34030","2390云辰","110/07/06","統一-新台中",104,12,92
"34031","2390云辰","110/07/06","富邦-敦南",29,101,-72
"34032","2390云辰","110/07/06","新加坡商瑞銀",211,120,91
"34033","2390云辰","110/07/06","兆豐-台中",0,58,-58
"34034","2390云辰","110/07/06","兆豐-忠孝",100,11,89
"34035","2390云辰","110/07/06","日盛證券",16,73,-57
"34036","2390云辰","110/07/06","凱基-林口",87,9,78
"34037","2390云辰","110/07/06","元大-東泰",5,61,-56
"34038","2390云辰","110/07/06","元富-西松",72,4,68
"34039","2390云辰","110/07/06","台新證券",136,190,-54
"34040","2390云辰","110/07/06","台新-左楠",66,9,57
"34041","2390云辰","110/07/06","元大-六合",10,63,-53
