"","stake","date","name","buy","sell","total"
"1","2363矽統","110/07/14","台灣摩根士丹利",463,0,463
"2","2363矽統","110/07/14","新加坡商瑞銀",568,1321,-753
"3","2363矽統","110/07/14","台新證券",750,342,408
"4","2363矽統","110/07/14","瑞士信貸",149,864,-715
"5","2363矽統","110/07/14","玉山-台中",363,51,312
"6","2363矽統","110/07/14","台新-屏東",115,380,-265
"7","2363矽統","110/07/14","元大-斗六",223,25,198
"8","2363矽統","110/07/14","永豐金證券",16,265,-249
"9","2363矽統","110/07/14","華南永昌-朴子",208,38,170
"10","2363矽統","110/07/14","美林",462,701,-239
"11","2363矽統","110/07/14","元富-西松",169,12,157
"12","2363矽統","110/07/14","宏遠-桃園",269,500,-231
"13","2363矽統","110/07/14","永豐金-大園",146,6,140
"14","2363矽統","110/07/14","凱基-竹北",36,254,-218
"15","2363矽統","110/07/14","土銀-和平",134,0,134
"16","2363矽統","110/07/14","港商法國興業",0,214,-214
"17","2363矽統","110/07/14","富邦-新營",130,13,117
"18","2363矽統","110/07/14","港商野村",835,1044,-209
"19","2363矽統","110/07/14","元富-成功",118,11,107
"20","2363矽統","110/07/14","北城證券",212,411,-199
"21","2363矽統","110/07/14","元富-烏日",121,18,103
"22","2363矽統","110/07/14","(牛牛牛)亞-鑫豐",51,241,-190
"23","2363矽統","110/07/14","日盛-二林",120,18,102
"24","2363矽統","110/07/14","國票-博愛",24,213,-189
"25","2363矽統","110/07/14","兆豐-忠孝",98,2,96
"26","2363矽統","110/07/14","大慶-蘆洲",134,316,-182
"27","2363矽統","110/07/14","大慶-楊梅",92,3,89
"28","2363矽統","110/07/14","彰銀-台中",15,193,-178
"29","2363矽統","110/07/14","元富-三重",120,33,87
"30","2363矽統","110/07/14","日盛-和美",18,185,-167
"31","8112至上","110/07/14","新加坡商瑞銀",223,17,206
"32","8112至上","110/07/14","瑞士信貸",8,170,-162
"33","8112至上","110/07/14","摩根大通",285,129,156
"34","8112至上","110/07/14","美林",55,202,-147
"35","8112至上","110/07/14","花旗環球",124,0,124
"36","8112至上","110/07/14","凱基-台北",325,436,-111
"37","8112至上","110/07/14","兆豐-公益",117,4,113
"38","8112至上","110/07/14","台中銀-台北",0,98,-98
"39","8112至上","110/07/14","香港上海匯豐",111,0,111
"40","8112至上","110/07/14","玉山-台大",17,107,-90
"41","8112至上","110/07/14","永豐金-內湖",117,21,96
"42","8112至上","110/07/14","康和-內湖",1,90,-89
"43","8112至上","110/07/14","台灣摩根士丹利",108,16,92
"44","8112至上","110/07/14","港商野村",21,84,-63
"45","8112至上","110/07/14","元大-東蘆",77,0,77
"46","8112至上","110/07/14","兆豐-北高雄",1,60,-59
"47","8112至上","110/07/14","新光",108,48,60
"48","8112至上","110/07/14","群益金鼎-海山",1,52,-51
"49","8112至上","110/07/14","大慶-蘆洲",59,0,59
"50","8112至上","110/07/14","群益金鼎-大安",0,50,-50
"51","8112至上","110/07/14","華南永昌-台中",56,3,53
"52","8112至上","110/07/14","富邦-仁愛",2,49,-47
"53","8112至上","110/07/14","土銀-嘉義",52,2,50
"54","8112至上","110/07/14","元大-金華",0,42,-42
"55","8112至上","110/07/14","美商高盛",40,0,40
"56","8112至上","110/07/14","元大-內湖",4,43,-39
"57","8112至上","110/07/14","臺銀",63,29,34
"58","8112至上","110/07/14","第一金-華江",2,37,-35
"59","8112至上","110/07/14","元富-嘉義",31,0,31
"60","8112至上","110/07/14","永豐金-苓雅",2,34,-32
"61","1570力肯","110/07/14","國票-北高雄",68,0,68
"62","1570力肯","110/07/14","摩根大通",0,21,-21
"63","1570力肯","110/07/14","日盛-八德",30,1,29
"64","1570力肯","110/07/14","新光",1,19,-18
"65","1570力肯","110/07/14","玉山-高雄",7,0,7
"66","1570力肯","110/07/14","(牛牛牛)亞-鑫豐",0,17,-17
"67","1570力肯","110/07/14","臺銀-臺南",5,0,5
"68","1570力肯","110/07/14","日盛-士林",0,10,-10
"69","1570力肯","110/07/14","凱基-三峽",5,0,5
"70","1570力肯","110/07/14","統一-員林",0,10,-10
"71","1570力肯","110/07/14","元大-和平",5,0,5
"72","1570力肯","110/07/14","國票-新莊",0,10,-10
"73","1570力肯","110/07/14","合庫-三重",4,0,4
"74","1570力肯","110/07/14","凱基-高美館",0,10,-10
"75","1570力肯","110/07/14","瑞士信貸",4,0,4
"76","1570力肯","110/07/14","元大-屏東民生",0,5,-5
"77","1570力肯","110/07/14","統一-三多",4,0,4
"78","1570力肯","110/07/14","元大-古亭",0,5,-5
"79","1570力肯","110/07/14","華南永昌-古亭",4,0,4
"80","1570力肯","110/07/14","日盛-木柵",0,4,-4
"81","1570力肯","110/07/14","元大-高雄",3,0,3
"82","1570力肯","110/07/14","大昌",0,4,-4
"83","1570力肯","110/07/14","兆豐-忠孝",2,0,2
"84","1570力肯","110/07/14","群益金鼎-東大",0,4,-4
"85","1570力肯","110/07/14","富邦-陽明",2,0,2
"86","1570力肯","110/07/14","凱基-台北",0,4,-4
"87","1570力肯","110/07/14","元大-松山",2,0,2
"88","1570力肯","110/07/14","元大-板橋",0,4,-4
"89","1570力肯","110/07/14","元大-忠孝",2,0,2
"90","1570力肯","110/07/14","第一金-中山",0,3,-3
"91","2929淘帝","110/07/14","華南永昌-林口",60,0,60
"92","2929淘帝","110/07/14","群益金鼎",25,540,-515
"93","2929淘帝","110/07/14","美林",87,31,56
"94","2929淘帝","110/07/14","國泰-台南",1,30,-29
"95","2929淘帝","110/07/14","元富-台南",40,0,40
"96","2929淘帝","110/07/14","宏遠-桃園",0,20,-20
"97","2929淘帝","110/07/14","元大-民生",39,0,39
"98","2929淘帝","110/07/14","摩根大通",11,31,-20
"99","2929淘帝","110/07/14","臺銀-鳳山",34,0,34
"100","2929淘帝","110/07/14","台新-建北",5,20,-15
"101","2929淘帝","110/07/14","合庫-高雄",34,1,33
"102","2929淘帝","110/07/14","新光",1,16,-15
"103","2929淘帝","110/07/14","華南永昌-鶯歌",28,0,28
"104","2929淘帝","110/07/14","玉山-板橋",0,15,-15
"105","2929淘帝","110/07/14","永興",25,0,25
"106","2929淘帝","110/07/14","凱基-羅東",0,15,-15
"107","2929淘帝","110/07/14","元大-新盛",25,1,24
"108","2929淘帝","110/07/14","元大-頭份",0,15,-15
"109","2929淘帝","110/07/14","日盛-南京",23,0,23
"110","2929淘帝","110/07/14","第一金-台南",0,13,-13
"111","2929淘帝","110/07/14","日茂",20,0,20
"112","2929淘帝","110/07/14","富邦-基隆",0,12,-12
"113","2929淘帝","110/07/14","台新-台中",20,0,20
"114","2929淘帝","110/07/14","日茂-南投",1,12,-11
"115","2929淘帝","110/07/14","華南永昌",20,0,20
"116","2929淘帝","110/07/14","元大-豐原站前",0,11,-11
"117","2929淘帝","110/07/14","福勝",15,0,15
"118","2929淘帝","110/07/14","玉山-士林",0,10,-10
"119","2929淘帝","110/07/14","富邦-南屯",15,0,15
"120","2929淘帝","110/07/14","富邦-台北",0,10,-10
"121","5410國眾","110/07/14","兆豐-城中",35,0,35
"122","5410國眾","110/07/14","瑞士信貸",0,29,-29
"123","5410國眾","110/07/14","新光",21,1,20
"124","5410國眾","110/07/14","國泰-板橋",1,30,-29
"125","5410國眾","110/07/14","國泰-敦南",21,1,20
"126","5410國眾","110/07/14","日盛-高雄",0,20,-20
"127","5410國眾","110/07/14","國泰-台中",20,1,19
"128","5410國眾","110/07/14","台新-左楠",1,20,-19
"129","5410國眾","110/07/14","元大-崇德",19,0,19
"130","5410國眾","110/07/14","元富-大昌",1,18,-17
"131","5410國眾","110/07/14","土銀-士林",18,0,18
"132","5410國眾","110/07/14","富邦-建國",0,15,-15
"133","5410國眾","110/07/14","元大-新盛",20,2,18
"134","5410國眾","110/07/14","元富-嘉義",0,12,-12
"135","5410國眾","110/07/14","兆豐-高雄",15,0,15
"136","5410國眾","110/07/14","永全-南崁",0,12,-12
"137","5410國眾","110/07/14","宏遠-中和",10,0,10
"138","5410國眾","110/07/14","元大-員林",0,11,-11
"139","5410國眾","110/07/14","新光-桃園",10,0,10
"140","5410國眾","110/07/14","高橋",0,10,-10
"141","5410國眾","110/07/14","國泰-台南",10,0,10
"142","5410國眾","110/07/14","永興",0,10,-10
"143","5410國眾","110/07/14","元大-復北",10,0,10
"144","5410國眾","110/07/14","華南永昌-三重",0,10,-10
"145","5410國眾","110/07/14","元大-竹科",8,0,8
"146","5410國眾","110/07/14","元大-苑裡",0,7,-7
"147","5410國眾","110/07/14","台新-新營",6,0,6
"148","5410國眾","110/07/14","港商野村",0,6,-6
"149","5410國眾","110/07/14","日盛-士林",5,0,5
"150","5410國眾","110/07/14","摩根大通",5,11,-6
"151","2841台開","110/07/14","凱基-文心",73,0,73
"152","2841台開","110/07/14","國泰-敦南",0,50,-50
"153","2841台開","110/07/14","元富-潮州",30,0,30
"154","2841台開","110/07/14","凱基-中壢",0,40,-40
"155","2841台開","110/07/14","第一金-台中",20,0,20
"156","2841台開","110/07/14","統一-新竹",0,24,-24
"157","2841台開","110/07/14","華南永昌-新莊",20,0,20
"158","2841台開","110/07/14","元富-草屯",0,20,-20
"159","2841台開","110/07/14","永豐金-豐原",20,0,20
"160","2841台開","110/07/14","台新-台南",0,20,-20
"161","2841台開","110/07/14","國泰-館前",15,0,15
"162","2841台開","110/07/14","永豐金-敦南",45,63,-18
"163","2841台開","110/07/14","群益金鼎-基隆",12,0,12
"164","2841台開","110/07/14","國票-北高雄",0,13,-13
"165","2841台開","110/07/14","日盛-信義",10,0,10
"166","2841台開","110/07/14","凱基-松山",0,10,-10
"167","2841台開","110/07/14","台新-台中",10,0,10
"168","2841台開","110/07/14","元大證券",0,10,-10
"169","2841台開","110/07/14","新光",10,1,9
"170","2841台開","110/07/14","元大-中壢",0,10,-10
"171","2841台開","110/07/14","凱基-新店",8,0,8
"172","2841台開","110/07/14","富邦-陽明",1,10,-9
"173","2841台開","110/07/14","元大-斗信",7,0,7
"174","2841台開","110/07/14","富邦-建國",0,9,-9
"175","2841台開","110/07/14","元大-三重",6,0,6
"176","2841台開","110/07/14","富邦-台南",0,8,-8
"177","2841台開","110/07/14","永豐金-中和",6,0,6
"178","2841台開","110/07/14","康和-澎湖",0,7,-7
"179","2841台開","110/07/14","元富-成功",5,0,5
"180","2841台開","110/07/14","日盛-斗六",0,6,-6
"181","6207雷科","110/07/14","群益金鼎-台北",60,0,60
"182","6207雷科","110/07/14","新加坡商瑞銀",10,56,-46
"183","6207雷科","110/07/14","台新-高雄",43,3,40
"184","6207雷科","110/07/14","國票-中和",0,41,-41
"185","6207雷科","110/07/14","元大-高雄",19,0,19
"186","6207雷科","110/07/14","元大-復北",0,33,-33
"187","6207雷科","110/07/14","福勝",15,0,15
"188","6207雷科","110/07/14","光和-和美",0,20,-20
"189","6207雷科","110/07/14","群益金鼎-中山",15,0,15
"190","6207雷科","110/07/14","群益金鼎-丹鳳",0,20,-20
"191","6207雷科","110/07/14","元大-林園",15,0,15
"192","6207雷科","110/07/14","第一金-路竹",0,10,-10
"193","6207雷科","110/07/14","新光",12,0,12
"194","6207雷科","110/07/14","元大-歸仁",0,10,-10
"195","6207雷科","110/07/14","元大-大天母",10,0,10
"196","6207雷科","110/07/14","宏遠-館前",0,9,-9
"197","6207雷科","110/07/14","永豐金-忠孝",9,0,9
"198","6207雷科","110/07/14","凱基-台北",12,20,-8
"199","6207雷科","110/07/14","永豐金-新店",7,0,7
"200","6207雷科","110/07/14","美林",0,7,-7
"201","6207雷科","110/07/14","玉山-嘉義",6,0,6
"202","6207雷科","110/07/14","摩根大通",16,23,-7
"203","6207雷科","110/07/14","元大-屏東",6,0,6
"204","6207雷科","110/07/14","凱基-高雄",1,7,-6
"205","6207雷科","110/07/14","凱基-大安",5,0,5
"206","6207雷科","110/07/14","台中銀-豐原",0,5,-5
"207","6207雷科","110/07/14","富邦-台南",5,0,5
"208","6207雷科","110/07/14","元大-新竹經國",0,5,-5
"209","6207雷科","110/07/14","元大-成功",5,0,5
"210","6207雷科","110/07/14","光和-田中",0,4,-4
"211","3679新至陞","110/07/14","凱基-台北",31,6,25
"212","3679新至陞","110/07/14","群益金鼎-東大",0,15,-15
"213","3679新至陞","110/07/14","華南永昌-新莊",10,0,10
"214","3679新至陞","110/07/14","瑞士信貸",0,12,-12
"215","3679新至陞","110/07/14","新加坡商瑞銀",11,3,8
"216","3679新至陞","110/07/14","群益金鼎-永和",0,10,-10
"217","3679新至陞","110/07/14","美商高盛",6,0,6
"218","3679新至陞","110/07/14","元大-成功",5,15,-10
"219","3679新至陞","110/07/14","第一金-中壢",6,0,6
"220","3679新至陞","110/07/14","統一-板橋",1,10,-9
"221","3679新至陞","110/07/14","(牛牛牛)亞-網路",4,0,4
"222","3679新至陞","110/07/14","玉山-左營",0,5,-5
"223","3679新至陞","110/07/14","元大-六合",3,0,3
"224","3679新至陞","110/07/14","群益金鼎-三民",0,4,-4
"225","3679新至陞","110/07/14","合庫-自強",2,0,2
"226","3679新至陞","110/07/14","富邦-宜蘭",0,4,-4
"227","3679新至陞","110/07/14","高橋-內壢",2,0,2
"228","3679新至陞","110/07/14","永豐金-苓雅",0,3,-3
"229","3679新至陞","110/07/14","台中銀-員林",2,0,2
"230","3679新至陞","110/07/14","摩根大通",5,7,-2
"231","3679新至陞","110/07/14","凱基-高美館",2,0,2
"232","3679新至陞","110/07/14","元大-板橋三民",0,2,-2
"233","3679新至陞","110/07/14","元大-福營",2,0,2
"234","3679新至陞","110/07/14","宏遠-中和",0,1,-1
"235","3679新至陞","110/07/14","永豐金-松山",2,0,2
"236","3679新至陞","110/07/14","元富-佳里",0,1,-1
"237","3679新至陞","110/07/14","永豐金-萬盛",2,0,2
"238","3679新至陞","110/07/14","(牛牛牛)亞-鑫豐",0,1,-1
"239","3679新至陞","110/07/14","元富-松德",1,0,1
"240","3679新至陞","110/07/14","中國信託-中壢",0,1,-1
"241","2727王品","110/07/14","富邦-左營",102,1,101
"242","2727王品","110/07/14","統一-城中",100,234,-134
"243","2727王品","110/07/14","國泰-板橋",105,11,94
"244","2727王品","110/07/14","富邦-台北",1,125,-124
"245","2727王品","110/07/14","港商野村",149,72,77
"246","2727王品","110/07/14","台灣摩根士丹利",1,48,-47
"247","2727王品","110/07/14","合庫-台中",66,2,64
"248","2727王品","110/07/14","國票-新莊",0,40,-40
"249","2727王品","110/07/14","臺銀-金山",63,8,55
"250","2727王品","110/07/14","永豐金-忠孝",2,39,-37
"251","2727王品","110/07/14","摩根大通",83,39,44
"252","2727王品","110/07/14","富邦-彰化",1,34,-33
"253","2727王品","110/07/14","凱基-台北",84,42,42
"254","2727王品","110/07/14","康和-高雄",0,30,-30
"255","2727王品","110/07/14","土銀-台中",35,1,34
"256","2727王品","110/07/14","安泰",0,26,-26
"257","2727王品","110/07/14","華南永昌-麻豆",32,1,31
"258","2727王品","110/07/14","富邦-新竹華信",0,21,-21
"259","2727王品","110/07/14","元大證券",85,55,30
"260","2727王品","110/07/14","元大-南崁",1,22,-21
"261","2727王品","110/07/14","新加坡商瑞銀",40,15,25
"262","2727王品","110/07/14","彰銀-台中",0,18,-18
"263","2727王品","110/07/14","日盛-八德",19,0,19
"264","2727王品","110/07/14","元富-同大",2,20,-18
"265","2727王品","110/07/14","統一",35,17,18
"266","2727王品","110/07/14","玉山-嘉義",1,17,-16
"267","2727王品","110/07/14","元富-大昌",18,1,17
"268","2727王品","110/07/14","國泰-館前",4,20,-16
"269","2727王品","110/07/14","玉山-板橋",15,1,14
"270","2727王品","110/07/14","第一金-嘉義",1,13,-12
"271","1570力肯","110/07/14","國票-北高雄",68,0,68
"272","1570力肯","110/07/14","摩根大通",0,21,-21
"273","1570力肯","110/07/14","日盛-八德",30,1,29
"274","1570力肯","110/07/14","新光",1,19,-18
"275","1570力肯","110/07/14","玉山-高雄",7,0,7
"276","1570力肯","110/07/14","(牛牛牛)亞-鑫豐",0,17,-17
"277","1570力肯","110/07/14","臺銀-臺南",5,0,5
"278","1570力肯","110/07/14","日盛-士林",0,10,-10
"279","1570力肯","110/07/14","凱基-三峽",5,0,5
"280","1570力肯","110/07/14","統一-員林",0,10,-10
"281","1570力肯","110/07/14","元大-和平",5,0,5
"282","1570力肯","110/07/14","國票-新莊",0,10,-10
"283","1570力肯","110/07/14","合庫-三重",4,0,4
"284","1570力肯","110/07/14","凱基-高美館",0,10,-10
"285","1570力肯","110/07/14","瑞士信貸",4,0,4
"286","1570力肯","110/07/14","元大-屏東民生",0,5,-5
"287","1570力肯","110/07/14","統一-三多",4,0,4
"288","1570力肯","110/07/14","元大-古亭",0,5,-5
"289","1570力肯","110/07/14","華南永昌-古亭",4,0,4
"290","1570力肯","110/07/14","日盛-木柵",0,4,-4
"291","1570力肯","110/07/14","元大-高雄",3,0,3
"292","1570力肯","110/07/14","大昌",0,4,-4
"293","1570力肯","110/07/14","兆豐-忠孝",2,0,2
"294","1570力肯","110/07/14","群益金鼎-東大",0,4,-4
"295","1570力肯","110/07/14","富邦-陽明",2,0,2
"296","1570力肯","110/07/14","凱基-台北",0,4,-4
"297","1570力肯","110/07/14","元大-松山",2,0,2
"298","1570力肯","110/07/14","元大-板橋",0,4,-4
"299","1570力肯","110/07/14","元大-忠孝",2,0,2
"300","1570力肯","110/07/14","第一金-中山",0,3,-3
"301","6180橘子","110/07/14","新加坡商瑞銀",84,28,56
"302","6180橘子","110/07/14","凱基-台北",4,37,-33
"303","6180橘子","110/07/14","日盛-信義",29,1,28
"304","6180橘子","110/07/14","玉山-台南",1,22,-21
"305","6180橘子","110/07/14","豐農",28,4,24
"306","6180橘子","110/07/14","日盛-新竹",1,21,-20
"307","6180橘子","110/07/14","新光-新竹",24,1,23
"308","6180橘子","110/07/14","元富-潮州",0,19,-19
"309","6180橘子","110/07/14","華南永昌-高雄",20,0,20
"310","6180橘子","110/07/14","元大-信義",0,17,-17
"311","6180橘子","110/07/14","元大-羅東",20,0,20
"312","6180橘子","110/07/14","台灣企銀-台中",1,16,-15
"313","6180橘子","110/07/14","元大-台中中港",20,0,20
"314","6180橘子","110/07/14","元大-北港",0,15,-15
"315","6180橘子","110/07/14","富邦-嘉義",24,5,19
"316","6180橘子","110/07/14","富邦-高雄",0,14,-14
"317","6180橘子","110/07/14","富邦-仁愛",15,0,15
"318","6180橘子","110/07/14","兆豐-埔墘",0,13,-13
"319","6180橘子","110/07/14","國票-九鼎",13,0,13
"320","6180橘子","110/07/14","第一金-中山",0,10,-10
"321","6180橘子","110/07/14","日盛-木柵",12,0,12
"322","6180橘子","110/07/14","元大-彰化民生",0,10,-10
"323","6180橘子","110/07/14","元大-成功",10,0,10
"324","6180橘子","110/07/14","福勝",1,10,-9
"325","6180橘子","110/07/14","港商野村",10,2,8
"326","6180橘子","110/07/14","群益金鼎-丹鳳",1,10,-9
"327","6180橘子","110/07/14","玉山-左營",8,0,8
"328","6180橘子","110/07/14","群益金鼎-板橋",0,8,-8
"329","6180橘子","110/07/14","富邦-陽明",16,8,8
"330","6180橘子","110/07/14","合庫-鳳山",0,7,-7
"331","2390云辰","110/07/14","摩根大通",995,198,797
"332","2390云辰","110/07/14","新加坡商瑞銀",28,399,-371
"333","2390云辰","110/07/14","美林",383,22,361
"334","2390云辰","110/07/14","凱基-新豐",3,198,-195
"335","2390云辰","110/07/14","台灣摩根士丹利",684,358,326
"336","2390云辰","110/07/14","元大-士林",1,152,-151
"337","2390云辰","110/07/14","凱基-台北",656,402,254
"338","2390云辰","110/07/14","元大-竹山",80,181,-101
"339","2390云辰","110/07/14","日盛-和美",110,5,105
"340","2390云辰","110/07/14","群益金鼎-開元",19,95,-76
"341","2390云辰","110/07/14","元大-天母",72,0,72
"342","2390云辰","110/07/14","新光",77,150,-73
"343","2390云辰","110/07/14","永豐金-松山",57,0,57
"344","2390云辰","110/07/14","元富-高雄",0,71,-71
"345","2390云辰","110/07/14","統一-屏東",53,0,53
"346","2390云辰","110/07/14","元大-土城學府",130,201,-71
"347","2390云辰","110/07/14","港商野村",486,450,36
"348","2390云辰","110/07/14","元大-善化",12,76,-64
"349","2390云辰","110/07/14","致和-崇德",30,0,30
"350","2390云辰","110/07/14","華南永昌-岡山",23,81,-58
"351","2390云辰","110/07/14","富邦-台北",40,14,26
"352","2390云辰","110/07/14","群益金鼎-大興",82,125,-43
"353","2390云辰","110/07/14","台新-高雄",38,13,25
"354","2390云辰","110/07/14","大慶-中壢",0,41,-41
"355","2390云辰","110/07/14","富邦-板橋",32,7,25
"356","2390云辰","110/07/14","玉山-板橋",6,47,-41
"357","2390云辰","110/07/14","陽信-石牌",24,0,24
"358","2390云辰","110/07/14","富邦-台東",2,42,-40
"359","2390云辰","110/07/14","凱基-屏東",32,8,24
"360","2390云辰","110/07/14","元大-新營",3,42,-39
"361","2363矽統","110/07/14","台灣摩根士丹利",463,0,463
"362","2363矽統","110/07/14","新加坡商瑞銀",568,1321,-753
"363","2363矽統","110/07/14","台新證券",750,342,408
"364","2363矽統","110/07/14","瑞士信貸",149,864,-715
"365","2363矽統","110/07/14","玉山-台中",363,51,312
"366","2363矽統","110/07/14","台新-屏東",115,380,-265
"367","2363矽統","110/07/14","元大-斗六",223,25,198
"368","2363矽統","110/07/14","永豐金證券",16,265,-249
"369","2363矽統","110/07/14","華南永昌-朴子",208,38,170
"370","2363矽統","110/07/14","美林",462,701,-239
"371","2363矽統","110/07/14","元富-西松",169,12,157
"372","2363矽統","110/07/14","宏遠-桃園",269,500,-231
"373","2363矽統","110/07/14","永豐金-大園",146,6,140
"374","2363矽統","110/07/14","凱基-竹北",36,254,-218
"375","2363矽統","110/07/14","土銀-和平",134,0,134
"376","2363矽統","110/07/14","港商法國興業",0,214,-214
"377","2363矽統","110/07/14","富邦-新營",130,13,117
"378","2363矽統","110/07/14","港商野村",835,1044,-209
"379","2363矽統","110/07/14","元富-成功",118,11,107
"380","2363矽統","110/07/14","北城證券",212,411,-199
"381","2363矽統","110/07/14","元富-烏日",121,18,103
"382","2363矽統","110/07/14","(牛牛牛)亞-鑫豐",51,241,-190
"383","2363矽統","110/07/14","日盛-二林",120,18,102
"384","2363矽統","110/07/14","國票-博愛",24,213,-189
"385","2363矽統","110/07/14","兆豐-忠孝",98,2,96
"386","2363矽統","110/07/14","大慶-蘆洲",134,316,-182
"387","2363矽統","110/07/14","大慶-楊梅",92,3,89
"388","2363矽統","110/07/14","彰銀-台中",15,193,-178
"389","2363矽統","110/07/14","元富-三重",120,33,87
"390","2363矽統","110/07/14","日盛-和美",18,185,-167
"391","8112至上","110/07/14","新加坡商瑞銀",223,17,206
"392","8112至上","110/07/14","瑞士信貸",8,170,-162
"393","8112至上","110/07/14","摩根大通",285,129,156
"394","8112至上","110/07/14","美林",55,202,-147
"395","8112至上","110/07/14","花旗環球",124,0,124
"396","8112至上","110/07/14","凱基-台北",325,436,-111
"397","8112至上","110/07/14","兆豐-公益",117,4,113
"398","8112至上","110/07/14","台中銀-台北",0,98,-98
"399","8112至上","110/07/14","香港上海匯豐",111,0,111
"400","8112至上","110/07/14","玉山-台大",17,107,-90
"401","8112至上","110/07/14","永豐金-內湖",117,21,96
"402","8112至上","110/07/14","康和-內湖",1,90,-89
"403","8112至上","110/07/14","台灣摩根士丹利",108,16,92
"404","8112至上","110/07/14","港商野村",21,84,-63
"405","8112至上","110/07/14","元大-東蘆",77,0,77
"406","8112至上","110/07/14","兆豐-北高雄",1,60,-59
"407","8112至上","110/07/14","新光",108,48,60
"408","8112至上","110/07/14","群益金鼎-海山",1,52,-51
"409","8112至上","110/07/14","大慶-蘆洲",59,0,59
"410","8112至上","110/07/14","群益金鼎-大安",0,50,-50
"411","8112至上","110/07/14","華南永昌-台中",56,3,53
"412","8112至上","110/07/14","富邦-仁愛",2,49,-47
"413","8112至上","110/07/14","土銀-嘉義",52,2,50
"414","8112至上","110/07/14","元大-金華",0,42,-42
"415","8112至上","110/07/14","美商高盛",40,0,40
"416","8112至上","110/07/14","元大-內湖",4,43,-39
"417","8112至上","110/07/14","臺銀",63,29,34
"418","8112至上","110/07/14","第一金-華江",2,37,-35
"419","8112至上","110/07/14","元富-嘉義",31,0,31
"420","8112至上","110/07/14","永豐金-苓雅",2,34,-32
"421","1570力肯","110/07/14","國票-北高雄",68,0,68
"422","1570力肯","110/07/14","摩根大通",0,21,-21
"423","1570力肯","110/07/14","日盛-八德",30,1,29
"424","1570力肯","110/07/14","新光",1,19,-18
"425","1570力肯","110/07/14","玉山-高雄",7,0,7
"426","1570力肯","110/07/14","(牛牛牛)亞-鑫豐",0,17,-17
"427","1570力肯","110/07/14","臺銀-臺南",5,0,5
"428","1570力肯","110/07/14","日盛-士林",0,10,-10
"429","1570力肯","110/07/14","凱基-三峽",5,0,5
"430","1570力肯","110/07/14","統一-員林",0,10,-10
"431","1570力肯","110/07/14","元大-和平",5,0,5
"432","1570力肯","110/07/14","國票-新莊",0,10,-10
"433","1570力肯","110/07/14","合庫-三重",4,0,4
"434","1570力肯","110/07/14","凱基-高美館",0,10,-10
"435","1570力肯","110/07/14","瑞士信貸",4,0,4
"436","1570力肯","110/07/14","元大-屏東民生",0,5,-5
"437","1570力肯","110/07/14","統一-三多",4,0,4
"438","1570力肯","110/07/14","元大-古亭",0,5,-5
"439","1570力肯","110/07/14","華南永昌-古亭",4,0,4
"440","1570力肯","110/07/14","日盛-木柵",0,4,-4
"441","1570力肯","110/07/14","元大-高雄",3,0,3
"442","1570力肯","110/07/14","大昌",0,4,-4
"443","1570力肯","110/07/14","兆豐-忠孝",2,0,2
"444","1570力肯","110/07/14","群益金鼎-東大",0,4,-4
"445","1570力肯","110/07/14","富邦-陽明",2,0,2
"446","1570力肯","110/07/14","凱基-台北",0,4,-4
"447","1570力肯","110/07/14","元大-松山",2,0,2
"448","1570力肯","110/07/14","元大-板橋",0,4,-4
"449","1570力肯","110/07/14","元大-忠孝",2,0,2
"450","1570力肯","110/07/14","第一金-中山",0,3,-3
"451","2929淘帝","110/07/14","華南永昌-林口",60,0,60
"452","2929淘帝","110/07/14","群益金鼎",25,540,-515
"453","2929淘帝","110/07/14","美林",87,31,56
"454","2929淘帝","110/07/14","國泰-台南",1,30,-29
"455","2929淘帝","110/07/14","元富-台南",40,0,40
"456","2929淘帝","110/07/14","宏遠-桃園",0,20,-20
"457","2929淘帝","110/07/14","元大-民生",39,0,39
"458","2929淘帝","110/07/14","摩根大通",11,31,-20
"459","2929淘帝","110/07/14","臺銀-鳳山",34,0,34
"460","2929淘帝","110/07/14","台新-建北",5,20,-15
"461","2929淘帝","110/07/14","合庫-高雄",34,1,33
"462","2929淘帝","110/07/14","新光",1,16,-15
"463","2929淘帝","110/07/14","華南永昌-鶯歌",28,0,28
"464","2929淘帝","110/07/14","玉山-板橋",0,15,-15
"465","2929淘帝","110/07/14","永興",25,0,25
"466","2929淘帝","110/07/14","凱基-羅東",0,15,-15
"467","2929淘帝","110/07/14","元大-新盛",25,1,24
"468","2929淘帝","110/07/14","元大-頭份",0,15,-15
"469","2929淘帝","110/07/14","日盛-南京",23,0,23
"470","2929淘帝","110/07/14","第一金-台南",0,13,-13
"471","2929淘帝","110/07/14","日茂",20,0,20
"472","2929淘帝","110/07/14","富邦-基隆",0,12,-12
"473","2929淘帝","110/07/14","台新-台中",20,0,20
"474","2929淘帝","110/07/14","日茂-南投",1,12,-11
"475","2929淘帝","110/07/14","華南永昌",20,0,20
"476","2929淘帝","110/07/14","元大-豐原站前",0,11,-11
"477","2929淘帝","110/07/14","福勝",15,0,15
"478","2929淘帝","110/07/14","玉山-士林",0,10,-10
"479","2929淘帝","110/07/14","富邦-南屯",15,0,15
"480","2929淘帝","110/07/14","富邦-台北",0,10,-10
"481","5410國眾","110/07/14","兆豐-城中",35,0,35
"482","5410國眾","110/07/14","瑞士信貸",0,29,-29
"483","5410國眾","110/07/14","新光",21,1,20
"484","5410國眾","110/07/14","國泰-板橋",1,30,-29
"485","5410國眾","110/07/14","國泰-敦南",21,1,20
"486","5410國眾","110/07/14","日盛-高雄",0,20,-20
"487","5410國眾","110/07/14","國泰-台中",20,1,19
"488","5410國眾","110/07/14","台新-左楠",1,20,-19
"489","5410國眾","110/07/14","元大-崇德",19,0,19
"490","5410國眾","110/07/14","元富-大昌",1,18,-17
"491","5410國眾","110/07/14","土銀-士林",18,0,18
"492","5410國眾","110/07/14","富邦-建國",0,15,-15
"493","5410國眾","110/07/14","元大-新盛",20,2,18
"494","5410國眾","110/07/14","元富-嘉義",0,12,-12
"495","5410國眾","110/07/14","兆豐-高雄",15,0,15
"496","5410國眾","110/07/14","永全-南崁",0,12,-12
"497","5410國眾","110/07/14","宏遠-中和",10,0,10
"498","5410國眾","110/07/14","元大-員林",0,11,-11
"499","5410國眾","110/07/14","新光-桃園",10,0,10
"500","5410國眾","110/07/14","高橋",0,10,-10
"501","5410國眾","110/07/14","國泰-台南",10,0,10
"502","5410國眾","110/07/14","永興",0,10,-10
"503","5410國眾","110/07/14","元大-復北",10,0,10
"504","5410國眾","110/07/14","華南永昌-三重",0,10,-10
"505","5410國眾","110/07/14","元大-竹科",8,0,8
"506","5410國眾","110/07/14","元大-苑裡",0,7,-7
"507","5410國眾","110/07/14","台新-新營",6,0,6
"508","5410國眾","110/07/14","港商野村",0,6,-6
"509","5410國眾","110/07/14","日盛-士林",5,0,5
"510","5410國眾","110/07/14","摩根大通",5,11,-6
"511","2841台開","110/07/14","凱基-文心",73,0,73
"512","2841台開","110/07/14","國泰-敦南",0,50,-50
"513","2841台開","110/07/14","元富-潮州",30,0,30
"514","2841台開","110/07/14","凱基-中壢",0,40,-40
"515","2841台開","110/07/14","第一金-台中",20,0,20
"516","2841台開","110/07/14","統一-新竹",0,24,-24
"517","2841台開","110/07/14","華南永昌-新莊",20,0,20
"518","2841台開","110/07/14","元富-草屯",0,20,-20
"519","2841台開","110/07/14","永豐金-豐原",20,0,20
"520","2841台開","110/07/14","台新-台南",0,20,-20
"521","2841台開","110/07/14","國泰-館前",15,0,15
"522","2841台開","110/07/14","永豐金-敦南",45,63,-18
"523","2841台開","110/07/14","群益金鼎-基隆",12,0,12
"524","2841台開","110/07/14","國票-北高雄",0,13,-13
"525","2841台開","110/07/14","日盛-信義",10,0,10
"526","2841台開","110/07/14","凱基-松山",0,10,-10
"527","2841台開","110/07/14","台新-台中",10,0,10
"528","2841台開","110/07/14","元大證券",0,10,-10
"529","2841台開","110/07/14","新光",10,1,9
"530","2841台開","110/07/14","元大-中壢",0,10,-10
"531","2841台開","110/07/14","凱基-新店",8,0,8
"532","2841台開","110/07/14","富邦-陽明",1,10,-9
"533","2841台開","110/07/14","元大-斗信",7,0,7
"534","2841台開","110/07/14","富邦-建國",0,9,-9
"535","2841台開","110/07/14","元大-三重",6,0,6
"536","2841台開","110/07/14","富邦-台南",0,8,-8
"537","2841台開","110/07/14","永豐金-中和",6,0,6
"538","2841台開","110/07/14","康和-澎湖",0,7,-7
"539","2841台開","110/07/14","元富-成功",5,0,5
"540","2841台開","110/07/14","日盛-斗六",0,6,-6
"541","6207雷科","110/07/14","群益金鼎-台北",60,0,60
"542","6207雷科","110/07/14","新加坡商瑞銀",10,56,-46
"543","6207雷科","110/07/14","台新-高雄",43,3,40
"544","6207雷科","110/07/14","國票-中和",0,41,-41
"545","6207雷科","110/07/14","元大-高雄",19,0,19
"546","6207雷科","110/07/14","元大-復北",0,33,-33
"547","6207雷科","110/07/14","福勝",15,0,15
"548","6207雷科","110/07/14","光和-和美",0,20,-20
"549","6207雷科","110/07/14","群益金鼎-中山",15,0,15
"550","6207雷科","110/07/14","群益金鼎-丹鳳",0,20,-20
"551","6207雷科","110/07/14","元大-林園",15,0,15
"552","6207雷科","110/07/14","第一金-路竹",0,10,-10
"553","6207雷科","110/07/14","新光",12,0,12
"554","6207雷科","110/07/14","元大-歸仁",0,10,-10
"555","6207雷科","110/07/14","元大-大天母",10,0,10
"556","6207雷科","110/07/14","宏遠-館前",0,9,-9
"557","6207雷科","110/07/14","永豐金-忠孝",9,0,9
"558","6207雷科","110/07/14","凱基-台北",12,20,-8
"559","6207雷科","110/07/14","永豐金-新店",7,0,7
"560","6207雷科","110/07/14","美林",0,7,-7
"561","6207雷科","110/07/14","玉山-嘉義",6,0,6
"562","6207雷科","110/07/14","摩根大通",16,23,-7
"563","6207雷科","110/07/14","元大-屏東",6,0,6
"564","6207雷科","110/07/14","凱基-高雄",1,7,-6
"565","6207雷科","110/07/14","凱基-大安",5,0,5
"566","6207雷科","110/07/14","台中銀-豐原",0,5,-5
"567","6207雷科","110/07/14","富邦-台南",5,0,5
"568","6207雷科","110/07/14","元大-新竹經國",0,5,-5
"569","6207雷科","110/07/14","元大-成功",5,0,5
"570","6207雷科","110/07/14","光和-田中",0,4,-4
"571","3679新至陞","110/07/14","凱基-台北",31,6,25
"572","3679新至陞","110/07/14","群益金鼎-東大",0,15,-15
"573","3679新至陞","110/07/14","華南永昌-新莊",10,0,10
"574","3679新至陞","110/07/14","瑞士信貸",0,12,-12
"575","3679新至陞","110/07/14","新加坡商瑞銀",11,3,8
"576","3679新至陞","110/07/14","群益金鼎-永和",0,10,-10
"577","3679新至陞","110/07/14","美商高盛",6,0,6
"578","3679新至陞","110/07/14","元大-成功",5,15,-10
"579","3679新至陞","110/07/14","第一金-中壢",6,0,6
"580","3679新至陞","110/07/14","統一-板橋",1,10,-9
"581","3679新至陞","110/07/14","(牛牛牛)亞-網路",4,0,4
"582","3679新至陞","110/07/14","玉山-左營",0,5,-5
"583","3679新至陞","110/07/14","元大-六合",3,0,3
"584","3679新至陞","110/07/14","群益金鼎-三民",0,4,-4
"585","3679新至陞","110/07/14","合庫-自強",2,0,2
"586","3679新至陞","110/07/14","富邦-宜蘭",0,4,-4
"587","3679新至陞","110/07/14","高橋-內壢",2,0,2
"588","3679新至陞","110/07/14","永豐金-苓雅",0,3,-3
"589","3679新至陞","110/07/14","台中銀-員林",2,0,2
"590","3679新至陞","110/07/14","摩根大通",5,7,-2
"591","3679新至陞","110/07/14","凱基-高美館",2,0,2
"592","3679新至陞","110/07/14","元大-板橋三民",0,2,-2
"593","3679新至陞","110/07/14","元大-福營",2,0,2
"594","3679新至陞","110/07/14","宏遠-中和",0,1,-1
"595","3679新至陞","110/07/14","永豐金-松山",2,0,2
"596","3679新至陞","110/07/14","元富-佳里",0,1,-1
"597","3679新至陞","110/07/14","永豐金-萬盛",2,0,2
"598","3679新至陞","110/07/14","(牛牛牛)亞-鑫豐",0,1,-1
"599","3679新至陞","110/07/14","元富-松德",1,0,1
"600","3679新至陞","110/07/14","中國信託-中壢",0,1,-1
"601","2727王品","110/07/14","富邦-左營",102,1,101
"602","2727王品","110/07/14","統一-城中",100,234,-134
"603","2727王品","110/07/14","國泰-板橋",105,11,94
"604","2727王品","110/07/14","富邦-台北",1,125,-124
"605","2727王品","110/07/14","港商野村",149,72,77
"606","2727王品","110/07/14","台灣摩根士丹利",1,48,-47
"607","2727王品","110/07/14","合庫-台中",66,2,64
"608","2727王品","110/07/14","國票-新莊",0,40,-40
"609","2727王品","110/07/14","臺銀-金山",63,8,55
"610","2727王品","110/07/14","永豐金-忠孝",2,39,-37
"611","2727王品","110/07/14","摩根大通",83,39,44
"612","2727王品","110/07/14","富邦-彰化",1,34,-33
"613","2727王品","110/07/14","凱基-台北",84,42,42
"614","2727王品","110/07/14","康和-高雄",0,30,-30
"615","2727王品","110/07/14","土銀-台中",35,1,34
"616","2727王品","110/07/14","安泰",0,26,-26
"617","2727王品","110/07/14","華南永昌-麻豆",32,1,31
"618","2727王品","110/07/14","富邦-新竹華信",0,21,-21
"619","2727王品","110/07/14","元大證券",85,55,30
"620","2727王品","110/07/14","元大-南崁",1,22,-21
"621","2727王品","110/07/14","新加坡商瑞銀",40,15,25
"622","2727王品","110/07/14","彰銀-台中",0,18,-18
"623","2727王品","110/07/14","日盛-八德",19,0,19
"624","2727王品","110/07/14","元富-同大",2,20,-18
"625","2727王品","110/07/14","統一",35,17,18
"626","2727王品","110/07/14","玉山-嘉義",1,17,-16
"627","2727王品","110/07/14","元富-大昌",18,1,17
"628","2727王品","110/07/14","國泰-館前",4,20,-16
"629","2727王品","110/07/14","玉山-板橋",15,1,14
"630","2727王品","110/07/14","第一金-嘉義",1,13,-12
"631","1570力肯","110/07/14","國票-北高雄",68,0,68
"632","1570力肯","110/07/14","摩根大通",0,21,-21
"633","1570力肯","110/07/14","日盛-八德",30,1,29
"634","1570力肯","110/07/14","新光",1,19,-18
"635","1570力肯","110/07/14","玉山-高雄",7,0,7
"636","1570力肯","110/07/14","(牛牛牛)亞-鑫豐",0,17,-17
"637","1570力肯","110/07/14","臺銀-臺南",5,0,5
"638","1570力肯","110/07/14","日盛-士林",0,10,-10
"639","1570力肯","110/07/14","凱基-三峽",5,0,5
"640","1570力肯","110/07/14","統一-員林",0,10,-10
"641","1570力肯","110/07/14","元大-和平",5,0,5
"642","1570力肯","110/07/14","國票-新莊",0,10,-10
"643","1570力肯","110/07/14","合庫-三重",4,0,4
"644","1570力肯","110/07/14","凱基-高美館",0,10,-10
"645","1570力肯","110/07/14","瑞士信貸",4,0,4
"646","1570力肯","110/07/14","元大-屏東民生",0,5,-5
"647","1570力肯","110/07/14","統一-三多",4,0,4
"648","1570力肯","110/07/14","元大-古亭",0,5,-5
"649","1570力肯","110/07/14","華南永昌-古亭",4,0,4
"650","1570力肯","110/07/14","日盛-木柵",0,4,-4
"651","1570力肯","110/07/14","元大-高雄",3,0,3
"652","1570力肯","110/07/14","大昌",0,4,-4
"653","1570力肯","110/07/14","兆豐-忠孝",2,0,2
"654","1570力肯","110/07/14","群益金鼎-東大",0,4,-4
"655","1570力肯","110/07/14","富邦-陽明",2,0,2
"656","1570力肯","110/07/14","凱基-台北",0,4,-4
"657","1570力肯","110/07/14","元大-松山",2,0,2
"658","1570力肯","110/07/14","元大-板橋",0,4,-4
"659","1570力肯","110/07/14","元大-忠孝",2,0,2
"660","1570力肯","110/07/14","第一金-中山",0,3,-3
"661","6180橘子","110/07/14","新加坡商瑞銀",84,28,56
"662","6180橘子","110/07/14","凱基-台北",4,37,-33
"663","6180橘子","110/07/14","日盛-信義",29,1,28
"664","6180橘子","110/07/14","玉山-台南",1,22,-21
"665","6180橘子","110/07/14","豐農",28,4,24
"666","6180橘子","110/07/14","日盛-新竹",1,21,-20
"667","6180橘子","110/07/14","新光-新竹",24,1,23
"668","6180橘子","110/07/14","元富-潮州",0,19,-19
"669","6180橘子","110/07/14","華南永昌-高雄",20,0,20
"670","6180橘子","110/07/14","元大-信義",0,17,-17
"671","6180橘子","110/07/14","元大-羅東",20,0,20
"672","6180橘子","110/07/14","台灣企銀-台中",1,16,-15
"673","6180橘子","110/07/14","元大-台中中港",20,0,20
"674","6180橘子","110/07/14","元大-北港",0,15,-15
"675","6180橘子","110/07/14","富邦-嘉義",24,5,19
"676","6180橘子","110/07/14","富邦-高雄",0,14,-14
"677","6180橘子","110/07/14","富邦-仁愛",15,0,15
"678","6180橘子","110/07/14","兆豐-埔墘",0,13,-13
"679","6180橘子","110/07/14","國票-九鼎",13,0,13
"680","6180橘子","110/07/14","第一金-中山",0,10,-10
"681","6180橘子","110/07/14","日盛-木柵",12,0,12
"682","6180橘子","110/07/14","元大-彰化民生",0,10,-10
"683","6180橘子","110/07/14","元大-成功",10,0,10
"684","6180橘子","110/07/14","福勝",1,10,-9
"685","6180橘子","110/07/14","港商野村",10,2,8
"686","6180橘子","110/07/14","群益金鼎-丹鳳",1,10,-9
"687","6180橘子","110/07/14","玉山-左營",8,0,8
"688","6180橘子","110/07/14","群益金鼎-板橋",0,8,-8
"689","6180橘子","110/07/14","富邦-陽明",16,8,8
"690","6180橘子","110/07/14","合庫-鳳山",0,7,-7
"691","2390云辰","110/07/14","摩根大通",995,198,797
"692","2390云辰","110/07/14","新加坡商瑞銀",28,399,-371
"693","2390云辰","110/07/14","美林",383,22,361
"694","2390云辰","110/07/14","凱基-新豐",3,198,-195
"695","2390云辰","110/07/14","台灣摩根士丹利",684,358,326
"696","2390云辰","110/07/14","元大-士林",1,152,-151
"697","2390云辰","110/07/14","凱基-台北",656,402,254
"698","2390云辰","110/07/14","元大-竹山",80,181,-101
"699","2390云辰","110/07/14","日盛-和美",110,5,105
"700","2390云辰","110/07/14","群益金鼎-開元",19,95,-76
"701","2390云辰","110/07/14","元大-天母",72,0,72
"702","2390云辰","110/07/14","新光",77,150,-73
"703","2390云辰","110/07/14","永豐金-松山",57,0,57
"704","2390云辰","110/07/14","元富-高雄",0,71,-71
"705","2390云辰","110/07/14","統一-屏東",53,0,53
"706","2390云辰","110/07/14","元大-土城學府",130,201,-71
"707","2390云辰","110/07/14","港商野村",486,450,36
"708","2390云辰","110/07/14","元大-善化",12,76,-64
"709","2390云辰","110/07/14","致和-崇德",30,0,30
"710","2390云辰","110/07/14","華南永昌-岡山",23,81,-58
"711","2390云辰","110/07/14","富邦-台北",40,14,26
"712","2390云辰","110/07/14","群益金鼎-大興",82,125,-43
"713","2390云辰","110/07/14","台新-高雄",38,13,25
"714","2390云辰","110/07/14","大慶-中壢",0,41,-41
"715","2390云辰","110/07/14","富邦-板橋",32,7,25
"716","2390云辰","110/07/14","玉山-板橋",6,47,-41
"717","2390云辰","110/07/14","陽信-石牌",24,0,24
"718","2390云辰","110/07/14","富邦-台東",2,42,-40
"719","2390云辰","110/07/14","凱基-屏東",32,8,24
"720","2390云辰","110/07/14","元大-新營",3,42,-39
"721","2363矽統","110/07/14","台灣摩根士丹利",463,0,463
"722","2363矽統","110/07/14","新加坡商瑞銀",568,1321,-753
"723","2363矽統","110/07/14","台新證券",750,342,408
"724","2363矽統","110/07/14","瑞士信貸",149,864,-715
"725","2363矽統","110/07/14","玉山-台中",363,51,312
"726","2363矽統","110/07/14","台新-屏東",115,380,-265
"727","2363矽統","110/07/14","元大-斗六",223,25,198
"728","2363矽統","110/07/14","永豐金證券",16,265,-249
"729","2363矽統","110/07/14","華南永昌-朴子",208,38,170
"730","2363矽統","110/07/14","美林",462,701,-239
"731","2363矽統","110/07/14","元富-西松",169,12,157
"732","2363矽統","110/07/14","宏遠-桃園",269,500,-231
"733","2363矽統","110/07/14","永豐金-大園",146,6,140
"734","2363矽統","110/07/14","凱基-竹北",36,254,-218
"735","2363矽統","110/07/14","土銀-和平",134,0,134
"736","2363矽統","110/07/14","港商法國興業",0,214,-214
"737","2363矽統","110/07/14","富邦-新營",130,13,117
"738","2363矽統","110/07/14","港商野村",835,1044,-209
"739","2363矽統","110/07/14","元富-成功",118,11,107
"740","2363矽統","110/07/14","北城證券",212,411,-199
"741","2363矽統","110/07/14","元富-烏日",121,18,103
"742","2363矽統","110/07/14","(牛牛牛)亞-鑫豐",51,241,-190
"743","2363矽統","110/07/14","日盛-二林",120,18,102
"744","2363矽統","110/07/14","國票-博愛",24,213,-189
"745","2363矽統","110/07/14","兆豐-忠孝",98,2,96
"746","2363矽統","110/07/14","大慶-蘆洲",134,316,-182
"747","2363矽統","110/07/14","大慶-楊梅",92,3,89
"748","2363矽統","110/07/14","彰銀-台中",15,193,-178
"749","2363矽統","110/07/14","元富-三重",120,33,87
"750","2363矽統","110/07/14","日盛-和美",18,185,-167
"751","8112至上","110/07/14","新加坡商瑞銀",223,17,206
"752","8112至上","110/07/14","瑞士信貸",8,170,-162
"753","8112至上","110/07/14","摩根大通",285,129,156
"754","8112至上","110/07/14","美林",55,202,-147
"755","8112至上","110/07/14","花旗環球",124,0,124
"756","8112至上","110/07/14","凱基-台北",325,436,-111
"757","8112至上","110/07/14","兆豐-公益",117,4,113
"758","8112至上","110/07/14","台中銀-台北",0,98,-98
"759","8112至上","110/07/14","香港上海匯豐",111,0,111
"760","8112至上","110/07/14","玉山-台大",17,107,-90
"761","8112至上","110/07/14","永豐金-內湖",117,21,96
"762","8112至上","110/07/14","康和-內湖",1,90,-89
"763","8112至上","110/07/14","台灣摩根士丹利",108,16,92
"764","8112至上","110/07/14","港商野村",21,84,-63
"765","8112至上","110/07/14","元大-東蘆",77,0,77
"766","8112至上","110/07/14","兆豐-北高雄",1,60,-59
"767","8112至上","110/07/14","新光",108,48,60
"768","8112至上","110/07/14","群益金鼎-海山",1,52,-51
"769","8112至上","110/07/14","大慶-蘆洲",59,0,59
"770","8112至上","110/07/14","群益金鼎-大安",0,50,-50
"771","8112至上","110/07/14","華南永昌-台中",56,3,53
"772","8112至上","110/07/14","富邦-仁愛",2,49,-47
"773","8112至上","110/07/14","土銀-嘉義",52,2,50
"774","8112至上","110/07/14","元大-金華",0,42,-42
"775","8112至上","110/07/14","美商高盛",40,0,40
"776","8112至上","110/07/14","元大-內湖",4,43,-39
"777","8112至上","110/07/14","臺銀",63,29,34
"778","8112至上","110/07/14","第一金-華江",2,37,-35
"779","8112至上","110/07/14","元富-嘉義",31,0,31
"780","8112至上","110/07/14","永豐金-苓雅",2,34,-32
"781","1570力肯","110/07/14","國票-北高雄",68,0,68
"782","1570力肯","110/07/14","摩根大通",0,21,-21
"783","1570力肯","110/07/14","日盛-八德",30,1,29
"784","1570力肯","110/07/14","新光",1,19,-18
"785","1570力肯","110/07/14","玉山-高雄",7,0,7
"786","1570力肯","110/07/14","(牛牛牛)亞-鑫豐",0,17,-17
"787","1570力肯","110/07/14","臺銀-臺南",5,0,5
"788","1570力肯","110/07/14","日盛-士林",0,10,-10
"789","1570力肯","110/07/14","凱基-三峽",5,0,5
"790","1570力肯","110/07/14","統一-員林",0,10,-10
"791","1570力肯","110/07/14","元大-和平",5,0,5
"792","1570力肯","110/07/14","國票-新莊",0,10,-10
"793","1570力肯","110/07/14","合庫-三重",4,0,4
"794","1570力肯","110/07/14","凱基-高美館",0,10,-10
"795","1570力肯","110/07/14","瑞士信貸",4,0,4
"796","1570力肯","110/07/14","元大-屏東民生",0,5,-5
"797","1570力肯","110/07/14","統一-三多",4,0,4
"798","1570力肯","110/07/14","元大-古亭",0,5,-5
"799","1570力肯","110/07/14","華南永昌-古亭",4,0,4
"800","1570力肯","110/07/14","日盛-木柵",0,4,-4
"801","1570力肯","110/07/14","元大-高雄",3,0,3
"802","1570力肯","110/07/14","大昌",0,4,-4
"803","1570力肯","110/07/14","兆豐-忠孝",2,0,2
"804","1570力肯","110/07/14","群益金鼎-東大",0,4,-4
"805","1570力肯","110/07/14","富邦-陽明",2,0,2
"806","1570力肯","110/07/14","凱基-台北",0,4,-4
"807","1570力肯","110/07/14","元大-松山",2,0,2
"808","1570力肯","110/07/14","元大-板橋",0,4,-4
"809","1570力肯","110/07/14","元大-忠孝",2,0,2
"810","1570力肯","110/07/14","第一金-中山",0,3,-3
"811","2929淘帝","110/07/14","華南永昌-林口",60,0,60
"812","2929淘帝","110/07/14","群益金鼎",25,540,-515
"813","2929淘帝","110/07/14","美林",87,31,56
"814","2929淘帝","110/07/14","國泰-台南",1,30,-29
"815","2929淘帝","110/07/14","元富-台南",40,0,40
"816","2929淘帝","110/07/14","宏遠-桃園",0,20,-20
"817","2929淘帝","110/07/14","元大-民生",39,0,39
"818","2929淘帝","110/07/14","摩根大通",11,31,-20
"819","2929淘帝","110/07/14","臺銀-鳳山",34,0,34
"820","2929淘帝","110/07/14","台新-建北",5,20,-15
"821","2929淘帝","110/07/14","合庫-高雄",34,1,33
"822","2929淘帝","110/07/14","新光",1,16,-15
"823","2929淘帝","110/07/14","華南永昌-鶯歌",28,0,28
"824","2929淘帝","110/07/14","玉山-板橋",0,15,-15
"825","2929淘帝","110/07/14","永興",25,0,25
"826","2929淘帝","110/07/14","凱基-羅東",0,15,-15
"827","2929淘帝","110/07/14","元大-新盛",25,1,24
"828","2929淘帝","110/07/14","元大-頭份",0,15,-15
"829","2929淘帝","110/07/14","日盛-南京",23,0,23
"830","2929淘帝","110/07/14","第一金-台南",0,13,-13
"831","2929淘帝","110/07/14","日茂",20,0,20
"832","2929淘帝","110/07/14","富邦-基隆",0,12,-12
"833","2929淘帝","110/07/14","台新-台中",20,0,20
"834","2929淘帝","110/07/14","日茂-南投",1,12,-11
"835","2929淘帝","110/07/14","華南永昌",20,0,20
"836","2929淘帝","110/07/14","元大-豐原站前",0,11,-11
"837","2929淘帝","110/07/14","福勝",15,0,15
"838","2929淘帝","110/07/14","玉山-士林",0,10,-10
"839","2929淘帝","110/07/14","富邦-南屯",15,0,15
"840","2929淘帝","110/07/14","富邦-台北",0,10,-10
"841","5410國眾","110/07/14","兆豐-城中",35,0,35
"842","5410國眾","110/07/14","瑞士信貸",0,29,-29
"843","5410國眾","110/07/14","新光",21,1,20
"844","5410國眾","110/07/14","國泰-板橋",1,30,-29
"845","5410國眾","110/07/14","國泰-敦南",21,1,20
"846","5410國眾","110/07/14","日盛-高雄",0,20,-20
"847","5410國眾","110/07/14","國泰-台中",20,1,19
"848","5410國眾","110/07/14","台新-左楠",1,20,-19
"849","5410國眾","110/07/14","元大-崇德",19,0,19
"850","5410國眾","110/07/14","元富-大昌",1,18,-17
"851","5410國眾","110/07/14","土銀-士林",18,0,18
"852","5410國眾","110/07/14","富邦-建國",0,15,-15
"853","5410國眾","110/07/14","元大-新盛",20,2,18
"854","5410國眾","110/07/14","元富-嘉義",0,12,-12
"855","5410國眾","110/07/14","兆豐-高雄",15,0,15
"856","5410國眾","110/07/14","永全-南崁",0,12,-12
"857","5410國眾","110/07/14","宏遠-中和",10,0,10
"858","5410國眾","110/07/14","元大-員林",0,11,-11
"859","5410國眾","110/07/14","新光-桃園",10,0,10
"860","5410國眾","110/07/14","高橋",0,10,-10
"861","5410國眾","110/07/14","國泰-台南",10,0,10
"862","5410國眾","110/07/14","永興",0,10,-10
"863","5410國眾","110/07/14","元大-復北",10,0,10
"864","5410國眾","110/07/14","華南永昌-三重",0,10,-10
"865","5410國眾","110/07/14","元大-竹科",8,0,8
"866","5410國眾","110/07/14","元大-苑裡",0,7,-7
"867","5410國眾","110/07/14","台新-新營",6,0,6
"868","5410國眾","110/07/14","港商野村",0,6,-6
"869","5410國眾","110/07/14","日盛-士林",5,0,5
"870","5410國眾","110/07/14","摩根大通",5,11,-6
"871","2841台開","110/07/14","凱基-文心",73,0,73
"872","2841台開","110/07/14","國泰-敦南",0,50,-50
"873","2841台開","110/07/14","元富-潮州",30,0,30
"874","2841台開","110/07/14","凱基-中壢",0,40,-40
"875","2841台開","110/07/14","第一金-台中",20,0,20
"876","2841台開","110/07/14","統一-新竹",0,24,-24
"877","2841台開","110/07/14","華南永昌-新莊",20,0,20
"878","2841台開","110/07/14","元富-草屯",0,20,-20
"879","2841台開","110/07/14","永豐金-豐原",20,0,20
"880","2841台開","110/07/14","台新-台南",0,20,-20
"881","2841台開","110/07/14","國泰-館前",15,0,15
"882","2841台開","110/07/14","永豐金-敦南",45,63,-18
"883","2841台開","110/07/14","群益金鼎-基隆",12,0,12
"884","2841台開","110/07/14","國票-北高雄",0,13,-13
"885","2841台開","110/07/14","日盛-信義",10,0,10
"886","2841台開","110/07/14","凱基-松山",0,10,-10
"887","2841台開","110/07/14","台新-台中",10,0,10
"888","2841台開","110/07/14","元大證券",0,10,-10
"889","2841台開","110/07/14","新光",10,1,9
"890","2841台開","110/07/14","元大-中壢",0,10,-10
"891","2841台開","110/07/14","凱基-新店",8,0,8
"892","2841台開","110/07/14","富邦-陽明",1,10,-9
"893","2841台開","110/07/14","元大-斗信",7,0,7
"894","2841台開","110/07/14","富邦-建國",0,9,-9
"895","2841台開","110/07/14","元大-三重",6,0,6
"896","2841台開","110/07/14","富邦-台南",0,8,-8
"897","2841台開","110/07/14","永豐金-中和",6,0,6
"898","2841台開","110/07/14","康和-澎湖",0,7,-7
"899","2841台開","110/07/14","元富-成功",5,0,5
"900","2841台開","110/07/14","日盛-斗六",0,6,-6
"901","6207雷科","110/07/14","群益金鼎-台北",60,0,60
"902","6207雷科","110/07/14","新加坡商瑞銀",10,56,-46
"903","6207雷科","110/07/14","台新-高雄",43,3,40
"904","6207雷科","110/07/14","國票-中和",0,41,-41
"905","6207雷科","110/07/14","元大-高雄",19,0,19
"906","6207雷科","110/07/14","元大-復北",0,33,-33
"907","6207雷科","110/07/14","福勝",15,0,15
"908","6207雷科","110/07/14","光和-和美",0,20,-20
"909","6207雷科","110/07/14","群益金鼎-中山",15,0,15
"910","6207雷科","110/07/14","群益金鼎-丹鳳",0,20,-20
"911","6207雷科","110/07/14","元大-林園",15,0,15
"912","6207雷科","110/07/14","第一金-路竹",0,10,-10
"913","6207雷科","110/07/14","新光",12,0,12
"914","6207雷科","110/07/14","元大-歸仁",0,10,-10
"915","6207雷科","110/07/14","元大-大天母",10,0,10
"916","6207雷科","110/07/14","宏遠-館前",0,9,-9
"917","6207雷科","110/07/14","永豐金-忠孝",9,0,9
"918","6207雷科","110/07/14","凱基-台北",12,20,-8
"919","6207雷科","110/07/14","永豐金-新店",7,0,7
"920","6207雷科","110/07/14","美林",0,7,-7
"921","6207雷科","110/07/14","玉山-嘉義",6,0,6
"922","6207雷科","110/07/14","摩根大通",16,23,-7
"923","6207雷科","110/07/14","元大-屏東",6,0,6
"924","6207雷科","110/07/14","凱基-高雄",1,7,-6
"925","6207雷科","110/07/14","凱基-大安",5,0,5
"926","6207雷科","110/07/14","台中銀-豐原",0,5,-5
"927","6207雷科","110/07/14","富邦-台南",5,0,5
"928","6207雷科","110/07/14","元大-新竹經國",0,5,-5
"929","6207雷科","110/07/14","元大-成功",5,0,5
"930","6207雷科","110/07/14","光和-田中",0,4,-4
"931","3679新至陞","110/07/14","凱基-台北",31,6,25
"932","3679新至陞","110/07/14","群益金鼎-東大",0,15,-15
"933","3679新至陞","110/07/14","華南永昌-新莊",10,0,10
"934","3679新至陞","110/07/14","瑞士信貸",0,12,-12
"935","3679新至陞","110/07/14","新加坡商瑞銀",11,3,8
"936","3679新至陞","110/07/14","群益金鼎-永和",0,10,-10
"937","3679新至陞","110/07/14","美商高盛",6,0,6
"938","3679新至陞","110/07/14","元大-成功",5,15,-10
"939","3679新至陞","110/07/14","第一金-中壢",6,0,6
"940","3679新至陞","110/07/14","統一-板橋",1,10,-9
"941","3679新至陞","110/07/14","(牛牛牛)亞-網路",4,0,4
"942","3679新至陞","110/07/14","玉山-左營",0,5,-5
"943","3679新至陞","110/07/14","元大-六合",3,0,3
"944","3679新至陞","110/07/14","群益金鼎-三民",0,4,-4
"945","3679新至陞","110/07/14","合庫-自強",2,0,2
"946","3679新至陞","110/07/14","富邦-宜蘭",0,4,-4
"947","3679新至陞","110/07/14","高橋-內壢",2,0,2
"948","3679新至陞","110/07/14","永豐金-苓雅",0,3,-3
"949","3679新至陞","110/07/14","台中銀-員林",2,0,2
"950","3679新至陞","110/07/14","摩根大通",5,7,-2
"951","3679新至陞","110/07/14","凱基-高美館",2,0,2
"952","3679新至陞","110/07/14","元大-板橋三民",0,2,-2
"953","3679新至陞","110/07/14","元大-福營",2,0,2
"954","3679新至陞","110/07/14","宏遠-中和",0,1,-1
"955","3679新至陞","110/07/14","永豐金-松山",2,0,2
"956","3679新至陞","110/07/14","元富-佳里",0,1,-1
"957","3679新至陞","110/07/14","永豐金-萬盛",2,0,2
"958","3679新至陞","110/07/14","(牛牛牛)亞-鑫豐",0,1,-1
"959","3679新至陞","110/07/14","元富-松德",1,0,1
"960","3679新至陞","110/07/14","中國信託-中壢",0,1,-1
"961","2727王品","110/07/14","富邦-左營",102,1,101
"962","2727王品","110/07/14","統一-城中",100,234,-134
"963","2727王品","110/07/14","國泰-板橋",105,11,94
"964","2727王品","110/07/14","富邦-台北",1,125,-124
"965","2727王品","110/07/14","港商野村",149,72,77
"966","2727王品","110/07/14","台灣摩根士丹利",1,48,-47
"967","2727王品","110/07/14","合庫-台中",66,2,64
"968","2727王品","110/07/14","國票-新莊",0,40,-40
"969","2727王品","110/07/14","臺銀-金山",63,8,55
"970","2727王品","110/07/14","永豐金-忠孝",2,39,-37
"971","2727王品","110/07/14","摩根大通",83,39,44
"972","2727王品","110/07/14","富邦-彰化",1,34,-33
"973","2727王品","110/07/14","凱基-台北",84,42,42
"974","2727王品","110/07/14","康和-高雄",0,30,-30
"975","2727王品","110/07/14","土銀-台中",35,1,34
"976","2727王品","110/07/14","安泰",0,26,-26
"977","2727王品","110/07/14","華南永昌-麻豆",32,1,31
"978","2727王品","110/07/14","富邦-新竹華信",0,21,-21
"979","2727王品","110/07/14","元大證券",85,55,30
"980","2727王品","110/07/14","元大-南崁",1,22,-21
"981","2727王品","110/07/14","新加坡商瑞銀",40,15,25
"982","2727王品","110/07/14","彰銀-台中",0,18,-18
"983","2727王品","110/07/14","日盛-八德",19,0,19
"984","2727王品","110/07/14","元富-同大",2,20,-18
"985","2727王品","110/07/14","統一",35,17,18
"986","2727王品","110/07/14","玉山-嘉義",1,17,-16
"987","2727王品","110/07/14","元富-大昌",18,1,17
"988","2727王品","110/07/14","國泰-館前",4,20,-16
"989","2727王品","110/07/14","玉山-板橋",15,1,14
"990","2727王品","110/07/14","第一金-嘉義",1,13,-12
"991","1570力肯","110/07/14","國票-北高雄",68,0,68
"992","1570力肯","110/07/14","摩根大通",0,21,-21
"993","1570力肯","110/07/14","日盛-八德",30,1,29
"994","1570力肯","110/07/14","新光",1,19,-18
"995","1570力肯","110/07/14","玉山-高雄",7,0,7
"996","1570力肯","110/07/14","(牛牛牛)亞-鑫豐",0,17,-17
"997","1570力肯","110/07/14","臺銀-臺南",5,0,5
"998","1570力肯","110/07/14","日盛-士林",0,10,-10
"999","1570力肯","110/07/14","凱基-三峽",5,0,5
"1000","1570力肯","110/07/14","統一-員林",0,10,-10
"1001","1570力肯","110/07/14","元大-和平",5,0,5
"1002","1570力肯","110/07/14","國票-新莊",0,10,-10
"1003","1570力肯","110/07/14","合庫-三重",4,0,4
"1004","1570力肯","110/07/14","凱基-高美館",0,10,-10
"1005","1570力肯","110/07/14","瑞士信貸",4,0,4
"1006","1570力肯","110/07/14","元大-屏東民生",0,5,-5
"1007","1570力肯","110/07/14","統一-三多",4,0,4
"1008","1570力肯","110/07/14","元大-古亭",0,5,-5
"1009","1570力肯","110/07/14","華南永昌-古亭",4,0,4
"1010","1570力肯","110/07/14","日盛-木柵",0,4,-4
"1011","1570力肯","110/07/14","元大-高雄",3,0,3
"1012","1570力肯","110/07/14","大昌",0,4,-4
"1013","1570力肯","110/07/14","兆豐-忠孝",2,0,2
"1014","1570力肯","110/07/14","群益金鼎-東大",0,4,-4
"1015","1570力肯","110/07/14","富邦-陽明",2,0,2
"1016","1570力肯","110/07/14","凱基-台北",0,4,-4
"1017","1570力肯","110/07/14","元大-松山",2,0,2
"1018","1570力肯","110/07/14","元大-板橋",0,4,-4
"1019","1570力肯","110/07/14","元大-忠孝",2,0,2
"1020","1570力肯","110/07/14","第一金-中山",0,3,-3
"1021","6180橘子","110/07/14","新加坡商瑞銀",84,28,56
"1022","6180橘子","110/07/14","凱基-台北",4,37,-33
"1023","6180橘子","110/07/14","日盛-信義",29,1,28
"1024","6180橘子","110/07/14","玉山-台南",1,22,-21
"1025","6180橘子","110/07/14","豐農",28,4,24
"1026","6180橘子","110/07/14","日盛-新竹",1,21,-20
"1027","6180橘子","110/07/14","新光-新竹",24,1,23
"1028","6180橘子","110/07/14","元富-潮州",0,19,-19
"1029","6180橘子","110/07/14","華南永昌-高雄",20,0,20
"1030","6180橘子","110/07/14","元大-信義",0,17,-17
"1031","6180橘子","110/07/14","元大-羅東",20,0,20
"1032","6180橘子","110/07/14","台灣企銀-台中",1,16,-15
"1033","6180橘子","110/07/14","元大-台中中港",20,0,20
"1034","6180橘子","110/07/14","元大-北港",0,15,-15
"1035","6180橘子","110/07/14","富邦-嘉義",24,5,19
"1036","6180橘子","110/07/14","富邦-高雄",0,14,-14
"1037","6180橘子","110/07/14","富邦-仁愛",15,0,15
"1038","6180橘子","110/07/14","兆豐-埔墘",0,13,-13
"1039","6180橘子","110/07/14","國票-九鼎",13,0,13
"1040","6180橘子","110/07/14","第一金-中山",0,10,-10
"1041","6180橘子","110/07/14","日盛-木柵",12,0,12
"1042","6180橘子","110/07/14","元大-彰化民生",0,10,-10
"1043","6180橘子","110/07/14","元大-成功",10,0,10
"1044","6180橘子","110/07/14","福勝",1,10,-9
"1045","6180橘子","110/07/14","港商野村",10,2,8
"1046","6180橘子","110/07/14","群益金鼎-丹鳳",1,10,-9
"1047","6180橘子","110/07/14","玉山-左營",8,0,8
"1048","6180橘子","110/07/14","群益金鼎-板橋",0,8,-8
"1049","6180橘子","110/07/14","富邦-陽明",16,8,8
"1050","6180橘子","110/07/14","合庫-鳳山",0,7,-7
"1051","2390云辰","110/07/14","摩根大通",995,198,797
"1052","2390云辰","110/07/14","新加坡商瑞銀",28,399,-371
"1053","2390云辰","110/07/14","美林",383,22,361
"1054","2390云辰","110/07/14","凱基-新豐",3,198,-195
"1055","2390云辰","110/07/14","台灣摩根士丹利",684,358,326
"1056","2390云辰","110/07/14","元大-士林",1,152,-151
"1057","2390云辰","110/07/14","凱基-台北",656,402,254
"1058","2390云辰","110/07/14","元大-竹山",80,181,-101
"1059","2390云辰","110/07/14","日盛-和美",110,5,105
"1060","2390云辰","110/07/14","群益金鼎-開元",19,95,-76
"1061","2390云辰","110/07/14","元大-天母",72,0,72
"1062","2390云辰","110/07/14","新光",77,150,-73
"1063","2390云辰","110/07/14","永豐金-松山",57,0,57
"1064","2390云辰","110/07/14","元富-高雄",0,71,-71
"1065","2390云辰","110/07/14","統一-屏東",53,0,53
"1066","2390云辰","110/07/14","元大-土城學府",130,201,-71
"1067","2390云辰","110/07/14","港商野村",486,450,36
"1068","2390云辰","110/07/14","元大-善化",12,76,-64
"1069","2390云辰","110/07/14","致和-崇德",30,0,30
"1070","2390云辰","110/07/14","華南永昌-岡山",23,81,-58
"1071","2390云辰","110/07/14","富邦-台北",40,14,26
"1072","2390云辰","110/07/14","群益金鼎-大興",82,125,-43
"1073","2390云辰","110/07/14","台新-高雄",38,13,25
"1074","2390云辰","110/07/14","大慶-中壢",0,41,-41
"1075","2390云辰","110/07/14","富邦-板橋",32,7,25
"1076","2390云辰","110/07/14","玉山-板橋",6,47,-41
"1077","2390云辰","110/07/14","陽信-石牌",24,0,24
"1078","2390云辰","110/07/14","富邦-台東",2,42,-40
"1079","2390云辰","110/07/14","凱基-屏東",32,8,24
"1080","2390云辰","110/07/14","元大-新營",3,42,-39
"1081","2363矽統","110/07/14","台灣摩根士丹利",463,0,463
"1082","2363矽統","110/07/14","新加坡商瑞銀",568,1321,-753
"1083","2363矽統","110/07/14","台新證券",750,342,408
"1084","2363矽統","110/07/14","瑞士信貸",149,864,-715
"1085","2363矽統","110/07/14","玉山-台中",363,51,312
"1086","2363矽統","110/07/14","台新-屏東",115,380,-265
"1087","2363矽統","110/07/14","元大-斗六",223,25,198
"1088","2363矽統","110/07/14","永豐金證券",16,265,-249
"1089","2363矽統","110/07/14","華南永昌-朴子",208,38,170
"1090","2363矽統","110/07/14","美林",462,701,-239
"1091","2363矽統","110/07/14","元富-西松",169,12,157
"1092","2363矽統","110/07/14","宏遠-桃園",269,500,-231
"1093","2363矽統","110/07/14","永豐金-大園",146,6,140
"1094","2363矽統","110/07/14","凱基-竹北",36,254,-218
"1095","2363矽統","110/07/14","土銀-和平",134,0,134
"1096","2363矽統","110/07/14","港商法國興業",0,214,-214
"1097","2363矽統","110/07/14","富邦-新營",130,13,117
"1098","2363矽統","110/07/14","港商野村",835,1044,-209
"1099","2363矽統","110/07/14","元富-成功",118,11,107
"1100","2363矽統","110/07/14","北城證券",212,411,-199
"1101","2363矽統","110/07/14","元富-烏日",121,18,103
"1102","2363矽統","110/07/14","(牛牛牛)亞-鑫豐",51,241,-190
"1103","2363矽統","110/07/14","日盛-二林",120,18,102
"1104","2363矽統","110/07/14","國票-博愛",24,213,-189
"1105","2363矽統","110/07/14","兆豐-忠孝",98,2,96
"1106","2363矽統","110/07/14","大慶-蘆洲",134,316,-182
"1107","2363矽統","110/07/14","大慶-楊梅",92,3,89
"1108","2363矽統","110/07/14","彰銀-台中",15,193,-178
"1109","2363矽統","110/07/14","元富-三重",120,33,87
"1110","2363矽統","110/07/14","日盛-和美",18,185,-167
"1111","8112至上","110/07/14","新加坡商瑞銀",223,17,206
"1112","8112至上","110/07/14","瑞士信貸",8,170,-162
"1113","8112至上","110/07/14","摩根大通",285,129,156
"1114","8112至上","110/07/14","美林",55,202,-147
"1115","8112至上","110/07/14","花旗環球",124,0,124
"1116","8112至上","110/07/14","凱基-台北",325,436,-111
"1117","8112至上","110/07/14","兆豐-公益",117,4,113
"1118","8112至上","110/07/14","台中銀-台北",0,98,-98
"1119","8112至上","110/07/14","香港上海匯豐",111,0,111
"1120","8112至上","110/07/14","玉山-台大",17,107,-90
"1121","8112至上","110/07/14","永豐金-內湖",117,21,96
"1122","8112至上","110/07/14","康和-內湖",1,90,-89
"1123","8112至上","110/07/14","台灣摩根士丹利",108,16,92
"1124","8112至上","110/07/14","港商野村",21,84,-63
"1125","8112至上","110/07/14","元大-東蘆",77,0,77
"1126","8112至上","110/07/14","兆豐-北高雄",1,60,-59
"1127","8112至上","110/07/14","新光",108,48,60
"1128","8112至上","110/07/14","群益金鼎-海山",1,52,-51
"1129","8112至上","110/07/14","大慶-蘆洲",59,0,59
"1130","8112至上","110/07/14","群益金鼎-大安",0,50,-50
"1131","8112至上","110/07/14","華南永昌-台中",56,3,53
"1132","8112至上","110/07/14","富邦-仁愛",2,49,-47
"1133","8112至上","110/07/14","土銀-嘉義",52,2,50
"1134","8112至上","110/07/14","元大-金華",0,42,-42
"1135","8112至上","110/07/14","美商高盛",40,0,40
"1136","8112至上","110/07/14","元大-內湖",4,43,-39
"1137","8112至上","110/07/14","臺銀",63,29,34
"1138","8112至上","110/07/14","第一金-華江",2,37,-35
"1139","8112至上","110/07/14","元富-嘉義",31,0,31
"1140","8112至上","110/07/14","永豐金-苓雅",2,34,-32
"1141","1570力肯","110/07/14","國票-北高雄",68,0,68
"1142","1570力肯","110/07/14","摩根大通",0,21,-21
"1143","1570力肯","110/07/14","日盛-八德",30,1,29
"1144","1570力肯","110/07/14","新光",1,19,-18
"1145","1570力肯","110/07/14","玉山-高雄",7,0,7
"1146","1570力肯","110/07/14","(牛牛牛)亞-鑫豐",0,17,-17
"1147","1570力肯","110/07/14","臺銀-臺南",5,0,5
"1148","1570力肯","110/07/14","日盛-士林",0,10,-10
"1149","1570力肯","110/07/14","凱基-三峽",5,0,5
"1150","1570力肯","110/07/14","統一-員林",0,10,-10
"1151","1570力肯","110/07/14","元大-和平",5,0,5
"1152","1570力肯","110/07/14","國票-新莊",0,10,-10
"1153","1570力肯","110/07/14","合庫-三重",4,0,4
"1154","1570力肯","110/07/14","凱基-高美館",0,10,-10
"1155","1570力肯","110/07/14","瑞士信貸",4,0,4
"1156","1570力肯","110/07/14","元大-屏東民生",0,5,-5
"1157","1570力肯","110/07/14","統一-三多",4,0,4
"1158","1570力肯","110/07/14","元大-古亭",0,5,-5
"1159","1570力肯","110/07/14","華南永昌-古亭",4,0,4
"1160","1570力肯","110/07/14","日盛-木柵",0,4,-4
"1161","1570力肯","110/07/14","元大-高雄",3,0,3
"1162","1570力肯","110/07/14","大昌",0,4,-4
"1163","1570力肯","110/07/14","兆豐-忠孝",2,0,2
"1164","1570力肯","110/07/14","群益金鼎-東大",0,4,-4
"1165","1570力肯","110/07/14","富邦-陽明",2,0,2
"1166","1570力肯","110/07/14","凱基-台北",0,4,-4
"1167","1570力肯","110/07/14","元大-松山",2,0,2
"1168","1570力肯","110/07/14","元大-板橋",0,4,-4
"1169","1570力肯","110/07/14","元大-忠孝",2,0,2
"1170","1570力肯","110/07/14","第一金-中山",0,3,-3
"1171","2929淘帝","110/07/14","華南永昌-林口",60,0,60
"1172","2929淘帝","110/07/14","群益金鼎",25,540,-515
"1173","2929淘帝","110/07/14","美林",87,31,56
"1174","2929淘帝","110/07/14","國泰-台南",1,30,-29
"1175","2929淘帝","110/07/14","元富-台南",40,0,40
"1176","2929淘帝","110/07/14","宏遠-桃園",0,20,-20
"1177","2929淘帝","110/07/14","元大-民生",39,0,39
"1178","2929淘帝","110/07/14","摩根大通",11,31,-20
"1179","2929淘帝","110/07/14","臺銀-鳳山",34,0,34
"1180","2929淘帝","110/07/14","台新-建北",5,20,-15
"1181","2929淘帝","110/07/14","合庫-高雄",34,1,33
"1182","2929淘帝","110/07/14","新光",1,16,-15
"1183","2929淘帝","110/07/14","華南永昌-鶯歌",28,0,28
"1184","2929淘帝","110/07/14","玉山-板橋",0,15,-15
"1185","2929淘帝","110/07/14","永興",25,0,25
"1186","2929淘帝","110/07/14","凱基-羅東",0,15,-15
"1187","2929淘帝","110/07/14","元大-新盛",25,1,24
"1188","2929淘帝","110/07/14","元大-頭份",0,15,-15
"1189","2929淘帝","110/07/14","日盛-南京",23,0,23
"1190","2929淘帝","110/07/14","第一金-台南",0,13,-13
"1191","2929淘帝","110/07/14","日茂",20,0,20
"1192","2929淘帝","110/07/14","富邦-基隆",0,12,-12
"1193","2929淘帝","110/07/14","台新-台中",20,0,20
"1194","2929淘帝","110/07/14","日茂-南投",1,12,-11
"1195","2929淘帝","110/07/14","華南永昌",20,0,20
"1196","2929淘帝","110/07/14","元大-豐原站前",0,11,-11
"1197","2929淘帝","110/07/14","福勝",15,0,15
"1198","2929淘帝","110/07/14","玉山-士林",0,10,-10
"1199","2929淘帝","110/07/14","富邦-南屯",15,0,15
"1200","2929淘帝","110/07/14","富邦-台北",0,10,-10
"1201","5410國眾","110/07/14","兆豐-城中",35,0,35
"1202","5410國眾","110/07/14","瑞士信貸",0,29,-29
"1203","5410國眾","110/07/14","新光",21,1,20
"1204","5410國眾","110/07/14","國泰-板橋",1,30,-29
"1205","5410國眾","110/07/14","國泰-敦南",21,1,20
"1206","5410國眾","110/07/14","日盛-高雄",0,20,-20
"1207","5410國眾","110/07/14","國泰-台中",20,1,19
"1208","5410國眾","110/07/14","台新-左楠",1,20,-19
"1209","5410國眾","110/07/14","元大-崇德",19,0,19
"1210","5410國眾","110/07/14","元富-大昌",1,18,-17
"1211","5410國眾","110/07/14","土銀-士林",18,0,18
"1212","5410國眾","110/07/14","富邦-建國",0,15,-15
"1213","5410國眾","110/07/14","元大-新盛",20,2,18
"1214","5410國眾","110/07/14","元富-嘉義",0,12,-12
"1215","5410國眾","110/07/14","兆豐-高雄",15,0,15
"1216","5410國眾","110/07/14","永全-南崁",0,12,-12
"1217","5410國眾","110/07/14","宏遠-中和",10,0,10
"1218","5410國眾","110/07/14","元大-員林",0,11,-11
"1219","5410國眾","110/07/14","新光-桃園",10,0,10
"1220","5410國眾","110/07/14","高橋",0,10,-10
"1221","5410國眾","110/07/14","國泰-台南",10,0,10
"1222","5410國眾","110/07/14","永興",0,10,-10
"1223","5410國眾","110/07/14","元大-復北",10,0,10
"1224","5410國眾","110/07/14","華南永昌-三重",0,10,-10
"1225","5410國眾","110/07/14","元大-竹科",8,0,8
"1226","5410國眾","110/07/14","元大-苑裡",0,7,-7
"1227","5410國眾","110/07/14","台新-新營",6,0,6
"1228","5410國眾","110/07/14","港商野村",0,6,-6
"1229","5410國眾","110/07/14","日盛-士林",5,0,5
"1230","5410國眾","110/07/14","摩根大通",5,11,-6
"1231","2841台開","110/07/14","凱基-文心",73,0,73
"1232","2841台開","110/07/14","國泰-敦南",0,50,-50
"1233","2841台開","110/07/14","元富-潮州",30,0,30
"1234","2841台開","110/07/14","凱基-中壢",0,40,-40
"1235","2841台開","110/07/14","第一金-台中",20,0,20
"1236","2841台開","110/07/14","統一-新竹",0,24,-24
"1237","2841台開","110/07/14","華南永昌-新莊",20,0,20
"1238","2841台開","110/07/14","元富-草屯",0,20,-20
"1239","2841台開","110/07/14","永豐金-豐原",20,0,20
"1240","2841台開","110/07/14","台新-台南",0,20,-20
"1241","2841台開","110/07/14","國泰-館前",15,0,15
"1242","2841台開","110/07/14","永豐金-敦南",45,63,-18
"1243","2841台開","110/07/14","群益金鼎-基隆",12,0,12
"1244","2841台開","110/07/14","國票-北高雄",0,13,-13
"1245","2841台開","110/07/14","日盛-信義",10,0,10
"1246","2841台開","110/07/14","凱基-松山",0,10,-10
"1247","2841台開","110/07/14","台新-台中",10,0,10
"1248","2841台開","110/07/14","元大證券",0,10,-10
"1249","2841台開","110/07/14","新光",10,1,9
"1250","2841台開","110/07/14","元大-中壢",0,10,-10
"1251","2841台開","110/07/14","凱基-新店",8,0,8
"1252","2841台開","110/07/14","富邦-陽明",1,10,-9
"1253","2841台開","110/07/14","元大-斗信",7,0,7
"1254","2841台開","110/07/14","富邦-建國",0,9,-9
"1255","2841台開","110/07/14","元大-三重",6,0,6
"1256","2841台開","110/07/14","富邦-台南",0,8,-8
"1257","2841台開","110/07/14","永豐金-中和",6,0,6
"1258","2841台開","110/07/14","康和-澎湖",0,7,-7
"1259","2841台開","110/07/14","元富-成功",5,0,5
"1260","2841台開","110/07/14","日盛-斗六",0,6,-6
"1261","6207雷科","110/07/14","群益金鼎-台北",60,0,60
"1262","6207雷科","110/07/14","新加坡商瑞銀",10,56,-46
"1263","6207雷科","110/07/14","台新-高雄",43,3,40
"1264","6207雷科","110/07/14","國票-中和",0,41,-41
"1265","6207雷科","110/07/14","元大-高雄",19,0,19
"1266","6207雷科","110/07/14","元大-復北",0,33,-33
"1267","6207雷科","110/07/14","福勝",15,0,15
"1268","6207雷科","110/07/14","光和-和美",0,20,-20
"1269","6207雷科","110/07/14","群益金鼎-中山",15,0,15
"1270","6207雷科","110/07/14","群益金鼎-丹鳳",0,20,-20
"1271","6207雷科","110/07/14","元大-林園",15,0,15
"1272","6207雷科","110/07/14","第一金-路竹",0,10,-10
"1273","6207雷科","110/07/14","新光",12,0,12
"1274","6207雷科","110/07/14","元大-歸仁",0,10,-10
"1275","6207雷科","110/07/14","元大-大天母",10,0,10
"1276","6207雷科","110/07/14","宏遠-館前",0,9,-9
"1277","6207雷科","110/07/14","永豐金-忠孝",9,0,9
"1278","6207雷科","110/07/14","凱基-台北",12,20,-8
"1279","6207雷科","110/07/14","永豐金-新店",7,0,7
"1280","6207雷科","110/07/14","美林",0,7,-7
"1281","6207雷科","110/07/14","玉山-嘉義",6,0,6
"1282","6207雷科","110/07/14","摩根大通",16,23,-7
"1283","6207雷科","110/07/14","元大-屏東",6,0,6
"1284","6207雷科","110/07/14","凱基-高雄",1,7,-6
"1285","6207雷科","110/07/14","凱基-大安",5,0,5
"1286","6207雷科","110/07/14","台中銀-豐原",0,5,-5
"1287","6207雷科","110/07/14","富邦-台南",5,0,5
"1288","6207雷科","110/07/14","元大-新竹經國",0,5,-5
"1289","6207雷科","110/07/14","元大-成功",5,0,5
"1290","6207雷科","110/07/14","光和-田中",0,4,-4
"1291","3679新至陞","110/07/14","凱基-台北",31,6,25
"1292","3679新至陞","110/07/14","群益金鼎-東大",0,15,-15
"1293","3679新至陞","110/07/14","華南永昌-新莊",10,0,10
"1294","3679新至陞","110/07/14","瑞士信貸",0,12,-12
"1295","3679新至陞","110/07/14","新加坡商瑞銀",11,3,8
"1296","3679新至陞","110/07/14","群益金鼎-永和",0,10,-10
"1297","3679新至陞","110/07/14","美商高盛",6,0,6
"1298","3679新至陞","110/07/14","元大-成功",5,15,-10
"1299","3679新至陞","110/07/14","第一金-中壢",6,0,6
"1300","3679新至陞","110/07/14","統一-板橋",1,10,-9
"1301","3679新至陞","110/07/14","(牛牛牛)亞-網路",4,0,4
"1302","3679新至陞","110/07/14","玉山-左營",0,5,-5
"1303","3679新至陞","110/07/14","元大-六合",3,0,3
"1304","3679新至陞","110/07/14","群益金鼎-三民",0,4,-4
"1305","3679新至陞","110/07/14","合庫-自強",2,0,2
"1306","3679新至陞","110/07/14","富邦-宜蘭",0,4,-4
"1307","3679新至陞","110/07/14","高橋-內壢",2,0,2
"1308","3679新至陞","110/07/14","永豐金-苓雅",0,3,-3
"1309","3679新至陞","110/07/14","台中銀-員林",2,0,2
"1310","3679新至陞","110/07/14","摩根大通",5,7,-2
"1311","3679新至陞","110/07/14","凱基-高美館",2,0,2
"1312","3679新至陞","110/07/14","元大-板橋三民",0,2,-2
"1313","3679新至陞","110/07/14","元大-福營",2,0,2
"1314","3679新至陞","110/07/14","宏遠-中和",0,1,-1
"1315","3679新至陞","110/07/14","永豐金-松山",2,0,2
"1316","3679新至陞","110/07/14","元富-佳里",0,1,-1
"1317","3679新至陞","110/07/14","永豐金-萬盛",2,0,2
"1318","3679新至陞","110/07/14","(牛牛牛)亞-鑫豐",0,1,-1
"1319","3679新至陞","110/07/14","元富-松德",1,0,1
"1320","3679新至陞","110/07/14","中國信託-中壢",0,1,-1
"1321","2727王品","110/07/14","富邦-左營",102,1,101
"1322","2727王品","110/07/14","統一-城中",100,234,-134
"1323","2727王品","110/07/14","國泰-板橋",105,11,94
"1324","2727王品","110/07/14","富邦-台北",1,125,-124
"1325","2727王品","110/07/14","港商野村",149,72,77
"1326","2727王品","110/07/14","台灣摩根士丹利",1,48,-47
"1327","2727王品","110/07/14","合庫-台中",66,2,64
"1328","2727王品","110/07/14","國票-新莊",0,40,-40
"1329","2727王品","110/07/14","臺銀-金山",63,8,55
"1330","2727王品","110/07/14","永豐金-忠孝",2,39,-37
"1331","2727王品","110/07/14","摩根大通",83,39,44
"1332","2727王品","110/07/14","富邦-彰化",1,34,-33
"1333","2727王品","110/07/14","凱基-台北",84,42,42
"1334","2727王品","110/07/14","康和-高雄",0,30,-30
"1335","2727王品","110/07/14","土銀-台中",35,1,34
"1336","2727王品","110/07/14","安泰",0,26,-26
"1337","2727王品","110/07/14","華南永昌-麻豆",32,1,31
"1338","2727王品","110/07/14","富邦-新竹華信",0,21,-21
"1339","2727王品","110/07/14","元大證券",85,55,30
"1340","2727王品","110/07/14","元大-南崁",1,22,-21
"1341","2727王品","110/07/14","新加坡商瑞銀",40,15,25
"1342","2727王品","110/07/14","彰銀-台中",0,18,-18
"1343","2727王品","110/07/14","日盛-八德",19,0,19
"1344","2727王品","110/07/14","元富-同大",2,20,-18
"1345","2727王品","110/07/14","統一",35,17,18
"1346","2727王品","110/07/14","玉山-嘉義",1,17,-16
"1347","2727王品","110/07/14","元富-大昌",18,1,17
"1348","2727王品","110/07/14","國泰-館前",4,20,-16
"1349","2727王品","110/07/14","玉山-板橋",15,1,14
"1350","2727王品","110/07/14","第一金-嘉義",1,13,-12
"1351","1570力肯","110/07/14","國票-北高雄",68,0,68
"1352","1570力肯","110/07/14","摩根大通",0,21,-21
"1353","1570力肯","110/07/14","日盛-八德",30,1,29
"1354","1570力肯","110/07/14","新光",1,19,-18
"1355","1570力肯","110/07/14","玉山-高雄",7,0,7
"1356","1570力肯","110/07/14","(牛牛牛)亞-鑫豐",0,17,-17
"1357","1570力肯","110/07/14","臺銀-臺南",5,0,5
"1358","1570力肯","110/07/14","日盛-士林",0,10,-10
"1359","1570力肯","110/07/14","凱基-三峽",5,0,5
"1360","1570力肯","110/07/14","統一-員林",0,10,-10
"1361","1570力肯","110/07/14","元大-和平",5,0,5
"1362","1570力肯","110/07/14","國票-新莊",0,10,-10
"1363","1570力肯","110/07/14","合庫-三重",4,0,4
"1364","1570力肯","110/07/14","凱基-高美館",0,10,-10
"1365","1570力肯","110/07/14","瑞士信貸",4,0,4
"1366","1570力肯","110/07/14","元大-屏東民生",0,5,-5
"1367","1570力肯","110/07/14","統一-三多",4,0,4
"1368","1570力肯","110/07/14","元大-古亭",0,5,-5
"1369","1570力肯","110/07/14","華南永昌-古亭",4,0,4
"1370","1570力肯","110/07/14","日盛-木柵",0,4,-4
"1371","1570力肯","110/07/14","元大-高雄",3,0,3
"1372","1570力肯","110/07/14","大昌",0,4,-4
"1373","1570力肯","110/07/14","兆豐-忠孝",2,0,2
"1374","1570力肯","110/07/14","群益金鼎-東大",0,4,-4
"1375","1570力肯","110/07/14","富邦-陽明",2,0,2
"1376","1570力肯","110/07/14","凱基-台北",0,4,-4
"1377","1570力肯","110/07/14","元大-松山",2,0,2
"1378","1570力肯","110/07/14","元大-板橋",0,4,-4
"1379","1570力肯","110/07/14","元大-忠孝",2,0,2
"1380","1570力肯","110/07/14","第一金-中山",0,3,-3
"1381","6180橘子","110/07/14","新加坡商瑞銀",84,28,56
"1382","6180橘子","110/07/14","凱基-台北",4,37,-33
"1383","6180橘子","110/07/14","日盛-信義",29,1,28
"1384","6180橘子","110/07/14","玉山-台南",1,22,-21
"1385","6180橘子","110/07/14","豐農",28,4,24
"1386","6180橘子","110/07/14","日盛-新竹",1,21,-20
"1387","6180橘子","110/07/14","新光-新竹",24,1,23
"1388","6180橘子","110/07/14","元富-潮州",0,19,-19
"1389","6180橘子","110/07/14","華南永昌-高雄",20,0,20
"1390","6180橘子","110/07/14","元大-信義",0,17,-17
"1391","6180橘子","110/07/14","元大-羅東",20,0,20
"1392","6180橘子","110/07/14","台灣企銀-台中",1,16,-15
"1393","6180橘子","110/07/14","元大-台中中港",20,0,20
"1394","6180橘子","110/07/14","元大-北港",0,15,-15
"1395","6180橘子","110/07/14","富邦-嘉義",24,5,19
"1396","6180橘子","110/07/14","富邦-高雄",0,14,-14
"1397","6180橘子","110/07/14","富邦-仁愛",15,0,15
"1398","6180橘子","110/07/14","兆豐-埔墘",0,13,-13
"1399","6180橘子","110/07/14","國票-九鼎",13,0,13
"1400","6180橘子","110/07/14","第一金-中山",0,10,-10
"1401","6180橘子","110/07/14","日盛-木柵",12,0,12
"1402","6180橘子","110/07/14","元大-彰化民生",0,10,-10
"1403","6180橘子","110/07/14","元大-成功",10,0,10
"1404","6180橘子","110/07/14","福勝",1,10,-9
"1405","6180橘子","110/07/14","港商野村",10,2,8
"1406","6180橘子","110/07/14","群益金鼎-丹鳳",1,10,-9
"1407","6180橘子","110/07/14","玉山-左營",8,0,8
"1408","6180橘子","110/07/14","群益金鼎-板橋",0,8,-8
"1409","6180橘子","110/07/14","富邦-陽明",16,8,8
"1410","6180橘子","110/07/14","合庫-鳳山",0,7,-7
"1411","2390云辰","110/07/14","摩根大通",995,198,797
"1412","2390云辰","110/07/14","新加坡商瑞銀",28,399,-371
"1413","2390云辰","110/07/14","美林",383,22,361
"1414","2390云辰","110/07/14","凱基-新豐",3,198,-195
"1415","2390云辰","110/07/14","台灣摩根士丹利",684,358,326
"1416","2390云辰","110/07/14","元大-士林",1,152,-151
"1417","2390云辰","110/07/14","凱基-台北",656,402,254
"1418","2390云辰","110/07/14","元大-竹山",80,181,-101
"1419","2390云辰","110/07/14","日盛-和美",110,5,105
"1420","2390云辰","110/07/14","群益金鼎-開元",19,95,-76
"1421","2390云辰","110/07/14","元大-天母",72,0,72
"1422","2390云辰","110/07/14","新光",77,150,-73
"1423","2390云辰","110/07/14","永豐金-松山",57,0,57
"1424","2390云辰","110/07/14","元富-高雄",0,71,-71
"1425","2390云辰","110/07/14","統一-屏東",53,0,53
"1426","2390云辰","110/07/14","元大-土城學府",130,201,-71
"1427","2390云辰","110/07/14","港商野村",486,450,36
"1428","2390云辰","110/07/14","元大-善化",12,76,-64
"1429","2390云辰","110/07/14","致和-崇德",30,0,30
"1430","2390云辰","110/07/14","華南永昌-岡山",23,81,-58
"1431","2390云辰","110/07/14","富邦-台北",40,14,26
"1432","2390云辰","110/07/14","群益金鼎-大興",82,125,-43
"1433","2390云辰","110/07/14","台新-高雄",38,13,25
"1434","2390云辰","110/07/14","大慶-中壢",0,41,-41
"1435","2390云辰","110/07/14","富邦-板橋",32,7,25
"1436","2390云辰","110/07/14","玉山-板橋",6,47,-41
"1437","2390云辰","110/07/14","陽信-石牌",24,0,24
"1438","2390云辰","110/07/14","富邦-台東",2,42,-40
"1439","2390云辰","110/07/14","凱基-屏東",32,8,24
"1440","2390云辰","110/07/14","元大-新營",3,42,-39
"1441","2363矽統","110/07/14","台灣摩根士丹利",463,0,463
"1442","2363矽統","110/07/14","新加坡商瑞銀",568,1321,-753
"1443","2363矽統","110/07/14","台新證券",750,342,408
"1444","2363矽統","110/07/14","瑞士信貸",149,864,-715
"1445","2363矽統","110/07/14","玉山-台中",363,51,312
"1446","2363矽統","110/07/14","台新-屏東",115,380,-265
"1447","2363矽統","110/07/14","元大-斗六",223,25,198
"1448","2363矽統","110/07/14","永豐金證券",16,265,-249
"1449","2363矽統","110/07/14","華南永昌-朴子",208,38,170
"1450","2363矽統","110/07/14","美林",462,701,-239
"1451","2363矽統","110/07/14","元富-西松",169,12,157
"1452","2363矽統","110/07/14","宏遠-桃園",269,500,-231
"1453","2363矽統","110/07/14","永豐金-大園",146,6,140
"1454","2363矽統","110/07/14","凱基-竹北",36,254,-218
"1455","2363矽統","110/07/14","土銀-和平",134,0,134
"1456","2363矽統","110/07/14","港商法國興業",0,214,-214
"1457","2363矽統","110/07/14","富邦-新營",130,13,117
"1458","2363矽統","110/07/14","港商野村",835,1044,-209
"1459","2363矽統","110/07/14","元富-成功",118,11,107
"1460","2363矽統","110/07/14","北城證券",212,411,-199
"1461","2363矽統","110/07/14","元富-烏日",121,18,103
"1462","2363矽統","110/07/14","(牛牛牛)亞-鑫豐",51,241,-190
"1463","2363矽統","110/07/14","日盛-二林",120,18,102
"1464","2363矽統","110/07/14","國票-博愛",24,213,-189
"1465","2363矽統","110/07/14","兆豐-忠孝",98,2,96
"1466","2363矽統","110/07/14","大慶-蘆洲",134,316,-182
"1467","2363矽統","110/07/14","大慶-楊梅",92,3,89
"1468","2363矽統","110/07/14","彰銀-台中",15,193,-178
"1469","2363矽統","110/07/14","元富-三重",120,33,87
"1470","2363矽統","110/07/14","日盛-和美",18,185,-167
"1471","8112至上","110/07/14","新加坡商瑞銀",223,17,206
"1472","8112至上","110/07/14","瑞士信貸",8,170,-162
"1473","8112至上","110/07/14","摩根大通",285,129,156
"1474","8112至上","110/07/14","美林",55,202,-147
"1475","8112至上","110/07/14","花旗環球",124,0,124
"1476","8112至上","110/07/14","凱基-台北",325,436,-111
"1477","8112至上","110/07/14","兆豐-公益",117,4,113
"1478","8112至上","110/07/14","台中銀-台北",0,98,-98
"1479","8112至上","110/07/14","香港上海匯豐",111,0,111
"1480","8112至上","110/07/14","玉山-台大",17,107,-90
"1481","8112至上","110/07/14","永豐金-內湖",117,21,96
"1482","8112至上","110/07/14","康和-內湖",1,90,-89
"1483","8112至上","110/07/14","台灣摩根士丹利",108,16,92
"1484","8112至上","110/07/14","港商野村",21,84,-63
"1485","8112至上","110/07/14","元大-東蘆",77,0,77
"1486","8112至上","110/07/14","兆豐-北高雄",1,60,-59
"1487","8112至上","110/07/14","新光",108,48,60
"1488","8112至上","110/07/14","群益金鼎-海山",1,52,-51
"1489","8112至上","110/07/14","大慶-蘆洲",59,0,59
"1490","8112至上","110/07/14","群益金鼎-大安",0,50,-50
"1491","8112至上","110/07/14","華南永昌-台中",56,3,53
"1492","8112至上","110/07/14","富邦-仁愛",2,49,-47
"1493","8112至上","110/07/14","土銀-嘉義",52,2,50
"1494","8112至上","110/07/14","元大-金華",0,42,-42
"1495","8112至上","110/07/14","美商高盛",40,0,40
"1496","8112至上","110/07/14","元大-內湖",4,43,-39
"1497","8112至上","110/07/14","臺銀",63,29,34
"1498","8112至上","110/07/14","第一金-華江",2,37,-35
"1499","8112至上","110/07/14","元富-嘉義",31,0,31
"1500","8112至上","110/07/14","永豐金-苓雅",2,34,-32
"1501","1570力肯","110/07/14","國票-北高雄",68,0,68
"1502","1570力肯","110/07/14","摩根大通",0,21,-21
"1503","1570力肯","110/07/14","日盛-八德",30,1,29
"1504","1570力肯","110/07/14","新光",1,19,-18
"1505","1570力肯","110/07/14","玉山-高雄",7,0,7
"1506","1570力肯","110/07/14","(牛牛牛)亞-鑫豐",0,17,-17
"1507","1570力肯","110/07/14","臺銀-臺南",5,0,5
"1508","1570力肯","110/07/14","日盛-士林",0,10,-10
"1509","1570力肯","110/07/14","凱基-三峽",5,0,5
"1510","1570力肯","110/07/14","統一-員林",0,10,-10
"1511","1570力肯","110/07/14","元大-和平",5,0,5
"1512","1570力肯","110/07/14","國票-新莊",0,10,-10
"1513","1570力肯","110/07/14","合庫-三重",4,0,4
"1514","1570力肯","110/07/14","凱基-高美館",0,10,-10
"1515","1570力肯","110/07/14","瑞士信貸",4,0,4
"1516","1570力肯","110/07/14","元大-屏東民生",0,5,-5
"1517","1570力肯","110/07/14","統一-三多",4,0,4
"1518","1570力肯","110/07/14","元大-古亭",0,5,-5
"1519","1570力肯","110/07/14","華南永昌-古亭",4,0,4
"1520","1570力肯","110/07/14","日盛-木柵",0,4,-4
"1521","1570力肯","110/07/14","元大-高雄",3,0,3
"1522","1570力肯","110/07/14","大昌",0,4,-4
"1523","1570力肯","110/07/14","兆豐-忠孝",2,0,2
"1524","1570力肯","110/07/14","群益金鼎-東大",0,4,-4
"1525","1570力肯","110/07/14","富邦-陽明",2,0,2
"1526","1570力肯","110/07/14","凱基-台北",0,4,-4
"1527","1570力肯","110/07/14","元大-松山",2,0,2
"1528","1570力肯","110/07/14","元大-板橋",0,4,-4
"1529","1570力肯","110/07/14","元大-忠孝",2,0,2
"1530","1570力肯","110/07/14","第一金-中山",0,3,-3
"1531","2929淘帝","110/07/14","華南永昌-林口",60,0,60
"1532","2929淘帝","110/07/14","群益金鼎",25,540,-515
"1533","2929淘帝","110/07/14","美林",87,31,56
"1534","2929淘帝","110/07/14","國泰-台南",1,30,-29
"1535","2929淘帝","110/07/14","元富-台南",40,0,40
"1536","2929淘帝","110/07/14","宏遠-桃園",0,20,-20
"1537","2929淘帝","110/07/14","元大-民生",39,0,39
"1538","2929淘帝","110/07/14","摩根大通",11,31,-20
"1539","2929淘帝","110/07/14","臺銀-鳳山",34,0,34
"1540","2929淘帝","110/07/14","台新-建北",5,20,-15
"1541","2929淘帝","110/07/14","合庫-高雄",34,1,33
"1542","2929淘帝","110/07/14","新光",1,16,-15
"1543","2929淘帝","110/07/14","華南永昌-鶯歌",28,0,28
"1544","2929淘帝","110/07/14","玉山-板橋",0,15,-15
"1545","2929淘帝","110/07/14","永興",25,0,25
"1546","2929淘帝","110/07/14","凱基-羅東",0,15,-15
"1547","2929淘帝","110/07/14","元大-新盛",25,1,24
"1548","2929淘帝","110/07/14","元大-頭份",0,15,-15
"1549","2929淘帝","110/07/14","日盛-南京",23,0,23
"1550","2929淘帝","110/07/14","第一金-台南",0,13,-13
"1551","2929淘帝","110/07/14","日茂",20,0,20
"1552","2929淘帝","110/07/14","富邦-基隆",0,12,-12
"1553","2929淘帝","110/07/14","台新-台中",20,0,20
"1554","2929淘帝","110/07/14","日茂-南投",1,12,-11
"1555","2929淘帝","110/07/14","華南永昌",20,0,20
"1556","2929淘帝","110/07/14","元大-豐原站前",0,11,-11
"1557","2929淘帝","110/07/14","福勝",15,0,15
"1558","2929淘帝","110/07/14","玉山-士林",0,10,-10
"1559","2929淘帝","110/07/14","富邦-南屯",15,0,15
"1560","2929淘帝","110/07/14","富邦-台北",0,10,-10
"1561","5410國眾","110/07/14","兆豐-城中",35,0,35
"1562","5410國眾","110/07/14","瑞士信貸",0,29,-29
"1563","5410國眾","110/07/14","新光",21,1,20
"1564","5410國眾","110/07/14","國泰-板橋",1,30,-29
"1565","5410國眾","110/07/14","國泰-敦南",21,1,20
"1566","5410國眾","110/07/14","日盛-高雄",0,20,-20
"1567","5410國眾","110/07/14","國泰-台中",20,1,19
"1568","5410國眾","110/07/14","台新-左楠",1,20,-19
"1569","5410國眾","110/07/14","元大-崇德",19,0,19
"1570","5410國眾","110/07/14","元富-大昌",1,18,-17
"1571","5410國眾","110/07/14","土銀-士林",18,0,18
"1572","5410國眾","110/07/14","富邦-建國",0,15,-15
"1573","5410國眾","110/07/14","元大-新盛",20,2,18
"1574","5410國眾","110/07/14","元富-嘉義",0,12,-12
"1575","5410國眾","110/07/14","兆豐-高雄",15,0,15
"1576","5410國眾","110/07/14","永全-南崁",0,12,-12
"1577","5410國眾","110/07/14","宏遠-中和",10,0,10
"1578","5410國眾","110/07/14","元大-員林",0,11,-11
"1579","5410國眾","110/07/14","新光-桃園",10,0,10
"1580","5410國眾","110/07/14","高橋",0,10,-10
"1581","5410國眾","110/07/14","國泰-台南",10,0,10
"1582","5410國眾","110/07/14","永興",0,10,-10
"1583","5410國眾","110/07/14","元大-復北",10,0,10
"1584","5410國眾","110/07/14","華南永昌-三重",0,10,-10
"1585","5410國眾","110/07/14","元大-竹科",8,0,8
"1586","5410國眾","110/07/14","元大-苑裡",0,7,-7
"1587","5410國眾","110/07/14","台新-新營",6,0,6
"1588","5410國眾","110/07/14","港商野村",0,6,-6
"1589","5410國眾","110/07/14","日盛-士林",5,0,5
"1590","5410國眾","110/07/14","摩根大通",5,11,-6
"1591","2841台開","110/07/14","凱基-文心",73,0,73
"1592","2841台開","110/07/14","國泰-敦南",0,50,-50
"1593","2841台開","110/07/14","元富-潮州",30,0,30
"1594","2841台開","110/07/14","凱基-中壢",0,40,-40
"1595","2841台開","110/07/14","第一金-台中",20,0,20
"1596","2841台開","110/07/14","統一-新竹",0,24,-24
"1597","2841台開","110/07/14","華南永昌-新莊",20,0,20
"1598","2841台開","110/07/14","元富-草屯",0,20,-20
"1599","2841台開","110/07/14","永豐金-豐原",20,0,20
"1600","2841台開","110/07/14","台新-台南",0,20,-20
"1601","2841台開","110/07/14","國泰-館前",15,0,15
"1602","2841台開","110/07/14","永豐金-敦南",45,63,-18
"1603","2841台開","110/07/14","群益金鼎-基隆",12,0,12
"1604","2841台開","110/07/14","國票-北高雄",0,13,-13
"1605","2841台開","110/07/14","日盛-信義",10,0,10
"1606","2841台開","110/07/14","凱基-松山",0,10,-10
"1607","2841台開","110/07/14","台新-台中",10,0,10
"1608","2841台開","110/07/14","元大證券",0,10,-10
"1609","2841台開","110/07/14","新光",10,1,9
"1610","2841台開","110/07/14","元大-中壢",0,10,-10
"1611","2841台開","110/07/14","凱基-新店",8,0,8
"1612","2841台開","110/07/14","富邦-陽明",1,10,-9
"1613","2841台開","110/07/14","元大-斗信",7,0,7
"1614","2841台開","110/07/14","富邦-建國",0,9,-9
"1615","2841台開","110/07/14","元大-三重",6,0,6
"1616","2841台開","110/07/14","富邦-台南",0,8,-8
"1617","2841台開","110/07/14","永豐金-中和",6,0,6
"1618","2841台開","110/07/14","康和-澎湖",0,7,-7
"1619","2841台開","110/07/14","元富-成功",5,0,5
"1620","2841台開","110/07/14","日盛-斗六",0,6,-6
"1621","6207雷科","110/07/14","群益金鼎-台北",60,0,60
"1622","6207雷科","110/07/14","新加坡商瑞銀",10,56,-46
"1623","6207雷科","110/07/14","台新-高雄",43,3,40
"1624","6207雷科","110/07/14","國票-中和",0,41,-41
"1625","6207雷科","110/07/14","元大-高雄",19,0,19
"1626","6207雷科","110/07/14","元大-復北",0,33,-33
"1627","6207雷科","110/07/14","福勝",15,0,15
"1628","6207雷科","110/07/14","光和-和美",0,20,-20
"1629","6207雷科","110/07/14","群益金鼎-中山",15,0,15
"1630","6207雷科","110/07/14","群益金鼎-丹鳳",0,20,-20
"1631","6207雷科","110/07/14","元大-林園",15,0,15
"1632","6207雷科","110/07/14","第一金-路竹",0,10,-10
"1633","6207雷科","110/07/14","新光",12,0,12
"1634","6207雷科","110/07/14","元大-歸仁",0,10,-10
"1635","6207雷科","110/07/14","元大-大天母",10,0,10
"1636","6207雷科","110/07/14","宏遠-館前",0,9,-9
"1637","6207雷科","110/07/14","永豐金-忠孝",9,0,9
"1638","6207雷科","110/07/14","凱基-台北",12,20,-8
"1639","6207雷科","110/07/14","永豐金-新店",7,0,7
"1640","6207雷科","110/07/14","美林",0,7,-7
"1641","6207雷科","110/07/14","玉山-嘉義",6,0,6
"1642","6207雷科","110/07/14","摩根大通",16,23,-7
"1643","6207雷科","110/07/14","元大-屏東",6,0,6
"1644","6207雷科","110/07/14","凱基-高雄",1,7,-6
"1645","6207雷科","110/07/14","凱基-大安",5,0,5
"1646","6207雷科","110/07/14","台中銀-豐原",0,5,-5
"1647","6207雷科","110/07/14","富邦-台南",5,0,5
"1648","6207雷科","110/07/14","元大-新竹經國",0,5,-5
"1649","6207雷科","110/07/14","元大-成功",5,0,5
"1650","6207雷科","110/07/14","光和-田中",0,4,-4
"1651","3679新至陞","110/07/14","凱基-台北",31,6,25
"1652","3679新至陞","110/07/14","群益金鼎-東大",0,15,-15
"1653","3679新至陞","110/07/14","華南永昌-新莊",10,0,10
"1654","3679新至陞","110/07/14","瑞士信貸",0,12,-12
"1655","3679新至陞","110/07/14","新加坡商瑞銀",11,3,8
"1656","3679新至陞","110/07/14","群益金鼎-永和",0,10,-10
"1657","3679新至陞","110/07/14","美商高盛",6,0,6
"1658","3679新至陞","110/07/14","元大-成功",5,15,-10
"1659","3679新至陞","110/07/14","第一金-中壢",6,0,6
"1660","3679新至陞","110/07/14","統一-板橋",1,10,-9
"1661","3679新至陞","110/07/14","(牛牛牛)亞-網路",4,0,4
"1662","3679新至陞","110/07/14","玉山-左營",0,5,-5
"1663","3679新至陞","110/07/14","元大-六合",3,0,3
"1664","3679新至陞","110/07/14","群益金鼎-三民",0,4,-4
"1665","3679新至陞","110/07/14","合庫-自強",2,0,2
"1666","3679新至陞","110/07/14","富邦-宜蘭",0,4,-4
"1667","3679新至陞","110/07/14","高橋-內壢",2,0,2
"1668","3679新至陞","110/07/14","永豐金-苓雅",0,3,-3
"1669","3679新至陞","110/07/14","台中銀-員林",2,0,2
"1670","3679新至陞","110/07/14","摩根大通",5,7,-2
"1671","3679新至陞","110/07/14","凱基-高美館",2,0,2
"1672","3679新至陞","110/07/14","元大-板橋三民",0,2,-2
"1673","3679新至陞","110/07/14","元大-福營",2,0,2
"1674","3679新至陞","110/07/14","宏遠-中和",0,1,-1
"1675","3679新至陞","110/07/14","永豐金-松山",2,0,2
"1676","3679新至陞","110/07/14","元富-佳里",0,1,-1
"1677","3679新至陞","110/07/14","永豐金-萬盛",2,0,2
"1678","3679新至陞","110/07/14","(牛牛牛)亞-鑫豐",0,1,-1
"1679","3679新至陞","110/07/14","元富-松德",1,0,1
"1680","3679新至陞","110/07/14","中國信託-中壢",0,1,-1
"1681","2727王品","110/07/14","富邦-左營",102,1,101
"1682","2727王品","110/07/14","統一-城中",100,234,-134
"1683","2727王品","110/07/14","國泰-板橋",105,11,94
"1684","2727王品","110/07/14","富邦-台北",1,125,-124
"1685","2727王品","110/07/14","港商野村",149,72,77
"1686","2727王品","110/07/14","台灣摩根士丹利",1,48,-47
"1687","2727王品","110/07/14","合庫-台中",66,2,64
"1688","2727王品","110/07/14","國票-新莊",0,40,-40
"1689","2727王品","110/07/14","臺銀-金山",63,8,55
"1690","2727王品","110/07/14","永豐金-忠孝",2,39,-37
"1691","2727王品","110/07/14","摩根大通",83,39,44
"1692","2727王品","110/07/14","富邦-彰化",1,34,-33
"1693","2727王品","110/07/14","凱基-台北",84,42,42
"1694","2727王品","110/07/14","康和-高雄",0,30,-30
"1695","2727王品","110/07/14","土銀-台中",35,1,34
"1696","2727王品","110/07/14","安泰",0,26,-26
"1697","2727王品","110/07/14","華南永昌-麻豆",32,1,31
"1698","2727王品","110/07/14","富邦-新竹華信",0,21,-21
"1699","2727王品","110/07/14","元大證券",85,55,30
"1700","2727王品","110/07/14","元大-南崁",1,22,-21
"1701","2727王品","110/07/14","新加坡商瑞銀",40,15,25
"1702","2727王品","110/07/14","彰銀-台中",0,18,-18
"1703","2727王品","110/07/14","日盛-八德",19,0,19
"1704","2727王品","110/07/14","元富-同大",2,20,-18
"1705","2727王品","110/07/14","統一",35,17,18
"1706","2727王品","110/07/14","玉山-嘉義",1,17,-16
"1707","2727王品","110/07/14","元富-大昌",18,1,17
"1708","2727王品","110/07/14","國泰-館前",4,20,-16
"1709","2727王品","110/07/14","玉山-板橋",15,1,14
"1710","2727王品","110/07/14","第一金-嘉義",1,13,-12
"1711","1570力肯","110/07/14","國票-北高雄",68,0,68
"1712","1570力肯","110/07/14","摩根大通",0,21,-21
"1713","1570力肯","110/07/14","日盛-八德",30,1,29
"1714","1570力肯","110/07/14","新光",1,19,-18
"1715","1570力肯","110/07/14","玉山-高雄",7,0,7
"1716","1570力肯","110/07/14","(牛牛牛)亞-鑫豐",0,17,-17
"1717","1570力肯","110/07/14","臺銀-臺南",5,0,5
"1718","1570力肯","110/07/14","日盛-士林",0,10,-10
"1719","1570力肯","110/07/14","凱基-三峽",5,0,5
"1720","1570力肯","110/07/14","統一-員林",0,10,-10
"1721","1570力肯","110/07/14","元大-和平",5,0,5
"1722","1570力肯","110/07/14","國票-新莊",0,10,-10
"1723","1570力肯","110/07/14","合庫-三重",4,0,4
"1724","1570力肯","110/07/14","凱基-高美館",0,10,-10
"1725","1570力肯","110/07/14","瑞士信貸",4,0,4
"1726","1570力肯","110/07/14","元大-屏東民生",0,5,-5
"1727","1570力肯","110/07/14","統一-三多",4,0,4
"1728","1570力肯","110/07/14","元大-古亭",0,5,-5
"1729","1570力肯","110/07/14","華南永昌-古亭",4,0,4
"1730","1570力肯","110/07/14","日盛-木柵",0,4,-4
"1731","1570力肯","110/07/14","元大-高雄",3,0,3
"1732","1570力肯","110/07/14","大昌",0,4,-4
"1733","1570力肯","110/07/14","兆豐-忠孝",2,0,2
"1734","1570力肯","110/07/14","群益金鼎-東大",0,4,-4
"1735","1570力肯","110/07/14","富邦-陽明",2,0,2
"1736","1570力肯","110/07/14","凱基-台北",0,4,-4
"1737","1570力肯","110/07/14","元大-松山",2,0,2
"1738","1570力肯","110/07/14","元大-板橋",0,4,-4
"1739","1570力肯","110/07/14","元大-忠孝",2,0,2
"1740","1570力肯","110/07/14","第一金-中山",0,3,-3
"1741","6180橘子","110/07/14","新加坡商瑞銀",84,28,56
"1742","6180橘子","110/07/14","凱基-台北",4,37,-33
"1743","6180橘子","110/07/14","日盛-信義",29,1,28
"1744","6180橘子","110/07/14","玉山-台南",1,22,-21
"1745","6180橘子","110/07/14","豐農",28,4,24
"1746","6180橘子","110/07/14","日盛-新竹",1,21,-20
"1747","6180橘子","110/07/14","新光-新竹",24,1,23
"1748","6180橘子","110/07/14","元富-潮州",0,19,-19
"1749","6180橘子","110/07/14","華南永昌-高雄",20,0,20
"1750","6180橘子","110/07/14","元大-信義",0,17,-17
"1751","6180橘子","110/07/14","元大-羅東",20,0,20
"1752","6180橘子","110/07/14","台灣企銀-台中",1,16,-15
"1753","6180橘子","110/07/14","元大-台中中港",20,0,20
"1754","6180橘子","110/07/14","元大-北港",0,15,-15
"1755","6180橘子","110/07/14","富邦-嘉義",24,5,19
"1756","6180橘子","110/07/14","富邦-高雄",0,14,-14
"1757","6180橘子","110/07/14","富邦-仁愛",15,0,15
"1758","6180橘子","110/07/14","兆豐-埔墘",0,13,-13
"1759","6180橘子","110/07/14","國票-九鼎",13,0,13
"1760","6180橘子","110/07/14","第一金-中山",0,10,-10
"1761","6180橘子","110/07/14","日盛-木柵",12,0,12
"1762","6180橘子","110/07/14","元大-彰化民生",0,10,-10
"1763","6180橘子","110/07/14","元大-成功",10,0,10
"1764","6180橘子","110/07/14","福勝",1,10,-9
"1765","6180橘子","110/07/14","港商野村",10,2,8
"1766","6180橘子","110/07/14","群益金鼎-丹鳳",1,10,-9
"1767","6180橘子","110/07/14","玉山-左營",8,0,8
"1768","6180橘子","110/07/14","群益金鼎-板橋",0,8,-8
"1769","6180橘子","110/07/14","富邦-陽明",16,8,8
"1770","6180橘子","110/07/14","合庫-鳳山",0,7,-7
"1771","2390云辰","110/07/14","摩根大通",995,198,797
"1772","2390云辰","110/07/14","新加坡商瑞銀",28,399,-371
"1773","2390云辰","110/07/14","美林",383,22,361
"1774","2390云辰","110/07/14","凱基-新豐",3,198,-195
"1775","2390云辰","110/07/14","台灣摩根士丹利",684,358,326
"1776","2390云辰","110/07/14","元大-士林",1,152,-151
"1777","2390云辰","110/07/14","凱基-台北",656,402,254
"1778","2390云辰","110/07/14","元大-竹山",80,181,-101
"1779","2390云辰","110/07/14","日盛-和美",110,5,105
"1780","2390云辰","110/07/14","群益金鼎-開元",19,95,-76
"1781","2390云辰","110/07/14","元大-天母",72,0,72
"1782","2390云辰","110/07/14","新光",77,150,-73
"1783","2390云辰","110/07/14","永豐金-松山",57,0,57
"1784","2390云辰","110/07/14","元富-高雄",0,71,-71
"1785","2390云辰","110/07/14","統一-屏東",53,0,53
"1786","2390云辰","110/07/14","元大-土城學府",130,201,-71
"1787","2390云辰","110/07/14","港商野村",486,450,36
"1788","2390云辰","110/07/14","元大-善化",12,76,-64
"1789","2390云辰","110/07/14","致和-崇德",30,0,30
"1790","2390云辰","110/07/14","華南永昌-岡山",23,81,-58
"1791","2390云辰","110/07/14","富邦-台北",40,14,26
"1792","2390云辰","110/07/14","群益金鼎-大興",82,125,-43
"1793","2390云辰","110/07/14","台新-高雄",38,13,25
"1794","2390云辰","110/07/14","大慶-中壢",0,41,-41
"1795","2390云辰","110/07/14","富邦-板橋",32,7,25
"1796","2390云辰","110/07/14","玉山-板橋",6,47,-41
"1797","2390云辰","110/07/14","陽信-石牌",24,0,24
"1798","2390云辰","110/07/14","富邦-台東",2,42,-40
"1799","2390云辰","110/07/14","凱基-屏東",32,8,24
"1800","2390云辰","110/07/14","元大-新營",3,42,-39
"1801","2363矽統","110/07/14","台灣摩根士丹利",463,0,463
"1802","2363矽統","110/07/14","新加坡商瑞銀",568,1321,-753
"1803","2363矽統","110/07/14","台新證券",750,342,408
"1804","2363矽統","110/07/14","瑞士信貸",149,864,-715
"1805","2363矽統","110/07/14","玉山-台中",363,51,312
"1806","2363矽統","110/07/14","台新-屏東",115,380,-265
"1807","2363矽統","110/07/14","元大-斗六",223,25,198
"1808","2363矽統","110/07/14","永豐金證券",16,265,-249
"1809","2363矽統","110/07/14","華南永昌-朴子",208,38,170
"1810","2363矽統","110/07/14","美林",462,701,-239
"1811","2363矽統","110/07/14","元富-西松",169,12,157
"1812","2363矽統","110/07/14","宏遠-桃園",269,500,-231
"1813","2363矽統","110/07/14","永豐金-大園",146,6,140
"1814","2363矽統","110/07/14","凱基-竹北",36,254,-218
"1815","2363矽統","110/07/14","土銀-和平",134,0,134
"1816","2363矽統","110/07/14","港商法國興業",0,214,-214
"1817","2363矽統","110/07/14","富邦-新營",130,13,117
"1818","2363矽統","110/07/14","港商野村",835,1044,-209
"1819","2363矽統","110/07/14","元富-成功",118,11,107
"1820","2363矽統","110/07/14","北城證券",212,411,-199
"1821","2363矽統","110/07/14","元富-烏日",121,18,103
"1822","2363矽統","110/07/14","(牛牛牛)亞-鑫豐",51,241,-190
"1823","2363矽統","110/07/14","日盛-二林",120,18,102
"1824","2363矽統","110/07/14","國票-博愛",24,213,-189
"1825","2363矽統","110/07/14","兆豐-忠孝",98,2,96
"1826","2363矽統","110/07/14","大慶-蘆洲",134,316,-182
"1827","2363矽統","110/07/14","大慶-楊梅",92,3,89
"1828","2363矽統","110/07/14","彰銀-台中",15,193,-178
"1829","2363矽統","110/07/14","元富-三重",120,33,87
"1830","2363矽統","110/07/14","日盛-和美",18,185,-167
"1831","8112至上","110/07/14","新加坡商瑞銀",223,17,206
"1832","8112至上","110/07/14","瑞士信貸",8,170,-162
"1833","8112至上","110/07/14","摩根大通",285,129,156
"1834","8112至上","110/07/14","美林",55,202,-147
"1835","8112至上","110/07/14","花旗環球",124,0,124
"1836","8112至上","110/07/14","凱基-台北",325,436,-111
"1837","8112至上","110/07/14","兆豐-公益",117,4,113
"1838","8112至上","110/07/14","台中銀-台北",0,98,-98
"1839","8112至上","110/07/14","香港上海匯豐",111,0,111
"1840","8112至上","110/07/14","玉山-台大",17,107,-90
"1841","8112至上","110/07/14","永豐金-內湖",117,21,96
"1842","8112至上","110/07/14","康和-內湖",1,90,-89
"1843","8112至上","110/07/14","台灣摩根士丹利",108,16,92
"1844","8112至上","110/07/14","港商野村",21,84,-63
"1845","8112至上","110/07/14","元大-東蘆",77,0,77
"1846","8112至上","110/07/14","兆豐-北高雄",1,60,-59
"1847","8112至上","110/07/14","新光",108,48,60
"1848","8112至上","110/07/14","群益金鼎-海山",1,52,-51
"1849","8112至上","110/07/14","大慶-蘆洲",59,0,59
"1850","8112至上","110/07/14","群益金鼎-大安",0,50,-50
"1851","8112至上","110/07/14","華南永昌-台中",56,3,53
"1852","8112至上","110/07/14","富邦-仁愛",2,49,-47
"1853","8112至上","110/07/14","土銀-嘉義",52,2,50
"1854","8112至上","110/07/14","元大-金華",0,42,-42
"1855","8112至上","110/07/14","美商高盛",40,0,40
"1856","8112至上","110/07/14","元大-內湖",4,43,-39
"1857","8112至上","110/07/14","臺銀",63,29,34
"1858","8112至上","110/07/14","第一金-華江",2,37,-35
"1859","8112至上","110/07/14","元富-嘉義",31,0,31
"1860","8112至上","110/07/14","永豐金-苓雅",2,34,-32
"1861","1570力肯","110/07/14","國票-北高雄",68,0,68
"1862","1570力肯","110/07/14","摩根大通",0,21,-21
"1863","1570力肯","110/07/14","日盛-八德",30,1,29
"1864","1570力肯","110/07/14","新光",1,19,-18
"1865","1570力肯","110/07/14","玉山-高雄",7,0,7
"1866","1570力肯","110/07/14","(牛牛牛)亞-鑫豐",0,17,-17
"1867","1570力肯","110/07/14","臺銀-臺南",5,0,5
"1868","1570力肯","110/07/14","日盛-士林",0,10,-10
"1869","1570力肯","110/07/14","凱基-三峽",5,0,5
"1870","1570力肯","110/07/14","統一-員林",0,10,-10
"1871","1570力肯","110/07/14","元大-和平",5,0,5
"1872","1570力肯","110/07/14","國票-新莊",0,10,-10
"1873","1570力肯","110/07/14","合庫-三重",4,0,4
"1874","1570力肯","110/07/14","凱基-高美館",0,10,-10
"1875","1570力肯","110/07/14","瑞士信貸",4,0,4
"1876","1570力肯","110/07/14","元大-屏東民生",0,5,-5
"1877","1570力肯","110/07/14","統一-三多",4,0,4
"1878","1570力肯","110/07/14","元大-古亭",0,5,-5
"1879","1570力肯","110/07/14","華南永昌-古亭",4,0,4
"1880","1570力肯","110/07/14","日盛-木柵",0,4,-4
"1881","1570力肯","110/07/14","元大-高雄",3,0,3
"1882","1570力肯","110/07/14","大昌",0,4,-4
"1883","1570力肯","110/07/14","兆豐-忠孝",2,0,2
"1884","1570力肯","110/07/14","群益金鼎-東大",0,4,-4
"1885","1570力肯","110/07/14","富邦-陽明",2,0,2
"1886","1570力肯","110/07/14","凱基-台北",0,4,-4
"1887","1570力肯","110/07/14","元大-松山",2,0,2
"1888","1570力肯","110/07/14","元大-板橋",0,4,-4
"1889","1570力肯","110/07/14","元大-忠孝",2,0,2
"1890","1570力肯","110/07/14","第一金-中山",0,3,-3
"1891","2929淘帝","110/07/14","華南永昌-林口",60,0,60
"1892","2929淘帝","110/07/14","群益金鼎",25,540,-515
"1893","2929淘帝","110/07/14","美林",87,31,56
"1894","2929淘帝","110/07/14","國泰-台南",1,30,-29
"1895","2929淘帝","110/07/14","元富-台南",40,0,40
"1896","2929淘帝","110/07/14","宏遠-桃園",0,20,-20
"1897","2929淘帝","110/07/14","元大-民生",39,0,39
"1898","2929淘帝","110/07/14","摩根大通",11,31,-20
"1899","2929淘帝","110/07/14","臺銀-鳳山",34,0,34
"1900","2929淘帝","110/07/14","台新-建北",5,20,-15
"1901","2929淘帝","110/07/14","合庫-高雄",34,1,33
"1902","2929淘帝","110/07/14","新光",1,16,-15
"1903","2929淘帝","110/07/14","華南永昌-鶯歌",28,0,28
"1904","2929淘帝","110/07/14","玉山-板橋",0,15,-15
"1905","2929淘帝","110/07/14","永興",25,0,25
"1906","2929淘帝","110/07/14","凱基-羅東",0,15,-15
"1907","2929淘帝","110/07/14","元大-新盛",25,1,24
"1908","2929淘帝","110/07/14","元大-頭份",0,15,-15
"1909","2929淘帝","110/07/14","日盛-南京",23,0,23
"1910","2929淘帝","110/07/14","第一金-台南",0,13,-13
"1911","2929淘帝","110/07/14","日茂",20,0,20
"1912","2929淘帝","110/07/14","富邦-基隆",0,12,-12
"1913","2929淘帝","110/07/14","台新-台中",20,0,20
"1914","2929淘帝","110/07/14","日茂-南投",1,12,-11
"1915","2929淘帝","110/07/14","華南永昌",20,0,20
"1916","2929淘帝","110/07/14","元大-豐原站前",0,11,-11
"1917","2929淘帝","110/07/14","福勝",15,0,15
"1918","2929淘帝","110/07/14","玉山-士林",0,10,-10
"1919","2929淘帝","110/07/14","富邦-南屯",15,0,15
"1920","2929淘帝","110/07/14","富邦-台北",0,10,-10
"1921","5410國眾","110/07/14","兆豐-城中",35,0,35
"1922","5410國眾","110/07/14","瑞士信貸",0,29,-29
"1923","5410國眾","110/07/14","新光",21,1,20
"1924","5410國眾","110/07/14","國泰-板橋",1,30,-29
"1925","5410國眾","110/07/14","國泰-敦南",21,1,20
"1926","5410國眾","110/07/14","日盛-高雄",0,20,-20
"1927","5410國眾","110/07/14","國泰-台中",20,1,19
"1928","5410國眾","110/07/14","台新-左楠",1,20,-19
"1929","5410國眾","110/07/14","元大-崇德",19,0,19
"1930","5410國眾","110/07/14","元富-大昌",1,18,-17
"1931","5410國眾","110/07/14","土銀-士林",18,0,18
"1932","5410國眾","110/07/14","富邦-建國",0,15,-15
"1933","5410國眾","110/07/14","元大-新盛",20,2,18
"1934","5410國眾","110/07/14","元富-嘉義",0,12,-12
"1935","5410國眾","110/07/14","兆豐-高雄",15,0,15
"1936","5410國眾","110/07/14","永全-南崁",0,12,-12
"1937","5410國眾","110/07/14","宏遠-中和",10,0,10
"1938","5410國眾","110/07/14","元大-員林",0,11,-11
"1939","5410國眾","110/07/14","新光-桃園",10,0,10
"1940","5410國眾","110/07/14","高橋",0,10,-10
"1941","5410國眾","110/07/14","國泰-台南",10,0,10
"1942","5410國眾","110/07/14","永興",0,10,-10
"1943","5410國眾","110/07/14","元大-復北",10,0,10
"1944","5410國眾","110/07/14","華南永昌-三重",0,10,-10
"1945","5410國眾","110/07/14","元大-竹科",8,0,8
"1946","5410國眾","110/07/14","元大-苑裡",0,7,-7
"1947","5410國眾","110/07/14","台新-新營",6,0,6
"1948","5410國眾","110/07/14","港商野村",0,6,-6
"1949","5410國眾","110/07/14","日盛-士林",5,0,5
"1950","5410國眾","110/07/14","摩根大通",5,11,-6
"1951","2841台開","110/07/14","凱基-文心",73,0,73
"1952","2841台開","110/07/14","國泰-敦南",0,50,-50
"1953","2841台開","110/07/14","元富-潮州",30,0,30
"1954","2841台開","110/07/14","凱基-中壢",0,40,-40
"1955","2841台開","110/07/14","第一金-台中",20,0,20
"1956","2841台開","110/07/14","統一-新竹",0,24,-24
"1957","2841台開","110/07/14","華南永昌-新莊",20,0,20
"1958","2841台開","110/07/14","元富-草屯",0,20,-20
"1959","2841台開","110/07/14","永豐金-豐原",20,0,20
"1960","2841台開","110/07/14","台新-台南",0,20,-20
"1961","2841台開","110/07/14","國泰-館前",15,0,15
"1962","2841台開","110/07/14","永豐金-敦南",45,63,-18
"1963","2841台開","110/07/14","群益金鼎-基隆",12,0,12
"1964","2841台開","110/07/14","國票-北高雄",0,13,-13
"1965","2841台開","110/07/14","日盛-信義",10,0,10
"1966","2841台開","110/07/14","凱基-松山",0,10,-10
"1967","2841台開","110/07/14","台新-台中",10,0,10
"1968","2841台開","110/07/14","元大證券",0,10,-10
"1969","2841台開","110/07/14","新光",10,1,9
"1970","2841台開","110/07/14","元大-中壢",0,10,-10
"1971","2841台開","110/07/14","凱基-新店",8,0,8
"1972","2841台開","110/07/14","富邦-陽明",1,10,-9
"1973","2841台開","110/07/14","元大-斗信",7,0,7
"1974","2841台開","110/07/14","富邦-建國",0,9,-9
"1975","2841台開","110/07/14","元大-三重",6,0,6
"1976","2841台開","110/07/14","富邦-台南",0,8,-8
"1977","2841台開","110/07/14","永豐金-中和",6,0,6
"1978","2841台開","110/07/14","康和-澎湖",0,7,-7
"1979","2841台開","110/07/14","元富-成功",5,0,5
"1980","2841台開","110/07/14","日盛-斗六",0,6,-6
"1981","6207雷科","110/07/14","群益金鼎-台北",60,0,60
"1982","6207雷科","110/07/14","新加坡商瑞銀",10,56,-46
"1983","6207雷科","110/07/14","台新-高雄",43,3,40
"1984","6207雷科","110/07/14","國票-中和",0,41,-41
"1985","6207雷科","110/07/14","元大-高雄",19,0,19
"1986","6207雷科","110/07/14","元大-復北",0,33,-33
"1987","6207雷科","110/07/14","福勝",15,0,15
"1988","6207雷科","110/07/14","光和-和美",0,20,-20
"1989","6207雷科","110/07/14","群益金鼎-中山",15,0,15
"1990","6207雷科","110/07/14","群益金鼎-丹鳳",0,20,-20
"1991","6207雷科","110/07/14","元大-林園",15,0,15
"1992","6207雷科","110/07/14","第一金-路竹",0,10,-10
"1993","6207雷科","110/07/14","新光",12,0,12
"1994","6207雷科","110/07/14","元大-歸仁",0,10,-10
"1995","6207雷科","110/07/14","元大-大天母",10,0,10
"1996","6207雷科","110/07/14","宏遠-館前",0,9,-9
"1997","6207雷科","110/07/14","永豐金-忠孝",9,0,9
"1998","6207雷科","110/07/14","凱基-台北",12,20,-8
"1999","6207雷科","110/07/14","永豐金-新店",7,0,7
"2000","6207雷科","110/07/14","美林",0,7,-7
"2001","6207雷科","110/07/14","玉山-嘉義",6,0,6
"2002","6207雷科","110/07/14","摩根大通",16,23,-7
"2003","6207雷科","110/07/14","元大-屏東",6,0,6
"2004","6207雷科","110/07/14","凱基-高雄",1,7,-6
"2005","6207雷科","110/07/14","凱基-大安",5,0,5
"2006","6207雷科","110/07/14","台中銀-豐原",0,5,-5
"2007","6207雷科","110/07/14","富邦-台南",5,0,5
"2008","6207雷科","110/07/14","元大-新竹經國",0,5,-5
"2009","6207雷科","110/07/14","元大-成功",5,0,5
"2010","6207雷科","110/07/14","光和-田中",0,4,-4
"2011","3679新至陞","110/07/14","凱基-台北",31,6,25
"2012","3679新至陞","110/07/14","群益金鼎-東大",0,15,-15
"2013","3679新至陞","110/07/14","華南永昌-新莊",10,0,10
"2014","3679新至陞","110/07/14","瑞士信貸",0,12,-12
"2015","3679新至陞","110/07/14","新加坡商瑞銀",11,3,8
"2016","3679新至陞","110/07/14","群益金鼎-永和",0,10,-10
"2017","3679新至陞","110/07/14","美商高盛",6,0,6
"2018","3679新至陞","110/07/14","元大-成功",5,15,-10
"2019","3679新至陞","110/07/14","第一金-中壢",6,0,6
"2020","3679新至陞","110/07/14","統一-板橋",1,10,-9
"2021","3679新至陞","110/07/14","(牛牛牛)亞-網路",4,0,4
"2022","3679新至陞","110/07/14","玉山-左營",0,5,-5
"2023","3679新至陞","110/07/14","元大-六合",3,0,3
"2024","3679新至陞","110/07/14","群益金鼎-三民",0,4,-4
"2025","3679新至陞","110/07/14","合庫-自強",2,0,2
"2026","3679新至陞","110/07/14","富邦-宜蘭",0,4,-4
"2027","3679新至陞","110/07/14","高橋-內壢",2,0,2
"2028","3679新至陞","110/07/14","永豐金-苓雅",0,3,-3
"2029","3679新至陞","110/07/14","台中銀-員林",2,0,2
"2030","3679新至陞","110/07/14","摩根大通",5,7,-2
"2031","3679新至陞","110/07/14","凱基-高美館",2,0,2
"2032","3679新至陞","110/07/14","元大-板橋三民",0,2,-2
"2033","3679新至陞","110/07/14","元大-福營",2,0,2
"2034","3679新至陞","110/07/14","宏遠-中和",0,1,-1
"2035","3679新至陞","110/07/14","永豐金-松山",2,0,2
"2036","3679新至陞","110/07/14","元富-佳里",0,1,-1
"2037","3679新至陞","110/07/14","永豐金-萬盛",2,0,2
"2038","3679新至陞","110/07/14","(牛牛牛)亞-鑫豐",0,1,-1
"2039","3679新至陞","110/07/14","元富-松德",1,0,1
"2040","3679新至陞","110/07/14","中國信託-中壢",0,1,-1
"2041","2727王品","110/07/14","富邦-左營",102,1,101
"2042","2727王品","110/07/14","統一-城中",100,234,-134
"2043","2727王品","110/07/14","國泰-板橋",105,11,94
"2044","2727王品","110/07/14","富邦-台北",1,125,-124
"2045","2727王品","110/07/14","港商野村",149,72,77
"2046","2727王品","110/07/14","台灣摩根士丹利",1,48,-47
"2047","2727王品","110/07/14","合庫-台中",66,2,64
"2048","2727王品","110/07/14","國票-新莊",0,40,-40
"2049","2727王品","110/07/14","臺銀-金山",63,8,55
"2050","2727王品","110/07/14","永豐金-忠孝",2,39,-37
"2051","2727王品","110/07/14","摩根大通",83,39,44
"2052","2727王品","110/07/14","富邦-彰化",1,34,-33
"2053","2727王品","110/07/14","凱基-台北",84,42,42
"2054","2727王品","110/07/14","康和-高雄",0,30,-30
"2055","2727王品","110/07/14","土銀-台中",35,1,34
"2056","2727王品","110/07/14","安泰",0,26,-26
"2057","2727王品","110/07/14","華南永昌-麻豆",32,1,31
"2058","2727王品","110/07/14","富邦-新竹華信",0,21,-21
"2059","2727王品","110/07/14","元大證券",85,55,30
"2060","2727王品","110/07/14","元大-南崁",1,22,-21
"2061","2727王品","110/07/14","新加坡商瑞銀",40,15,25
"2062","2727王品","110/07/14","彰銀-台中",0,18,-18
"2063","2727王品","110/07/14","日盛-八德",19,0,19
"2064","2727王品","110/07/14","元富-同大",2,20,-18
"2065","2727王品","110/07/14","統一",35,17,18
"2066","2727王品","110/07/14","玉山-嘉義",1,17,-16
"2067","2727王品","110/07/14","元富-大昌",18,1,17
"2068","2727王品","110/07/14","國泰-館前",4,20,-16
"2069","2727王品","110/07/14","玉山-板橋",15,1,14
"2070","2727王品","110/07/14","第一金-嘉義",1,13,-12
"2071","1570力肯","110/07/14","國票-北高雄",68,0,68
"2072","1570力肯","110/07/14","摩根大通",0,21,-21
"2073","1570力肯","110/07/14","日盛-八德",30,1,29
"2074","1570力肯","110/07/14","新光",1,19,-18
"2075","1570力肯","110/07/14","玉山-高雄",7,0,7
"2076","1570力肯","110/07/14","(牛牛牛)亞-鑫豐",0,17,-17
"2077","1570力肯","110/07/14","臺銀-臺南",5,0,5
"2078","1570力肯","110/07/14","日盛-士林",0,10,-10
"2079","1570力肯","110/07/14","凱基-三峽",5,0,5
"2080","1570力肯","110/07/14","統一-員林",0,10,-10
"2081","1570力肯","110/07/14","元大-和平",5,0,5
"2082","1570力肯","110/07/14","國票-新莊",0,10,-10
"2083","1570力肯","110/07/14","合庫-三重",4,0,4
"2084","1570力肯","110/07/14","凱基-高美館",0,10,-10
"2085","1570力肯","110/07/14","瑞士信貸",4,0,4
"2086","1570力肯","110/07/14","元大-屏東民生",0,5,-5
"2087","1570力肯","110/07/14","統一-三多",4,0,4
"2088","1570力肯","110/07/14","元大-古亭",0,5,-5
"2089","1570力肯","110/07/14","華南永昌-古亭",4,0,4
"2090","1570力肯","110/07/14","日盛-木柵",0,4,-4
"2091","1570力肯","110/07/14","元大-高雄",3,0,3
"2092","1570力肯","110/07/14","大昌",0,4,-4
"2093","1570力肯","110/07/14","兆豐-忠孝",2,0,2
"2094","1570力肯","110/07/14","群益金鼎-東大",0,4,-4
"2095","1570力肯","110/07/14","富邦-陽明",2,0,2
"2096","1570力肯","110/07/14","凱基-台北",0,4,-4
"2097","1570力肯","110/07/14","元大-松山",2,0,2
"2098","1570力肯","110/07/14","元大-板橋",0,4,-4
"2099","1570力肯","110/07/14","元大-忠孝",2,0,2
"2100","1570力肯","110/07/14","第一金-中山",0,3,-3
"2101","6180橘子","110/07/14","新加坡商瑞銀",84,28,56
"2102","6180橘子","110/07/14","凱基-台北",4,37,-33
"2103","6180橘子","110/07/14","日盛-信義",29,1,28
"2104","6180橘子","110/07/14","玉山-台南",1,22,-21
"2105","6180橘子","110/07/14","豐農",28,4,24
"2106","6180橘子","110/07/14","日盛-新竹",1,21,-20
"2107","6180橘子","110/07/14","新光-新竹",24,1,23
"2108","6180橘子","110/07/14","元富-潮州",0,19,-19
"2109","6180橘子","110/07/14","華南永昌-高雄",20,0,20
"2110","6180橘子","110/07/14","元大-信義",0,17,-17
"2111","6180橘子","110/07/14","元大-羅東",20,0,20
"2112","6180橘子","110/07/14","台灣企銀-台中",1,16,-15
"2113","6180橘子","110/07/14","元大-台中中港",20,0,20
"2114","6180橘子","110/07/14","元大-北港",0,15,-15
"2115","6180橘子","110/07/14","富邦-嘉義",24,5,19
"2116","6180橘子","110/07/14","富邦-高雄",0,14,-14
"2117","6180橘子","110/07/14","富邦-仁愛",15,0,15
"2118","6180橘子","110/07/14","兆豐-埔墘",0,13,-13
"2119","6180橘子","110/07/14","國票-九鼎",13,0,13
"2120","6180橘子","110/07/14","第一金-中山",0,10,-10
"2121","6180橘子","110/07/14","日盛-木柵",12,0,12
"2122","6180橘子","110/07/14","元大-彰化民生",0,10,-10
"2123","6180橘子","110/07/14","元大-成功",10,0,10
"2124","6180橘子","110/07/14","福勝",1,10,-9
"2125","6180橘子","110/07/14","港商野村",10,2,8
"2126","6180橘子","110/07/14","群益金鼎-丹鳳",1,10,-9
"2127","6180橘子","110/07/14","玉山-左營",8,0,8
"2128","6180橘子","110/07/14","群益金鼎-板橋",0,8,-8
"2129","6180橘子","110/07/14","富邦-陽明",16,8,8
"2130","6180橘子","110/07/14","合庫-鳳山",0,7,-7
"2131","2390云辰","110/07/14","摩根大通",995,198,797
"2132","2390云辰","110/07/14","新加坡商瑞銀",28,399,-371
"2133","2390云辰","110/07/14","美林",383,22,361
"2134","2390云辰","110/07/14","凱基-新豐",3,198,-195
"2135","2390云辰","110/07/14","台灣摩根士丹利",684,358,326
"2136","2390云辰","110/07/14","元大-士林",1,152,-151
"2137","2390云辰","110/07/14","凱基-台北",656,402,254
"2138","2390云辰","110/07/14","元大-竹山",80,181,-101
"2139","2390云辰","110/07/14","日盛-和美",110,5,105
"2140","2390云辰","110/07/14","群益金鼎-開元",19,95,-76
"2141","2390云辰","110/07/14","元大-天母",72,0,72
"2142","2390云辰","110/07/14","新光",77,150,-73
"2143","2390云辰","110/07/14","永豐金-松山",57,0,57
"2144","2390云辰","110/07/14","元富-高雄",0,71,-71
"2145","2390云辰","110/07/14","統一-屏東",53,0,53
"2146","2390云辰","110/07/14","元大-土城學府",130,201,-71
"2147","2390云辰","110/07/14","港商野村",486,450,36
"2148","2390云辰","110/07/14","元大-善化",12,76,-64
"2149","2390云辰","110/07/14","致和-崇德",30,0,30
"2150","2390云辰","110/07/14","華南永昌-岡山",23,81,-58
"2151","2390云辰","110/07/14","富邦-台北",40,14,26
"2152","2390云辰","110/07/14","群益金鼎-大興",82,125,-43
"2153","2390云辰","110/07/14","台新-高雄",38,13,25
"2154","2390云辰","110/07/14","大慶-中壢",0,41,-41
"2155","2390云辰","110/07/14","富邦-板橋",32,7,25
"2156","2390云辰","110/07/14","玉山-板橋",6,47,-41
"2157","2390云辰","110/07/14","陽信-石牌",24,0,24
"2158","2390云辰","110/07/14","富邦-台東",2,42,-40
"2159","2390云辰","110/07/14","凱基-屏東",32,8,24
"2160","2390云辰","110/07/14","元大-新營",3,42,-39
"2161","2363矽統","110/07/13","凱基-南崁",2133,63,2070
"2162","2363矽統","110/07/13","凱基-幸福",36,4048,-4012
"2163","2363矽統","110/07/13","國泰-敦南",2195,1617,578
"2164","2363矽統","110/07/13","統一",192,3325,-3133
"2165","2363矽統","110/07/13","中農",670,139,531
"2166","2363矽統","110/07/13","新加坡商瑞銀",1000,2747,-1747
"2167","2363矽統","110/07/13","康和-台中",638,154,484
"2168","2363矽統","110/07/13","凱基-台北",5359,6609,-1250
"2169","2363矽統","110/07/13","群益金鼎-三民",577,137,440
"2170","2363矽統","110/07/13","摩根大通",1930,2858,-928
"2171","2363矽統","110/07/13","台新-屏東",510,88,422
"2172","2363矽統","110/07/13","港商野村",960,1679,-719
"2173","2363矽統","110/07/13","德信-中正",455,67,388
"2174","2363矽統","110/07/13","兆豐-復興",25,705,-680
"2175","2363矽統","110/07/13","日盛-竹北",365,70,295
"2176","2363矽統","110/07/13","統一-仁愛",114,755,-641
"2177","2363矽統","110/07/13","元大-佳里",452,189,263
"2178","2363矽統","110/07/13","統一-敦南",29,638,-609
"2179","2363矽統","110/07/13","國票-博愛",296,38,258
"2180","2363矽統","110/07/13","統一-土城",100,704,-604
"2181","2363矽統","110/07/13","元大-萬華",340,95,245
"2182","2363矽統","110/07/13","統一-城中",116,676,-560
"2183","2363矽統","110/07/13","新光",1259,1031,228
"2184","2363矽統","110/07/13","永豐金證券",306,859,-553
"2185","2363矽統","110/07/13","元富-成功",323,96,227
"2186","2363矽統","110/07/13","元富",54,567,-513
"2187","2363矽統","110/07/13","豐農",228,23,205
"2188","2363矽統","110/07/13","瑞士信貸",202,666,-464
"2189","2363矽統","110/07/13","台灣企銀-岡山",186,4,182
"2190","2363矽統","110/07/13","永豐金-嘉義",67,468,-401
"2191","8112至上","110/07/13","摩根大通",688,296,392
"2192","8112至上","110/07/13","國票-中和",0,401,-401
"2193","8112至上","110/07/13","港商野村",344,145,199
"2194","8112至上","110/07/13","永豐金-板盛",0,205,-205
"2195","8112至上","110/07/13","兆豐-公益",195,5,190
"2196","8112至上","110/07/13","凱基-五股",43,155,-112
"2197","8112至上","110/07/13","台灣摩根士丹利",183,0,183
"2198","8112至上","110/07/13","凱基-市政",0,100,-100
"2199","8112至上","110/07/13","群益金鼎-敦南",153,2,151
"2200","8112至上","110/07/13","元大-大里德芳",1,92,-91
"2201","8112至上","110/07/13","臺銀-金山",146,26,120
"2202","8112至上","110/07/13","玉山-桃園",26,110,-84
"2203","8112至上","110/07/13","臺銀",133,19,114
"2204","8112至上","110/07/13","兆豐-天母",0,81,-81
"2205","8112至上","110/07/13","合庫-台中",115,6,109
"2206","8112至上","110/07/13","凱基-城中",3,84,-81
"2207","8112至上","110/07/13","亞東-板橋",134,26,108
"2208","8112至上","110/07/13","日盛-新莊",9,85,-76
"2209","8112至上","110/07/13","凱基-台北",414,326,88
"2210","8112至上","110/07/13","日盛-台中",2,64,-62
"2211","8112至上","110/07/13","新加坡商瑞銀",181,100,81
"2212","8112至上","110/07/13","日盛-中壢",3,64,-61
"2213","8112至上","110/07/13","國泰-敦南",108,31,77
"2214","8112至上","110/07/13","元大-台中",2,59,-57
"2215","8112至上","110/07/13","第一金-華江",77,4,73
"2216","8112至上","110/07/13","元大-雙和",7,64,-57
"2217","8112至上","110/07/13","永豐金-內湖",73,1,72
"2218","8112至上","110/07/13","元大-高雄",8,62,-54
"2219","8112至上","110/07/13","元大-永和",68,1,67
"2220","8112至上","110/07/13","元大-館前",2,55,-53
"2221","1570力肯","110/07/13","新光",115,11,104
"2222","1570力肯","110/07/13","元大-北三重",0,162,-162
"2223","1570力肯","110/07/13","群益金鼎-高雄",54,0,54
"2224","1570力肯","110/07/13","元大-大灣",0,25,-25
"2225","1570力肯","110/07/13","國票-新莊",22,0,22
"2226","1570力肯","110/07/13","永豐金-苓雅",0,22,-22
"2227","1570力肯","110/07/13","日盛-桃園",12,0,12
"2228","1570力肯","110/07/13","永豐金-永康",0,19,-19
"2229","1570力肯","110/07/13","元大-高雄",12,0,12
"2230","1570力肯","110/07/13","富邦-員林",0,15,-15
"2231","1570力肯","110/07/13","合庫-自強",11,0,11
"2232","1570力肯","110/07/13","凱基-台南",0,11,-11
"2233","1570力肯","110/07/13","摩根大通",26,15,11
"2234","1570力肯","110/07/13","日盛-竹北",0,10,-10
"2235","1570力肯","110/07/13","永豐金-中盛",11,0,11
"2236","1570力肯","110/07/13","國票-九鼎",0,10,-10
"2237","1570力肯","110/07/13","兆豐-台中港",10,0,10
"2238","1570力肯","110/07/13","凱基-桃園",0,10,-10
"2239","1570力肯","110/07/13","國泰-松江",9,0,9
"2240","1570力肯","110/07/13","凱基-新豐",0,10,-10
"2241","1570力肯","110/07/13","元大-新盛",9,0,9
"2242","1570力肯","110/07/13","元大-學甲",0,10,-10
"2243","1570力肯","110/07/13","元富-緯城",6,0,6
"2244","1570力肯","110/07/13","群益金鼎-東湖",1,10,-9
"2245","1570力肯","110/07/13","統一-三重",5,0,5
"2246","1570力肯","110/07/13","大昌",0,6,-6
"2247","1570力肯","110/07/13","元大-前金",5,0,5
"2248","1570力肯","110/07/13","元大-土城學府",0,6,-6
"2249","1570力肯","110/07/13","永豐金證券",5,0,5
"2250","1570力肯","110/07/13","統一",0,5,-5
"2251","2929淘帝","110/07/13","玉山-新竹",130,0,130
"2252","2929淘帝","110/07/13","美商高盛",0,177,-177
"2253","2929淘帝","110/07/13","臺銀-民權",60,0,60
"2254","2929淘帝","110/07/13","凱基-台北",6,80,-74
"2255","2929淘帝","110/07/13","新百王",31,0,31
"2256","2929淘帝","110/07/13","元富-大裕",0,49,-49
"2257","2929淘帝","110/07/13","日盛-園區",30,0,30
"2258","2929淘帝","110/07/13","國泰-館前",3,51,-48
"2259","2929淘帝","110/07/13","元大-南投",31,1,30
"2260","2929淘帝","110/07/13","凱基-中壢",0,41,-41
"2261","2929淘帝","110/07/13","兆豐-忠孝",28,0,28
"2262","2929淘帝","110/07/13","港商野村",21,55,-34
"2263","2929淘帝","110/07/13","元大-民生",28,0,28
"2264","2929淘帝","110/07/13","華南永昌-南京",2,34,-32
"2265","2929淘帝","110/07/13","合庫-高雄",27,0,27
"2266","2929淘帝","110/07/13","群益金鼎-土城",0,30,-30
"2267","2929淘帝","110/07/13","凱基-豐中",27,0,27
"2268","2929淘帝","110/07/13","富邦-南屯",0,22,-22
"2269","2929淘帝","110/07/13","新光",21,4,17
"2270","2929淘帝","110/07/13","第一金-豐原",0,20,-20
"2271","2929淘帝","110/07/13","元大-天母",17,0,17
"2272","2929淘帝","110/07/13","元大-屏南",6,26,-20
"2273","2929淘帝","110/07/13","永興",14,0,14
"2274","2929淘帝","110/07/13","永豐金-敦南",1,21,-20
"2275","2929淘帝","110/07/13","富邦-台北",12,0,12
"2276","2929淘帝","110/07/13","凱基-三重",2,21,-19
"2277","2929淘帝","110/07/13","元大-永和",12,0,12
"2278","2929淘帝","110/07/13","富邦-仁愛",7,25,-18
"2279","2929淘帝","110/07/13","國票-天祥",11,0,11
"2280","2929淘帝","110/07/13","元大-北投",0,16,-16
"2281","5410國眾","110/07/13","兆豐-城中",274,0,274
"2282","5410國眾","110/07/13","元富-嘉義",0,103,-103
"2283","5410國眾","110/07/13","新光",50,4,46
"2284","5410國眾","110/07/13","凱基-台北",0,50,-50
"2285","5410國眾","110/07/13","國泰-台中",26,0,26
"2286","5410國眾","110/07/13","瑞士信貸",0,31,-31
"2287","5410國眾","110/07/13","新加坡商瑞銀",22,0,22
"2288","5410國眾","110/07/13","台新-新莊",0,27,-27
"2289","5410國眾","110/07/13","光和-嘉義",20,0,20
"2290","5410國眾","110/07/13","元大-汐止",0,20,-20
"2291","5410國眾","110/07/13","凱基-竹北",17,0,17
"2292","5410國眾","110/07/13","亞東-新竹",0,17,-17
"2293","5410國眾","110/07/13","新光-桃園",15,0,15
"2294","5410國眾","110/07/13","元大-南勢角",0,13,-13
"2295","5410國眾","110/07/13","凱基-台東",14,0,14
"2296","5410國眾","110/07/13","台新-台南",0,12,-12
"2297","5410國眾","110/07/13","富邦-竹北",11,0,11
"2298","5410國眾","110/07/13","中國信託",0,11,-11
"2299","5410國眾","110/07/13","元富-同大",10,0,10
"2300","5410國眾","110/07/13","華南永昌",0,11,-11
"2301","5410國眾","110/07/13","國泰-敦南",24,15,9
"2302","5410國眾","110/07/13","臺銀-臺南",0,10,-10
"2303","5410國眾","110/07/13","日盛-內湖",7,0,7
"2304","5410國眾","110/07/13","台灣企銀-民雄",0,10,-10
"2305","5410國眾","110/07/13","台新-左楠",7,0,7
"2306","5410國眾","110/07/13","高橋",0,10,-10
"2307","5410國眾","110/07/13","元大-新盛",18,12,6
"2308","5410國眾","110/07/13","康和-嘉義",0,10,-10
"2309","5410國眾","110/07/13","統一",5,0,5
"2310","5410國眾","110/07/13","凱基-基隆",0,10,-10
"2311","2841台開","110/07/13","中國信託-高雄",251,50,201
"2312","2841台開","110/07/13","兆豐-公益",0,177,-177
"2313","2841台開","110/07/13","日盛證券",210,13,197
"2314","2841台開","110/07/13","日進",0,152,-152
"2315","2841台開","110/07/13","第一金-台中",55,0,55
"2316","2841台開","110/07/13","港商野村",0,109,-109
"2317","2841台開","110/07/13","國泰-板橋",46,0,46
"2318","2841台開","110/07/13","日盛-信義",0,103,-103
"2319","2841台開","110/07/13","國泰-館前",48,3,45
"2320","2841台開","110/07/13","國泰-敦南",11,75,-64
"2321","2841台開","110/07/13","華南永昌-新莊",45,0,45
"2322","2841台開","110/07/13","永興",0,50,-50
"2323","2841台開","110/07/13","日盛-園區",42,0,42
"2324","2841台開","110/07/13","永豐金-敦南",61,104,-43
"2325","2841台開","110/07/13","台新證券",32,0,32
"2326","2841台開","110/07/13","富邦-台南",0,42,-42
"2327","2841台開","110/07/13","台新-高雄",32,2,30
"2328","2841台開","110/07/13","國票-安和",0,30,-30
"2329","2841台開","110/07/13","豐農",23,0,23
"2330","2841台開","110/07/13","元大-桃園",0,25,-25
"2331","2841台開","110/07/13","合庫-嘉義",20,0,20
"2332","2841台開","110/07/13","新光",8,32,-24
"2333","2841台開","110/07/13","華南永昌-高雄",20,0,20
"2334","2841台開","110/07/13","元大-仁愛",0,24,-24
"2335","2841台開","110/07/13","元大-樹林",16,0,16
"2336","2841台開","110/07/13","日盛-中和",0,20,-20
"2337","2841台開","110/07/13","第一金-華江",15,2,13
"2338","2841台開","110/07/13","元富",0,20,-20
"2339","2841台開","110/07/13","美商高盛",12,0,12
"2340","2841台開","110/07/13","富邦-宜蘭",0,20,-20
"2341","6207雷科","110/07/13","元大-高雄",121,0,121
"2342","6207雷科","110/07/13","華南永昌-朴子",1,60,-59
"2343","6207雷科","110/07/13","第一金-新興",20,0,20
"2344","6207雷科","110/07/13","元大-南海",0,36,-36
"2345","6207雷科","110/07/13","元富-三重",20,0,20
"2346","6207雷科","110/07/13","凱基-土城",0,35,-35
"2347","6207雷科","110/07/13","元大-林園",15,0,15
"2348","6207雷科","110/07/13","台灣企銀",0,20,-20
"2349","6207雷科","110/07/13","元大-金華",16,1,15
"2350","6207雷科","110/07/13","群益金鼎-丹鳳",0,20,-20
"2351","6207雷科","110/07/13","日盛證券",10,0,10
"2352","6207雷科","110/07/13","元大-博愛",0,17,-17
"2353","6207雷科","110/07/13","統一-台中",10,0,10
"2354","6207雷科","110/07/13","元大-北港",0,13,-13
"2355","6207雷科","110/07/13","群益金鼎-土城",10,0,10
"2356","6207雷科","110/07/13","新加坡商瑞銀",0,12,-12
"2357","6207雷科","110/07/13","群益金鼎-桃園",10,0,10
"2358","6207雷科","110/07/13","凱基-台北",4,16,-12
"2359","6207雷科","110/07/13","永豐金-新莊",10,0,10
"2360","6207雷科","110/07/13","日茂-埔里",0,11,-11
"2361","6207雷科","110/07/13","永豐金-新店",10,0,10
"2362","6207雷科","110/07/13","元大-莒光",0,11,-11
"2363","6207雷科","110/07/13","元大證券",9,0,9
"2364","6207雷科","110/07/13","統一-新竹",0,10,-10
"2365","6207雷科","110/07/13","日盛-木柵",9,1,8
"2366","6207雷科","110/07/13","元大-西螺",0,10,-10
"2367","6207雷科","110/07/13","兆豐-來福",8,0,8
"2368","6207雷科","110/07/13","康和-台中",0,8,-8
"2369","6207雷科","110/07/13","新光",7,0,7
"2370","6207雷科","110/07/13","兆豐-高雄",0,6,-6
"2371","3679新至陞","110/07/13","永豐金證券",50,0,50
"2372","3679新至陞","110/07/13","摩根大通",2,25,-23
"2373","3679新至陞","110/07/13","國泰-桃園",22,0,22
"2374","3679新至陞","110/07/13","元大-成功",0,22,-22
"2375","3679新至陞","110/07/13","台中銀-員林",11,0,11
"2376","3679新至陞","110/07/13","富邦-板橋",1,19,-18
"2377","3679新至陞","110/07/13","元大-文心興安",8,0,8
"2378","3679新至陞","110/07/13","日盛-新莊",0,10,-10
"2379","3679新至陞","110/07/13","美商高盛",6,0,6
"2380","3679新至陞","110/07/13","台新-台中",0,10,-10
"2381","3679新至陞","110/07/13","台新-高雄",6,0,6
"2382","3679新至陞","110/07/13","永豐金-新竹",0,8,-8
"2383","3679新至陞","110/07/13","凱基-台北",18,12,6
"2384","3679新至陞","110/07/13","瑞士信貸",12,19,-7
"2385","3679新至陞","110/07/13","日盛-復興",5,0,5
"2386","3679新至陞","110/07/13","統一-南京",0,7,-7
"2387","3679新至陞","110/07/13","(牛牛牛)亞-鑫豐",4,0,4
"2388","3679新至陞","110/07/13","凱基-新莊",0,7,-7
"2389","3679新至陞","110/07/13","元富-大昌",3,0,3
"2390","3679新至陞","110/07/13","新加坡商瑞銀",0,6,-6
"2391","3679新至陞","110/07/13","富邦-台北",3,0,3
"2392","3679新至陞","110/07/13","合庫-自強",0,5,-5
"2393","3679新至陞","110/07/13","日盛-樹林",2,0,2
"2394","3679新至陞","110/07/13","富邦-桃園",0,5,-5
"2395","3679新至陞","110/07/13","宏遠-光隆",2,0,2
"2396","3679新至陞","110/07/13","永豐金-潮州",0,4,-4
"2397","3679新至陞","110/07/13","美林",3,1,2
"2398","3679新至陞","110/07/13","臺銀-臺南",0,3,-3
"2399","3679新至陞","110/07/13","第一金-中壢",2,0,2
"2400","3679新至陞","110/07/13","元大-六合",0,3,-3
"2401","2727王品","110/07/13","富邦-台北",43,3,40
"2402","2727王品","110/07/13","台灣摩根士丹利",15,97,-82
"2403","2727王品","110/07/13","元大-基隆孝二",40,0,40
"2404","2727王品","110/07/13","玉山-台南",5,57,-52
"2405","2727王品","110/07/13","國票-新莊",40,1,39
"2406","2727王品","110/07/13","新加坡商瑞銀",0,48,-48
"2407","2727王品","110/07/13","第一金-豐原",66,42,24
"2408","2727王品","110/07/13","凱基-台北",41,77,-36
"2409","2727王品","110/07/13","永豐金-大園",34,10,24
"2410","2727王品","110/07/13","永豐金-永康",0,22,-22
"2411","2727王品","110/07/13","元大-北屯",22,0,22
"2412","2727王品","110/07/13","統一-台中",2,22,-20
"2413","2727王品","110/07/13","元大-東蘆",26,7,19
"2414","2727王品","110/07/13","國泰-台中",21,39,-18
"2415","2727王品","110/07/13","永豐金-萬盛",13,1,12
"2416","2727王品","110/07/13","合庫-彰化",3,20,-17
"2417","2727王品","110/07/13","日盛-嘉義",11,0,11
"2418","2727王品","110/07/13","港商野村",13,30,-17
"2419","2727王品","110/07/13","日盛-八德",11,0,11
"2420","2727王品","110/07/13","元大-楊梅",1,16,-15
"2421","2727王品","110/07/13","統一-竹南",11,0,11
"2422","2727王品","110/07/13","凱基-高美館",2,15,-13
"2423","2727王品","110/07/13","日盛-士林",12,2,10
"2424","2727王品","110/07/13","美商高盛",2,14,-12
"2425","2727王品","110/07/13","統一-敦南",10,0,10
"2426","2727王品","110/07/13","統一-平鎮",1,13,-12
"2427","2727王品","110/07/13","中國信託",15,5,10
"2428","2727王品","110/07/13","兆豐-台中港",4,16,-12
"2429","2727王品","110/07/13","兆豐-竹北",13,3,10
"2430","2727王品","110/07/13","凱基-八德",1,13,-12
"2431","1570力肯","110/07/13","新光",115,11,104
"2432","1570力肯","110/07/13","元大-北三重",0,162,-162
"2433","1570力肯","110/07/13","群益金鼎-高雄",54,0,54
"2434","1570力肯","110/07/13","元大-大灣",0,25,-25
"2435","1570力肯","110/07/13","國票-新莊",22,0,22
"2436","1570力肯","110/07/13","永豐金-苓雅",0,22,-22
"2437","1570力肯","110/07/13","日盛-桃園",12,0,12
"2438","1570力肯","110/07/13","永豐金-永康",0,19,-19
"2439","1570力肯","110/07/13","元大-高雄",12,0,12
"2440","1570力肯","110/07/13","富邦-員林",0,15,-15
"2441","1570力肯","110/07/13","合庫-自強",11,0,11
"2442","1570力肯","110/07/13","凱基-台南",0,11,-11
"2443","1570力肯","110/07/13","摩根大通",26,15,11
"2444","1570力肯","110/07/13","日盛-竹北",0,10,-10
"2445","1570力肯","110/07/13","永豐金-中盛",11,0,11
"2446","1570力肯","110/07/13","國票-九鼎",0,10,-10
"2447","1570力肯","110/07/13","兆豐-台中港",10,0,10
"2448","1570力肯","110/07/13","凱基-桃園",0,10,-10
"2449","1570力肯","110/07/13","國泰-松江",9,0,9
"2450","1570力肯","110/07/13","凱基-新豐",0,10,-10
"2451","1570力肯","110/07/13","元大-新盛",9,0,9
"2452","1570力肯","110/07/13","元大-學甲",0,10,-10
"2453","1570力肯","110/07/13","元富-緯城",6,0,6
"2454","1570力肯","110/07/13","群益金鼎-東湖",1,10,-9
"2455","1570力肯","110/07/13","統一-三重",5,0,5
"2456","1570力肯","110/07/13","大昌",0,6,-6
"2457","1570力肯","110/07/13","元大-前金",5,0,5
"2458","1570力肯","110/07/13","元大-土城學府",0,6,-6
"2459","1570力肯","110/07/13","永豐金證券",5,0,5
"2460","1570力肯","110/07/13","統一",0,5,-5
"2461","6180橘子","110/07/13","摩根大通",119,0,119
"2462","6180橘子","110/07/13","元大-崇德",2,61,-59
"2463","6180橘子","110/07/13","美商高盛",96,0,96
"2464","6180橘子","110/07/13","康和-台中",0,51,-51
"2465","6180橘子","110/07/13","新加坡商瑞銀",86,7,79
"2466","6180橘子","110/07/13","康和-台北",0,50,-50
"2467","6180橘子","110/07/13","元大-和平",40,0,40
"2468","6180橘子","110/07/13","元富-潮州",0,40,-40
"2469","6180橘子","110/07/13","凱基-台北",83,47,36
"2470","6180橘子","110/07/13","日盛-永康",0,26,-26
"2471","6180橘子","110/07/13","美林",39,5,34
"2472","6180橘子","110/07/13","永豐金-中正",0,24,-24
"2473","6180橘子","110/07/13","富邦-新竹華信",31,2,29
"2474","6180橘子","110/07/13","國泰-板橋",2,25,-23
"2475","6180橘子","110/07/13","統一-南京",21,0,21
"2476","6180橘子","110/07/13","日盛-大墩",0,20,-20
"2477","6180橘子","110/07/13","富邦-陽明",24,3,21
"2478","6180橘子","110/07/13","元大-草屯",13,32,-19
"2479","6180橘子","110/07/13","大昌-樹林",21,1,20
"2480","6180橘子","110/07/13","元富-林園",1,18,-17
"2481","6180橘子","110/07/13","花旗環球",19,0,19
"2482","6180橘子","110/07/13","新光-新竹",1,18,-17
"2483","6180橘子","110/07/13","華南永昌-台南",19,0,19
"2484","6180橘子","110/07/13","元大-土城永寧",0,17,-17
"2485","6180橘子","110/07/13","福勝",14,0,14
"2486","6180橘子","110/07/13","國泰-新莊",3,19,-16
"2487","6180橘子","110/07/13","富邦-嘉義",12,1,11
"2488","6180橘子","110/07/13","中國信託-永康",6,21,-15
"2489","6180橘子","110/07/13","元大-板橋三民",11,0,11
"2490","6180橘子","110/07/13","凱基-東港",1,15,-14
"2491","2390云辰","110/07/13","新加坡商瑞銀",562,75,487
"2492","2390云辰","110/07/13","大展-台南",0,532,-532
"2493","2390云辰","110/07/13","台灣摩根士丹利",330,155,175
"2494","2390云辰","110/07/13","凱基-台北",668,854,-186
"2495","2390云辰","110/07/13","兆豐-公益",126,25,101
"2496","2390云辰","110/07/13","凱基-三重",12,172,-160
"2497","2390云辰","110/07/13","元富-中港",100,2,98
"2498","2390云辰","110/07/13","兆豐-忠孝",4,161,-157
"2499","2390云辰","110/07/13","統一-新台中",106,9,97
"2500","2390云辰","110/07/13","元大-士林",19,170,-151
"2501","2390云辰","110/07/13","中國信託-松江",81,11,70
"2502","2390云辰","110/07/13","臺銀-新竹",14,117,-103
"2503","2390云辰","110/07/13","日盛-板橋",72,3,69
"2504","2390云辰","110/07/13","國票-台中",4,102,-98
"2505","2390云辰","110/07/13","日盛-和美",57,0,57
"2506","2390云辰","110/07/13","新光",147,232,-85
"2507","2390云辰","110/07/13","永豐金-桃園",88,36,52
"2508","2390云辰","110/07/13","致和-崇德",2,70,-68
"2509","2390云辰","110/07/13","玉山-士林",54,4,50
"2510","2390云辰","110/07/13","群益金鼎-屏東",2,70,-68
"2511","2390云辰","110/07/13","富邦-仁愛",56,6,50
"2512","2390云辰","110/07/13","元大-大里",35,98,-63
"2513","2390云辰","110/07/13","第一金-豐原",50,1,49
"2514","2390云辰","110/07/13","元大-萬華",35,94,-59
"2515","2390云辰","110/07/13","摩根大通",502,453,49
"2516","2390云辰","110/07/13","元富-吉利",2,60,-58
"2517","2390云辰","110/07/13","凱基-松山",61,13,48
"2518","2390云辰","110/07/13","兆豐-新竹",3,53,-50
"2519","2390云辰","110/07/13","大昌",64,22,42
"2520","2390云辰","110/07/13","富邦-嘉義",65,108,-43
"2521","2363矽統","110/07/13","凱基-南崁",2133,63,2070
"2522","2363矽統","110/07/13","凱基-幸福",36,4048,-4012
"2523","2363矽統","110/07/13","國泰-敦南",2195,1617,578
"2524","2363矽統","110/07/13","統一",192,3325,-3133
"2525","2363矽統","110/07/13","中農",670,139,531
"2526","2363矽統","110/07/13","新加坡商瑞銀",1000,2747,-1747
"2527","2363矽統","110/07/13","康和-台中",638,154,484
"2528","2363矽統","110/07/13","凱基-台北",5359,6609,-1250
"2529","2363矽統","110/07/13","群益金鼎-三民",577,137,440
"2530","2363矽統","110/07/13","摩根大通",1930,2858,-928
"2531","2363矽統","110/07/13","台新-屏東",510,88,422
"2532","2363矽統","110/07/13","港商野村",960,1679,-719
"2533","2363矽統","110/07/13","德信-中正",455,67,388
"2534","2363矽統","110/07/13","兆豐-復興",25,705,-680
"2535","2363矽統","110/07/13","日盛-竹北",365,70,295
"2536","2363矽統","110/07/13","統一-仁愛",114,755,-641
"2537","2363矽統","110/07/13","元大-佳里",452,189,263
"2538","2363矽統","110/07/13","統一-敦南",29,638,-609
"2539","2363矽統","110/07/13","國票-博愛",296,38,258
"2540","2363矽統","110/07/13","統一-土城",100,704,-604
"2541","2363矽統","110/07/13","元大-萬華",340,95,245
"2542","2363矽統","110/07/13","統一-城中",116,676,-560
"2543","2363矽統","110/07/13","新光",1259,1031,228
"2544","2363矽統","110/07/13","永豐金證券",306,859,-553
"2545","2363矽統","110/07/13","元富-成功",323,96,227
"2546","2363矽統","110/07/13","元富",54,567,-513
"2547","2363矽統","110/07/13","豐農",228,23,205
"2548","2363矽統","110/07/13","瑞士信貸",202,666,-464
"2549","2363矽統","110/07/13","台灣企銀-岡山",186,4,182
"2550","2363矽統","110/07/13","永豐金-嘉義",67,468,-401
"2551","8112至上","110/07/13","摩根大通",688,296,392
"2552","8112至上","110/07/13","國票-中和",0,401,-401
"2553","8112至上","110/07/13","港商野村",344,145,199
"2554","8112至上","110/07/13","永豐金-板盛",0,205,-205
"2555","8112至上","110/07/13","兆豐-公益",195,5,190
"2556","8112至上","110/07/13","凱基-五股",43,155,-112
"2557","8112至上","110/07/13","台灣摩根士丹利",183,0,183
"2558","8112至上","110/07/13","凱基-市政",0,100,-100
"2559","8112至上","110/07/13","群益金鼎-敦南",153,2,151
"2560","8112至上","110/07/13","元大-大里德芳",1,92,-91
"2561","8112至上","110/07/13","臺銀-金山",146,26,120
"2562","8112至上","110/07/13","玉山-桃園",26,110,-84
"2563","8112至上","110/07/13","臺銀",133,19,114
"2564","8112至上","110/07/13","兆豐-天母",0,81,-81
"2565","8112至上","110/07/13","合庫-台中",115,6,109
"2566","8112至上","110/07/13","凱基-城中",3,84,-81
"2567","8112至上","110/07/13","亞東-板橋",134,26,108
"2568","8112至上","110/07/13","日盛-新莊",9,85,-76
"2569","8112至上","110/07/13","凱基-台北",414,326,88
"2570","8112至上","110/07/13","日盛-台中",2,64,-62
"2571","8112至上","110/07/13","新加坡商瑞銀",181,100,81
"2572","8112至上","110/07/13","日盛-中壢",3,64,-61
"2573","8112至上","110/07/13","國泰-敦南",108,31,77
"2574","8112至上","110/07/13","元大-台中",2,59,-57
"2575","8112至上","110/07/13","第一金-華江",77,4,73
"2576","8112至上","110/07/13","元大-雙和",7,64,-57
"2577","8112至上","110/07/13","永豐金-內湖",73,1,72
"2578","8112至上","110/07/13","元大-高雄",8,62,-54
"2579","8112至上","110/07/13","元大-永和",68,1,67
"2580","8112至上","110/07/13","元大-館前",2,55,-53
"2581","1570力肯","110/07/13","新光",115,11,104
"2582","1570力肯","110/07/13","元大-北三重",0,162,-162
"2583","1570力肯","110/07/13","群益金鼎-高雄",54,0,54
"2584","1570力肯","110/07/13","元大-大灣",0,25,-25
"2585","1570力肯","110/07/13","國票-新莊",22,0,22
"2586","1570力肯","110/07/13","永豐金-苓雅",0,22,-22
"2587","1570力肯","110/07/13","日盛-桃園",12,0,12
"2588","1570力肯","110/07/13","永豐金-永康",0,19,-19
"2589","1570力肯","110/07/13","元大-高雄",12,0,12
"2590","1570力肯","110/07/13","富邦-員林",0,15,-15
"2591","1570力肯","110/07/13","合庫-自強",11,0,11
"2592","1570力肯","110/07/13","凱基-台南",0,11,-11
"2593","1570力肯","110/07/13","摩根大通",26,15,11
"2594","1570力肯","110/07/13","日盛-竹北",0,10,-10
"2595","1570力肯","110/07/13","永豐金-中盛",11,0,11
"2596","1570力肯","110/07/13","國票-九鼎",0,10,-10
"2597","1570力肯","110/07/13","兆豐-台中港",10,0,10
"2598","1570力肯","110/07/13","凱基-桃園",0,10,-10
"2599","1570力肯","110/07/13","國泰-松江",9,0,9
"2600","1570力肯","110/07/13","凱基-新豐",0,10,-10
"2601","1570力肯","110/07/13","元大-新盛",9,0,9
"2602","1570力肯","110/07/13","元大-學甲",0,10,-10
"2603","1570力肯","110/07/13","元富-緯城",6,0,6
"2604","1570力肯","110/07/13","群益金鼎-東湖",1,10,-9
"2605","1570力肯","110/07/13","統一-三重",5,0,5
"2606","1570力肯","110/07/13","大昌",0,6,-6
"2607","1570力肯","110/07/13","元大-前金",5,0,5
"2608","1570力肯","110/07/13","元大-土城學府",0,6,-6
"2609","1570力肯","110/07/13","永豐金證券",5,0,5
"2610","1570力肯","110/07/13","統一",0,5,-5
"2611","2929淘帝","110/07/13","玉山-新竹",130,0,130
"2612","2929淘帝","110/07/13","美商高盛",0,177,-177
"2613","2929淘帝","110/07/13","臺銀-民權",60,0,60
"2614","2929淘帝","110/07/13","凱基-台北",6,80,-74
"2615","2929淘帝","110/07/13","新百王",31,0,31
"2616","2929淘帝","110/07/13","元富-大裕",0,49,-49
"2617","2929淘帝","110/07/13","日盛-園區",30,0,30
"2618","2929淘帝","110/07/13","國泰-館前",3,51,-48
"2619","2929淘帝","110/07/13","元大-南投",31,1,30
"2620","2929淘帝","110/07/13","凱基-中壢",0,41,-41
"2621","2929淘帝","110/07/13","兆豐-忠孝",28,0,28
"2622","2929淘帝","110/07/13","港商野村",21,55,-34
"2623","2929淘帝","110/07/13","元大-民生",28,0,28
"2624","2929淘帝","110/07/13","華南永昌-南京",2,34,-32
"2625","2929淘帝","110/07/13","合庫-高雄",27,0,27
"2626","2929淘帝","110/07/13","群益金鼎-土城",0,30,-30
"2627","2929淘帝","110/07/13","凱基-豐中",27,0,27
"2628","2929淘帝","110/07/13","富邦-南屯",0,22,-22
"2629","2929淘帝","110/07/13","新光",21,4,17
"2630","2929淘帝","110/07/13","第一金-豐原",0,20,-20
"2631","2929淘帝","110/07/13","元大-天母",17,0,17
"2632","2929淘帝","110/07/13","元大-屏南",6,26,-20
"2633","2929淘帝","110/07/13","永興",14,0,14
"2634","2929淘帝","110/07/13","永豐金-敦南",1,21,-20
"2635","2929淘帝","110/07/13","富邦-台北",12,0,12
"2636","2929淘帝","110/07/13","凱基-三重",2,21,-19
"2637","2929淘帝","110/07/13","元大-永和",12,0,12
"2638","2929淘帝","110/07/13","富邦-仁愛",7,25,-18
"2639","2929淘帝","110/07/13","國票-天祥",11,0,11
"2640","2929淘帝","110/07/13","元大-北投",0,16,-16
"2641","5410國眾","110/07/13","兆豐-城中",274,0,274
"2642","5410國眾","110/07/13","元富-嘉義",0,103,-103
"2643","5410國眾","110/07/13","新光",50,4,46
"2644","5410國眾","110/07/13","凱基-台北",0,50,-50
"2645","5410國眾","110/07/13","國泰-台中",26,0,26
"2646","5410國眾","110/07/13","瑞士信貸",0,31,-31
"2647","5410國眾","110/07/13","新加坡商瑞銀",22,0,22
"2648","5410國眾","110/07/13","台新-新莊",0,27,-27
"2649","5410國眾","110/07/13","光和-嘉義",20,0,20
"2650","5410國眾","110/07/13","元大-汐止",0,20,-20
"2651","5410國眾","110/07/13","凱基-竹北",17,0,17
"2652","5410國眾","110/07/13","亞東-新竹",0,17,-17
"2653","5410國眾","110/07/13","新光-桃園",15,0,15
"2654","5410國眾","110/07/13","元大-南勢角",0,13,-13
"2655","5410國眾","110/07/13","凱基-台東",14,0,14
"2656","5410國眾","110/07/13","台新-台南",0,12,-12
"2657","5410國眾","110/07/13","富邦-竹北",11,0,11
"2658","5410國眾","110/07/13","中國信託",0,11,-11
"2659","5410國眾","110/07/13","元富-同大",10,0,10
"2660","5410國眾","110/07/13","華南永昌",0,11,-11
"2661","5410國眾","110/07/13","國泰-敦南",24,15,9
"2662","5410國眾","110/07/13","臺銀-臺南",0,10,-10
"2663","5410國眾","110/07/13","日盛-內湖",7,0,7
"2664","5410國眾","110/07/13","台灣企銀-民雄",0,10,-10
"2665","5410國眾","110/07/13","台新-左楠",7,0,7
"2666","5410國眾","110/07/13","高橋",0,10,-10
"2667","5410國眾","110/07/13","元大-新盛",18,12,6
"2668","5410國眾","110/07/13","康和-嘉義",0,10,-10
"2669","5410國眾","110/07/13","統一",5,0,5
"2670","5410國眾","110/07/13","凱基-基隆",0,10,-10
"2671","2841台開","110/07/13","中國信託-高雄",251,50,201
"2672","2841台開","110/07/13","兆豐-公益",0,177,-177
"2673","2841台開","110/07/13","日盛證券",210,13,197
"2674","2841台開","110/07/13","日進",0,152,-152
"2675","2841台開","110/07/13","第一金-台中",55,0,55
"2676","2841台開","110/07/13","港商野村",0,109,-109
"2677","2841台開","110/07/13","國泰-板橋",46,0,46
"2678","2841台開","110/07/13","日盛-信義",0,103,-103
"2679","2841台開","110/07/13","國泰-館前",48,3,45
"2680","2841台開","110/07/13","國泰-敦南",11,75,-64
"2681","2841台開","110/07/13","華南永昌-新莊",45,0,45
"2682","2841台開","110/07/13","永興",0,50,-50
"2683","2841台開","110/07/13","日盛-園區",42,0,42
"2684","2841台開","110/07/13","永豐金-敦南",61,104,-43
"2685","2841台開","110/07/13","台新證券",32,0,32
"2686","2841台開","110/07/13","富邦-台南",0,42,-42
"2687","2841台開","110/07/13","台新-高雄",32,2,30
"2688","2841台開","110/07/13","國票-安和",0,30,-30
"2689","2841台開","110/07/13","豐農",23,0,23
"2690","2841台開","110/07/13","元大-桃園",0,25,-25
"2691","2841台開","110/07/13","合庫-嘉義",20,0,20
"2692","2841台開","110/07/13","新光",8,32,-24
"2693","2841台開","110/07/13","華南永昌-高雄",20,0,20
"2694","2841台開","110/07/13","元大-仁愛",0,24,-24
"2695","2841台開","110/07/13","元大-樹林",16,0,16
"2696","2841台開","110/07/13","日盛-中和",0,20,-20
"2697","2841台開","110/07/13","第一金-華江",15,2,13
"2698","2841台開","110/07/13","元富",0,20,-20
"2699","2841台開","110/07/13","美商高盛",12,0,12
"2700","2841台開","110/07/13","富邦-宜蘭",0,20,-20
"2701","6207雷科","110/07/13","元大-高雄",121,0,121
"2702","6207雷科","110/07/13","華南永昌-朴子",1,60,-59
"2703","6207雷科","110/07/13","第一金-新興",20,0,20
"2704","6207雷科","110/07/13","元大-南海",0,36,-36
"2705","6207雷科","110/07/13","元富-三重",20,0,20
"2706","6207雷科","110/07/13","凱基-土城",0,35,-35
"2707","6207雷科","110/07/13","元大-林園",15,0,15
"2708","6207雷科","110/07/13","台灣企銀",0,20,-20
"2709","6207雷科","110/07/13","元大-金華",16,1,15
"2710","6207雷科","110/07/13","群益金鼎-丹鳳",0,20,-20
"2711","6207雷科","110/07/13","日盛證券",10,0,10
"2712","6207雷科","110/07/13","元大-博愛",0,17,-17
"2713","6207雷科","110/07/13","統一-台中",10,0,10
"2714","6207雷科","110/07/13","元大-北港",0,13,-13
"2715","6207雷科","110/07/13","群益金鼎-土城",10,0,10
"2716","6207雷科","110/07/13","新加坡商瑞銀",0,12,-12
"2717","6207雷科","110/07/13","群益金鼎-桃園",10,0,10
"2718","6207雷科","110/07/13","凱基-台北",4,16,-12
"2719","6207雷科","110/07/13","永豐金-新莊",10,0,10
"2720","6207雷科","110/07/13","日茂-埔里",0,11,-11
"2721","6207雷科","110/07/13","永豐金-新店",10,0,10
"2722","6207雷科","110/07/13","元大-莒光",0,11,-11
"2723","6207雷科","110/07/13","元大證券",9,0,9
"2724","6207雷科","110/07/13","統一-新竹",0,10,-10
"2725","6207雷科","110/07/13","日盛-木柵",9,1,8
"2726","6207雷科","110/07/13","元大-西螺",0,10,-10
"2727","6207雷科","110/07/13","兆豐-來福",8,0,8
"2728","6207雷科","110/07/13","康和-台中",0,8,-8
"2729","6207雷科","110/07/13","新光",7,0,7
"2730","6207雷科","110/07/13","兆豐-高雄",0,6,-6
"2731","3679新至陞","110/07/13","永豐金證券",50,0,50
"2732","3679新至陞","110/07/13","摩根大通",2,25,-23
"2733","3679新至陞","110/07/13","國泰-桃園",22,0,22
"2734","3679新至陞","110/07/13","元大-成功",0,22,-22
"2735","3679新至陞","110/07/13","台中銀-員林",11,0,11
"2736","3679新至陞","110/07/13","富邦-板橋",1,19,-18
"2737","3679新至陞","110/07/13","元大-文心興安",8,0,8
"2738","3679新至陞","110/07/13","日盛-新莊",0,10,-10
"2739","3679新至陞","110/07/13","美商高盛",6,0,6
"2740","3679新至陞","110/07/13","台新-台中",0,10,-10
"2741","3679新至陞","110/07/13","台新-高雄",6,0,6
"2742","3679新至陞","110/07/13","永豐金-新竹",0,8,-8
"2743","3679新至陞","110/07/13","凱基-台北",18,12,6
"2744","3679新至陞","110/07/13","瑞士信貸",12,19,-7
"2745","3679新至陞","110/07/13","日盛-復興",5,0,5
"2746","3679新至陞","110/07/13","統一-南京",0,7,-7
"2747","3679新至陞","110/07/13","(牛牛牛)亞-鑫豐",4,0,4
"2748","3679新至陞","110/07/13","凱基-新莊",0,7,-7
"2749","3679新至陞","110/07/13","元富-大昌",3,0,3
"2750","3679新至陞","110/07/13","新加坡商瑞銀",0,6,-6
"2751","3679新至陞","110/07/13","富邦-台北",3,0,3
"2752","3679新至陞","110/07/13","合庫-自強",0,5,-5
"2753","3679新至陞","110/07/13","日盛-樹林",2,0,2
"2754","3679新至陞","110/07/13","富邦-桃園",0,5,-5
"2755","3679新至陞","110/07/13","宏遠-光隆",2,0,2
"2756","3679新至陞","110/07/13","永豐金-潮州",0,4,-4
"2757","3679新至陞","110/07/13","美林",3,1,2
"2758","3679新至陞","110/07/13","臺銀-臺南",0,3,-3
"2759","3679新至陞","110/07/13","第一金-中壢",2,0,2
"2760","3679新至陞","110/07/13","元大-六合",0,3,-3
"2761","2727王品","110/07/13","富邦-台北",43,3,40
"2762","2727王品","110/07/13","台灣摩根士丹利",15,97,-82
"2763","2727王品","110/07/13","元大-基隆孝二",40,0,40
"2764","2727王品","110/07/13","玉山-台南",5,57,-52
"2765","2727王品","110/07/13","國票-新莊",40,1,39
"2766","2727王品","110/07/13","新加坡商瑞銀",0,48,-48
"2767","2727王品","110/07/13","第一金-豐原",66,42,24
"2768","2727王品","110/07/13","凱基-台北",41,77,-36
"2769","2727王品","110/07/13","永豐金-大園",34,10,24
"2770","2727王品","110/07/13","永豐金-永康",0,22,-22
"2771","2727王品","110/07/13","元大-北屯",22,0,22
"2772","2727王品","110/07/13","統一-台中",2,22,-20
"2773","2727王品","110/07/13","元大-東蘆",26,7,19
"2774","2727王品","110/07/13","國泰-台中",21,39,-18
"2775","2727王品","110/07/13","永豐金-萬盛",13,1,12
"2776","2727王品","110/07/13","合庫-彰化",3,20,-17
"2777","2727王品","110/07/13","日盛-嘉義",11,0,11
"2778","2727王品","110/07/13","港商野村",13,30,-17
"2779","2727王品","110/07/13","日盛-八德",11,0,11
"2780","2727王品","110/07/13","元大-楊梅",1,16,-15
"2781","2727王品","110/07/13","統一-竹南",11,0,11
"2782","2727王品","110/07/13","凱基-高美館",2,15,-13
"2783","2727王品","110/07/13","日盛-士林",12,2,10
"2784","2727王品","110/07/13","美商高盛",2,14,-12
"2785","2727王品","110/07/13","統一-敦南",10,0,10
"2786","2727王品","110/07/13","統一-平鎮",1,13,-12
"2787","2727王品","110/07/13","中國信託",15,5,10
"2788","2727王品","110/07/13","兆豐-台中港",4,16,-12
"2789","2727王品","110/07/13","兆豐-竹北",13,3,10
"2790","2727王品","110/07/13","凱基-八德",1,13,-12
"2791","1570力肯","110/07/13","新光",115,11,104
"2792","1570力肯","110/07/13","元大-北三重",0,162,-162
"2793","1570力肯","110/07/13","群益金鼎-高雄",54,0,54
"2794","1570力肯","110/07/13","元大-大灣",0,25,-25
"2795","1570力肯","110/07/13","國票-新莊",22,0,22
"2796","1570力肯","110/07/13","永豐金-苓雅",0,22,-22
"2797","1570力肯","110/07/13","日盛-桃園",12,0,12
"2798","1570力肯","110/07/13","永豐金-永康",0,19,-19
"2799","1570力肯","110/07/13","元大-高雄",12,0,12
"2800","1570力肯","110/07/13","富邦-員林",0,15,-15
"2801","1570力肯","110/07/13","合庫-自強",11,0,11
"2802","1570力肯","110/07/13","凱基-台南",0,11,-11
"2803","1570力肯","110/07/13","摩根大通",26,15,11
"2804","1570力肯","110/07/13","日盛-竹北",0,10,-10
"2805","1570力肯","110/07/13","永豐金-中盛",11,0,11
"2806","1570力肯","110/07/13","國票-九鼎",0,10,-10
"2807","1570力肯","110/07/13","兆豐-台中港",10,0,10
"2808","1570力肯","110/07/13","凱基-桃園",0,10,-10
"2809","1570力肯","110/07/13","國泰-松江",9,0,9
"2810","1570力肯","110/07/13","凱基-新豐",0,10,-10
"2811","1570力肯","110/07/13","元大-新盛",9,0,9
"2812","1570力肯","110/07/13","元大-學甲",0,10,-10
"2813","1570力肯","110/07/13","元富-緯城",6,0,6
"2814","1570力肯","110/07/13","群益金鼎-東湖",1,10,-9
"2815","1570力肯","110/07/13","統一-三重",5,0,5
"2816","1570力肯","110/07/13","大昌",0,6,-6
"2817","1570力肯","110/07/13","元大-前金",5,0,5
"2818","1570力肯","110/07/13","元大-土城學府",0,6,-6
"2819","1570力肯","110/07/13","永豐金證券",5,0,5
"2820","1570力肯","110/07/13","統一",0,5,-5
"2821","6180橘子","110/07/13","摩根大通",119,0,119
"2822","6180橘子","110/07/13","元大-崇德",2,61,-59
"2823","6180橘子","110/07/13","美商高盛",96,0,96
"2824","6180橘子","110/07/13","康和-台中",0,51,-51
"2825","6180橘子","110/07/13","新加坡商瑞銀",86,7,79
"2826","6180橘子","110/07/13","康和-台北",0,50,-50
"2827","6180橘子","110/07/13","元大-和平",40,0,40
"2828","6180橘子","110/07/13","元富-潮州",0,40,-40
"2829","6180橘子","110/07/13","凱基-台北",83,47,36
"2830","6180橘子","110/07/13","日盛-永康",0,26,-26
"2831","6180橘子","110/07/13","美林",39,5,34
"2832","6180橘子","110/07/13","永豐金-中正",0,24,-24
"2833","6180橘子","110/07/13","富邦-新竹華信",31,2,29
"2834","6180橘子","110/07/13","國泰-板橋",2,25,-23
"2835","6180橘子","110/07/13","統一-南京",21,0,21
"2836","6180橘子","110/07/13","日盛-大墩",0,20,-20
"2837","6180橘子","110/07/13","富邦-陽明",24,3,21
"2838","6180橘子","110/07/13","元大-草屯",13,32,-19
"2839","6180橘子","110/07/13","大昌-樹林",21,1,20
"2840","6180橘子","110/07/13","元富-林園",1,18,-17
"2841","6180橘子","110/07/13","花旗環球",19,0,19
"2842","6180橘子","110/07/13","新光-新竹",1,18,-17
"2843","6180橘子","110/07/13","華南永昌-台南",19,0,19
"2844","6180橘子","110/07/13","元大-土城永寧",0,17,-17
"2845","6180橘子","110/07/13","福勝",14,0,14
"2846","6180橘子","110/07/13","國泰-新莊",3,19,-16
"2847","6180橘子","110/07/13","富邦-嘉義",12,1,11
"2848","6180橘子","110/07/13","中國信託-永康",6,21,-15
"2849","6180橘子","110/07/13","元大-板橋三民",11,0,11
"2850","6180橘子","110/07/13","凱基-東港",1,15,-14
"2851","2390云辰","110/07/13","新加坡商瑞銀",562,75,487
"2852","2390云辰","110/07/13","大展-台南",0,532,-532
"2853","2390云辰","110/07/13","台灣摩根士丹利",330,155,175
"2854","2390云辰","110/07/13","凱基-台北",668,854,-186
"2855","2390云辰","110/07/13","兆豐-公益",126,25,101
"2856","2390云辰","110/07/13","凱基-三重",12,172,-160
"2857","2390云辰","110/07/13","元富-中港",100,2,98
"2858","2390云辰","110/07/13","兆豐-忠孝",4,161,-157
"2859","2390云辰","110/07/13","統一-新台中",106,9,97
"2860","2390云辰","110/07/13","元大-士林",19,170,-151
"2861","2390云辰","110/07/13","中國信託-松江",81,11,70
"2862","2390云辰","110/07/13","臺銀-新竹",14,117,-103
"2863","2390云辰","110/07/13","日盛-板橋",72,3,69
"2864","2390云辰","110/07/13","國票-台中",4,102,-98
"2865","2390云辰","110/07/13","日盛-和美",57,0,57
"2866","2390云辰","110/07/13","新光",147,232,-85
"2867","2390云辰","110/07/13","永豐金-桃園",88,36,52
"2868","2390云辰","110/07/13","致和-崇德",2,70,-68
"2869","2390云辰","110/07/13","玉山-士林",54,4,50
"2870","2390云辰","110/07/13","群益金鼎-屏東",2,70,-68
"2871","2390云辰","110/07/13","富邦-仁愛",56,6,50
"2872","2390云辰","110/07/13","元大-大里",35,98,-63
"2873","2390云辰","110/07/13","第一金-豐原",50,1,49
"2874","2390云辰","110/07/13","元大-萬華",35,94,-59
"2875","2390云辰","110/07/13","摩根大通",502,453,49
"2876","2390云辰","110/07/13","元富-吉利",2,60,-58
"2877","2390云辰","110/07/13","凱基-松山",61,13,48
"2878","2390云辰","110/07/13","兆豐-新竹",3,53,-50
"2879","2390云辰","110/07/13","大昌",64,22,42
"2880","2390云辰","110/07/13","富邦-嘉義",65,108,-43
"2881","2363矽統","110/07/13","凱基-南崁",2133,63,2070
"2882","2363矽統","110/07/13","凱基-幸福",36,4048,-4012
"2883","2363矽統","110/07/13","國泰-敦南",2195,1617,578
"2884","2363矽統","110/07/13","統一",192,3325,-3133
"2885","2363矽統","110/07/13","中農",670,139,531
"2886","2363矽統","110/07/13","新加坡商瑞銀",1000,2747,-1747
"2887","2363矽統","110/07/13","康和-台中",638,154,484
"2888","2363矽統","110/07/13","凱基-台北",5359,6609,-1250
"2889","2363矽統","110/07/13","群益金鼎-三民",577,137,440
"2890","2363矽統","110/07/13","摩根大通",1930,2858,-928
"2891","2363矽統","110/07/13","台新-屏東",510,88,422
"2892","2363矽統","110/07/13","港商野村",960,1679,-719
"2893","2363矽統","110/07/13","德信-中正",455,67,388
"2894","2363矽統","110/07/13","兆豐-復興",25,705,-680
"2895","2363矽統","110/07/13","日盛-竹北",365,70,295
"2896","2363矽統","110/07/13","統一-仁愛",114,755,-641
"2897","2363矽統","110/07/13","元大-佳里",452,189,263
"2898","2363矽統","110/07/13","統一-敦南",29,638,-609
"2899","2363矽統","110/07/13","國票-博愛",296,38,258
"2900","2363矽統","110/07/13","統一-土城",100,704,-604
"2901","2363矽統","110/07/13","元大-萬華",340,95,245
"2902","2363矽統","110/07/13","統一-城中",116,676,-560
"2903","2363矽統","110/07/13","新光",1259,1031,228
"2904","2363矽統","110/07/13","永豐金證券",306,859,-553
"2905","2363矽統","110/07/13","元富-成功",323,96,227
"2906","2363矽統","110/07/13","元富",54,567,-513
"2907","2363矽統","110/07/13","豐農",228,23,205
"2908","2363矽統","110/07/13","瑞士信貸",202,666,-464
"2909","2363矽統","110/07/13","台灣企銀-岡山",186,4,182
"2910","2363矽統","110/07/13","永豐金-嘉義",67,468,-401
"2911","2363矽統","110/07/13","凱基-南崁",2133,63,2070
"2912","2363矽統","110/07/13","凱基-幸福",36,4048,-4012
"2913","2363矽統","110/07/13","國泰-敦南",2195,1617,578
"2914","2363矽統","110/07/13","統一",192,3325,-3133
"2915","2363矽統","110/07/13","中農",670,139,531
"2916","2363矽統","110/07/13","新加坡商瑞銀",1000,2747,-1747
"2917","2363矽統","110/07/13","康和-台中",638,154,484
"2918","2363矽統","110/07/13","凱基-台北",5359,6609,-1250
"2919","2363矽統","110/07/13","群益金鼎-三民",577,137,440
"2920","2363矽統","110/07/13","摩根大通",1930,2858,-928
"2921","2363矽統","110/07/13","台新-屏東",510,88,422
"2922","2363矽統","110/07/13","港商野村",960,1679,-719
"2923","2363矽統","110/07/13","德信-中正",455,67,388
"2924","2363矽統","110/07/13","兆豐-復興",25,705,-680
"2925","2363矽統","110/07/13","日盛-竹北",365,70,295
"2926","2363矽統","110/07/13","統一-仁愛",114,755,-641
"2927","2363矽統","110/07/13","元大-佳里",452,189,263
"2928","2363矽統","110/07/13","統一-敦南",29,638,-609
"2929","2363矽統","110/07/13","國票-博愛",296,38,258
"2930","2363矽統","110/07/13","統一-土城",100,704,-604
"2931","2363矽統","110/07/13","元大-萬華",340,95,245
"2932","2363矽統","110/07/13","統一-城中",116,676,-560
"2933","2363矽統","110/07/13","新光",1259,1031,228
"2934","2363矽統","110/07/13","永豐金證券",306,859,-553
"2935","2363矽統","110/07/13","元富-成功",323,96,227
"2936","2363矽統","110/07/13","元富",54,567,-513
"2937","2363矽統","110/07/13","豐農",228,23,205
"2938","2363矽統","110/07/13","瑞士信貸",202,666,-464
"2939","2363矽統","110/07/13","台灣企銀-岡山",186,4,182
"2940","2363矽統","110/07/13","永豐金-嘉義",67,468,-401
"2941","2363矽統","110/07/13","凱基-南崁",2133,63,2070
"2942","2363矽統","110/07/13","凱基-幸福",36,4048,-4012
"2943","2363矽統","110/07/13","國泰-敦南",2195,1617,578
"2944","2363矽統","110/07/13","統一",192,3325,-3133
"2945","2363矽統","110/07/13","中農",670,139,531
"2946","2363矽統","110/07/13","新加坡商瑞銀",1000,2747,-1747
"2947","2363矽統","110/07/13","康和-台中",638,154,484
"2948","2363矽統","110/07/13","凱基-台北",5359,6609,-1250
"2949","2363矽統","110/07/13","群益金鼎-三民",577,137,440
"2950","2363矽統","110/07/13","摩根大通",1930,2858,-928
"2951","2363矽統","110/07/13","台新-屏東",510,88,422
"2952","2363矽統","110/07/13","港商野村",960,1679,-719
"2953","2363矽統","110/07/13","德信-中正",455,67,388
"2954","2363矽統","110/07/13","兆豐-復興",25,705,-680
"2955","2363矽統","110/07/13","日盛-竹北",365,70,295
"2956","2363矽統","110/07/13","統一-仁愛",114,755,-641
"2957","2363矽統","110/07/13","元大-佳里",452,189,263
"2958","2363矽統","110/07/13","統一-敦南",29,638,-609
"2959","2363矽統","110/07/13","國票-博愛",296,38,258
"2960","2363矽統","110/07/13","統一-土城",100,704,-604
"2961","2363矽統","110/07/13","元大-萬華",340,95,245
"2962","2363矽統","110/07/13","統一-城中",116,676,-560
"2963","2363矽統","110/07/13","新光",1259,1031,228
"2964","2363矽統","110/07/13","永豐金證券",306,859,-553
"2965","2363矽統","110/07/13","元富-成功",323,96,227
"2966","2363矽統","110/07/13","元富",54,567,-513
"2967","2363矽統","110/07/13","豐農",228,23,205
"2968","2363矽統","110/07/13","瑞士信貸",202,666,-464
"2969","2363矽統","110/07/13","台灣企銀-岡山",186,4,182
"2970","2363矽統","110/07/13","永豐金-嘉義",67,468,-401
"2971","1570力肯","110/07/13","新光",115,11,104
"2972","1570力肯","110/07/13","元大-北三重",0,162,-162
"2973","1570力肯","110/07/13","群益金鼎-高雄",54,0,54
"2974","1570力肯","110/07/13","元大-大灣",0,25,-25
"2975","1570力肯","110/07/13","國票-新莊",22,0,22
"2976","1570力肯","110/07/13","永豐金-苓雅",0,22,-22
"2977","1570力肯","110/07/13","日盛-桃園",12,0,12
"2978","1570力肯","110/07/13","永豐金-永康",0,19,-19
"2979","1570力肯","110/07/13","元大-高雄",12,0,12
"2980","1570力肯","110/07/13","富邦-員林",0,15,-15
"2981","1570力肯","110/07/13","合庫-自強",11,0,11
"2982","1570力肯","110/07/13","凱基-台南",0,11,-11
"2983","1570力肯","110/07/13","摩根大通",26,15,11
"2984","1570力肯","110/07/13","日盛-竹北",0,10,-10
"2985","1570力肯","110/07/13","永豐金-中盛",11,0,11
"2986","1570力肯","110/07/13","國票-九鼎",0,10,-10
"2987","1570力肯","110/07/13","兆豐-台中港",10,0,10
"2988","1570力肯","110/07/13","凱基-桃園",0,10,-10
"2989","1570力肯","110/07/13","國泰-松江",9,0,9
"2990","1570力肯","110/07/13","凱基-新豐",0,10,-10
"2991","1570力肯","110/07/13","元大-新盛",9,0,9
"2992","1570力肯","110/07/13","元大-學甲",0,10,-10
"2993","1570力肯","110/07/13","元富-緯城",6,0,6
"2994","1570力肯","110/07/13","群益金鼎-東湖",1,10,-9
"2995","1570力肯","110/07/13","統一-三重",5,0,5
"2996","1570力肯","110/07/13","大昌",0,6,-6
"2997","1570力肯","110/07/13","元大-前金",5,0,5
"2998","1570力肯","110/07/13","元大-土城學府",0,6,-6
"2999","1570力肯","110/07/13","永豐金證券",5,0,5
"3000","1570力肯","110/07/13","統一",0,5,-5
"3001","1570力肯","110/07/13","新光",115,11,104
"3002","1570力肯","110/07/13","元大-北三重",0,162,-162
"3003","1570力肯","110/07/13","群益金鼎-高雄",54,0,54
"3004","1570力肯","110/07/13","元大-大灣",0,25,-25
"3005","1570力肯","110/07/13","國票-新莊",22,0,22
"3006","1570力肯","110/07/13","永豐金-苓雅",0,22,-22
"3007","1570力肯","110/07/13","日盛-桃園",12,0,12
"3008","1570力肯","110/07/13","永豐金-永康",0,19,-19
"3009","1570力肯","110/07/13","元大-高雄",12,0,12
"3010","1570力肯","110/07/13","富邦-員林",0,15,-15
"3011","1570力肯","110/07/13","合庫-自強",11,0,11
"3012","1570力肯","110/07/13","凱基-台南",0,11,-11
"3013","1570力肯","110/07/13","摩根大通",26,15,11
"3014","1570力肯","110/07/13","日盛-竹北",0,10,-10
"3015","1570力肯","110/07/13","永豐金-中盛",11,0,11
"3016","1570力肯","110/07/13","國票-九鼎",0,10,-10
"3017","1570力肯","110/07/13","兆豐-台中港",10,0,10
"3018","1570力肯","110/07/13","凱基-桃園",0,10,-10
"3019","1570力肯","110/07/13","國泰-松江",9,0,9
"3020","1570力肯","110/07/13","凱基-新豐",0,10,-10
"3021","1570力肯","110/07/13","元大-新盛",9,0,9
"3022","1570力肯","110/07/13","元大-學甲",0,10,-10
"3023","1570力肯","110/07/13","元富-緯城",6,0,6
"3024","1570力肯","110/07/13","群益金鼎-東湖",1,10,-9
"3025","1570力肯","110/07/13","統一-三重",5,0,5
"3026","1570力肯","110/07/13","大昌",0,6,-6
"3027","1570力肯","110/07/13","元大-前金",5,0,5
"3028","1570力肯","110/07/13","元大-土城學府",0,6,-6
"3029","1570力肯","110/07/13","永豐金證券",5,0,5
"3030","1570力肯","110/07/13","統一",0,5,-5
"3031","6180橘子","110/07/13","摩根大通",119,0,119
"3032","6180橘子","110/07/13","元大-崇德",2,61,-59
"3033","6180橘子","110/07/13","美商高盛",96,0,96
"3034","6180橘子","110/07/13","康和-台中",0,51,-51
"3035","6180橘子","110/07/13","新加坡商瑞銀",86,7,79
"3036","6180橘子","110/07/13","康和-台北",0,50,-50
"3037","6180橘子","110/07/13","元大-和平",40,0,40
"3038","6180橘子","110/07/13","元富-潮州",0,40,-40
"3039","6180橘子","110/07/13","凱基-台北",83,47,36
"3040","6180橘子","110/07/13","日盛-永康",0,26,-26
"3041","6180橘子","110/07/13","美林",39,5,34
"3042","6180橘子","110/07/13","永豐金-中正",0,24,-24
"3043","6180橘子","110/07/13","富邦-新竹華信",31,2,29
"3044","6180橘子","110/07/13","國泰-板橋",2,25,-23
"3045","6180橘子","110/07/13","統一-南京",21,0,21
"3046","6180橘子","110/07/13","日盛-大墩",0,20,-20
"3047","6180橘子","110/07/13","富邦-陽明",24,3,21
"3048","6180橘子","110/07/13","元大-草屯",13,32,-19
"3049","6180橘子","110/07/13","大昌-樹林",21,1,20
"3050","6180橘子","110/07/13","元富-林園",1,18,-17
"3051","6180橘子","110/07/13","花旗環球",19,0,19
"3052","6180橘子","110/07/13","新光-新竹",1,18,-17
"3053","6180橘子","110/07/13","華南永昌-台南",19,0,19
"3054","6180橘子","110/07/13","元大-土城永寧",0,17,-17
"3055","6180橘子","110/07/13","福勝",14,0,14
"3056","6180橘子","110/07/13","國泰-新莊",3,19,-16
"3057","6180橘子","110/07/13","富邦-嘉義",12,1,11
"3058","6180橘子","110/07/13","中國信託-永康",6,21,-15
"3059","6180橘子","110/07/13","元大-板橋三民",11,0,11
"3060","6180橘子","110/07/13","凱基-東港",1,15,-14
"3061","1570力肯","110/07/13","新光",115,11,104
"3062","1570力肯","110/07/13","元大-北三重",0,162,-162
"3063","1570力肯","110/07/13","群益金鼎-高雄",54,0,54
"3064","1570力肯","110/07/13","元大-大灣",0,25,-25
"3065","1570力肯","110/07/13","國票-新莊",22,0,22
"3066","1570力肯","110/07/13","永豐金-苓雅",0,22,-22
"3067","1570力肯","110/07/13","日盛-桃園",12,0,12
"3068","1570力肯","110/07/13","永豐金-永康",0,19,-19
"3069","1570力肯","110/07/13","元大-高雄",12,0,12
"3070","1570力肯","110/07/13","富邦-員林",0,15,-15
"3071","1570力肯","110/07/13","合庫-自強",11,0,11
"3072","1570力肯","110/07/13","凱基-台南",0,11,-11
"3073","1570力肯","110/07/13","摩根大通",26,15,11
"3074","1570力肯","110/07/13","日盛-竹北",0,10,-10
"3075","1570力肯","110/07/13","永豐金-中盛",11,0,11
"3076","1570力肯","110/07/13","國票-九鼎",0,10,-10
"3077","1570力肯","110/07/13","兆豐-台中港",10,0,10
"3078","1570力肯","110/07/13","凱基-桃園",0,10,-10
"3079","1570力肯","110/07/13","國泰-松江",9,0,9
"3080","1570力肯","110/07/13","凱基-新豐",0,10,-10
"3081","1570力肯","110/07/13","元大-新盛",9,0,9
"3082","1570力肯","110/07/13","元大-學甲",0,10,-10
"3083","1570力肯","110/07/13","元富-緯城",6,0,6
"3084","1570力肯","110/07/13","群益金鼎-東湖",1,10,-9
"3085","1570力肯","110/07/13","統一-三重",5,0,5
"3086","1570力肯","110/07/13","大昌",0,6,-6
"3087","1570力肯","110/07/13","元大-前金",5,0,5
"3088","1570力肯","110/07/13","元大-土城學府",0,6,-6
"3089","1570力肯","110/07/13","永豐金證券",5,0,5
"3090","1570力肯","110/07/13","統一",0,5,-5
"3091","6180橘子","110/07/13","摩根大通",119,0,119
"3092","6180橘子","110/07/13","元大-崇德",2,61,-59
"3093","6180橘子","110/07/13","美商高盛",96,0,96
"3094","6180橘子","110/07/13","康和-台中",0,51,-51
"3095","6180橘子","110/07/13","新加坡商瑞銀",86,7,79
"3096","6180橘子","110/07/13","康和-台北",0,50,-50
"3097","6180橘子","110/07/13","元大-和平",40,0,40
"3098","6180橘子","110/07/13","元富-潮州",0,40,-40
"3099","6180橘子","110/07/13","凱基-台北",83,47,36
"3100","6180橘子","110/07/13","日盛-永康",0,26,-26
"3101","6180橘子","110/07/13","美林",39,5,34
"3102","6180橘子","110/07/13","永豐金-中正",0,24,-24
"3103","6180橘子","110/07/13","富邦-新竹華信",31,2,29
"3104","6180橘子","110/07/13","國泰-板橋",2,25,-23
"3105","6180橘子","110/07/13","統一-南京",21,0,21
"3106","6180橘子","110/07/13","日盛-大墩",0,20,-20
"3107","6180橘子","110/07/13","富邦-陽明",24,3,21
"3108","6180橘子","110/07/13","元大-草屯",13,32,-19
"3109","6180橘子","110/07/13","大昌-樹林",21,1,20
"3110","6180橘子","110/07/13","元富-林園",1,18,-17
"3111","6180橘子","110/07/13","花旗環球",19,0,19
"3112","6180橘子","110/07/13","新光-新竹",1,18,-17
"3113","6180橘子","110/07/13","華南永昌-台南",19,0,19
"3114","6180橘子","110/07/13","元大-土城永寧",0,17,-17
"3115","6180橘子","110/07/13","福勝",14,0,14
"3116","6180橘子","110/07/13","國泰-新莊",3,19,-16
"3117","6180橘子","110/07/13","富邦-嘉義",12,1,11
"3118","6180橘子","110/07/13","中國信託-永康",6,21,-15
"3119","6180橘子","110/07/13","元大-板橋三民",11,0,11
"3120","6180橘子","110/07/13","凱基-東港",1,15,-14
"3121","2390云辰","110/07/13","新加坡商瑞銀",562,75,487
"3122","2390云辰","110/07/13","大展-台南",0,532,-532
"3123","2390云辰","110/07/13","台灣摩根士丹利",330,155,175
"3124","2390云辰","110/07/13","凱基-台北",668,854,-186
"3125","2390云辰","110/07/13","兆豐-公益",126,25,101
"3126","2390云辰","110/07/13","凱基-三重",12,172,-160
"3127","2390云辰","110/07/13","元富-中港",100,2,98
"3128","2390云辰","110/07/13","兆豐-忠孝",4,161,-157
"3129","2390云辰","110/07/13","統一-新台中",106,9,97
"3130","2390云辰","110/07/13","元大-士林",19,170,-151
"3131","2390云辰","110/07/13","中國信託-松江",81,11,70
"3132","2390云辰","110/07/13","臺銀-新竹",14,117,-103
"3133","2390云辰","110/07/13","日盛-板橋",72,3,69
"3134","2390云辰","110/07/13","國票-台中",4,102,-98
"3135","2390云辰","110/07/13","日盛-和美",57,0,57
"3136","2390云辰","110/07/13","新光",147,232,-85
"3137","2390云辰","110/07/13","永豐金-桃園",88,36,52
"3138","2390云辰","110/07/13","致和-崇德",2,70,-68
"3139","2390云辰","110/07/13","玉山-士林",54,4,50
"3140","2390云辰","110/07/13","群益金鼎-屏東",2,70,-68
"3141","2390云辰","110/07/13","富邦-仁愛",56,6,50
"3142","2390云辰","110/07/13","元大-大里",35,98,-63
"3143","2390云辰","110/07/13","第一金-豐原",50,1,49
"3144","2390云辰","110/07/13","元大-萬華",35,94,-59
"3145","2390云辰","110/07/13","摩根大通",502,453,49
"3146","2390云辰","110/07/13","元富-吉利",2,60,-58
"3147","2390云辰","110/07/13","凱基-松山",61,13,48
"3148","2390云辰","110/07/13","兆豐-新竹",3,53,-50
"3149","2390云辰","110/07/13","大昌",64,22,42
"3150","2390云辰","110/07/13","富邦-嘉義",65,108,-43
"3151","2363矽統","110/07/13","凱基-南崁",2133,63,2070
"3152","2363矽統","110/07/13","凱基-幸福",36,4048,-4012
"3153","2363矽統","110/07/13","國泰-敦南",2195,1617,578
"3154","2363矽統","110/07/13","統一",192,3325,-3133
"3155","2363矽統","110/07/13","中農",670,139,531
"3156","2363矽統","110/07/13","新加坡商瑞銀",1000,2747,-1747
"3157","2363矽統","110/07/13","康和-台中",638,154,484
"3158","2363矽統","110/07/13","凱基-台北",5359,6609,-1250
"3159","2363矽統","110/07/13","群益金鼎-三民",577,137,440
"3160","2363矽統","110/07/13","摩根大通",1930,2858,-928
"3161","2363矽統","110/07/13","台新-屏東",510,88,422
"3162","2363矽統","110/07/13","港商野村",960,1679,-719
"3163","2363矽統","110/07/13","德信-中正",455,67,388
"3164","2363矽統","110/07/13","兆豐-復興",25,705,-680
"3165","2363矽統","110/07/13","日盛-竹北",365,70,295
"3166","2363矽統","110/07/13","統一-仁愛",114,755,-641
"3167","2363矽統","110/07/13","元大-佳里",452,189,263
"3168","2363矽統","110/07/13","統一-敦南",29,638,-609
"3169","2363矽統","110/07/13","國票-博愛",296,38,258
"3170","2363矽統","110/07/13","統一-土城",100,704,-604
"3171","2363矽統","110/07/13","元大-萬華",340,95,245
"3172","2363矽統","110/07/13","統一-城中",116,676,-560
"3173","2363矽統","110/07/13","新光",1259,1031,228
"3174","2363矽統","110/07/13","永豐金證券",306,859,-553
"3175","2363矽統","110/07/13","元富-成功",323,96,227
"3176","2363矽統","110/07/13","元富",54,567,-513
"3177","2363矽統","110/07/13","豐農",228,23,205
"3178","2363矽統","110/07/13","瑞士信貸",202,666,-464
"3179","2363矽統","110/07/13","台灣企銀-岡山",186,4,182
"3180","2363矽統","110/07/13","永豐金-嘉義",67,468,-401
"3181","8112至上","110/07/13","摩根大通",688,296,392
"3182","8112至上","110/07/13","國票-中和",0,401,-401
"3183","8112至上","110/07/13","港商野村",344,145,199
"3184","8112至上","110/07/13","永豐金-板盛",0,205,-205
"3185","8112至上","110/07/13","兆豐-公益",195,5,190
"3186","8112至上","110/07/13","凱基-五股",43,155,-112
"3187","8112至上","110/07/13","台灣摩根士丹利",183,0,183
"3188","8112至上","110/07/13","凱基-市政",0,100,-100
"3189","8112至上","110/07/13","群益金鼎-敦南",153,2,151
"3190","8112至上","110/07/13","元大-大里德芳",1,92,-91
"3191","8112至上","110/07/13","臺銀-金山",146,26,120
"3192","8112至上","110/07/13","玉山-桃園",26,110,-84
"3193","8112至上","110/07/13","臺銀",133,19,114
"3194","8112至上","110/07/13","兆豐-天母",0,81,-81
"3195","8112至上","110/07/13","合庫-台中",115,6,109
"3196","8112至上","110/07/13","凱基-城中",3,84,-81
"3197","8112至上","110/07/13","亞東-板橋",134,26,108
"3198","8112至上","110/07/13","日盛-新莊",9,85,-76
"3199","8112至上","110/07/13","凱基-台北",414,326,88
"3200","8112至上","110/07/13","日盛-台中",2,64,-62
"3201","8112至上","110/07/13","新加坡商瑞銀",181,100,81
"3202","8112至上","110/07/13","日盛-中壢",3,64,-61
"3203","8112至上","110/07/13","國泰-敦南",108,31,77
"3204","8112至上","110/07/13","元大-台中",2,59,-57
"3205","8112至上","110/07/13","第一金-華江",77,4,73
"3206","8112至上","110/07/13","元大-雙和",7,64,-57
"3207","8112至上","110/07/13","永豐金-內湖",73,1,72
"3208","8112至上","110/07/13","元大-高雄",8,62,-54
"3209","8112至上","110/07/13","元大-永和",68,1,67
"3210","8112至上","110/07/13","元大-館前",2,55,-53
"3211","2929淘帝","110/07/13","玉山-新竹",130,0,130
"3212","2929淘帝","110/07/13","美商高盛",0,177,-177
"3213","2929淘帝","110/07/13","臺銀-民權",60,0,60
"3214","2929淘帝","110/07/13","凱基-台北",6,80,-74
"3215","2929淘帝","110/07/13","新百王",31,0,31
"3216","2929淘帝","110/07/13","元富-大裕",0,49,-49
"3217","2929淘帝","110/07/13","日盛-園區",30,0,30
"3218","2929淘帝","110/07/13","國泰-館前",3,51,-48
"3219","2929淘帝","110/07/13","元大-南投",31,1,30
"3220","2929淘帝","110/07/13","凱基-中壢",0,41,-41
"3221","2929淘帝","110/07/13","兆豐-忠孝",28,0,28
"3222","2929淘帝","110/07/13","港商野村",21,55,-34
"3223","2929淘帝","110/07/13","元大-民生",28,0,28
"3224","2929淘帝","110/07/13","華南永昌-南京",2,34,-32
"3225","2929淘帝","110/07/13","合庫-高雄",27,0,27
"3226","2929淘帝","110/07/13","群益金鼎-土城",0,30,-30
"3227","2929淘帝","110/07/13","凱基-豐中",27,0,27
"3228","2929淘帝","110/07/13","富邦-南屯",0,22,-22
"3229","2929淘帝","110/07/13","新光",21,4,17
"3230","2929淘帝","110/07/13","第一金-豐原",0,20,-20
"3231","2929淘帝","110/07/13","元大-天母",17,0,17
"3232","2929淘帝","110/07/13","元大-屏南",6,26,-20
"3233","2929淘帝","110/07/13","永興",14,0,14
"3234","2929淘帝","110/07/13","永豐金-敦南",1,21,-20
"3235","2929淘帝","110/07/13","富邦-台北",12,0,12
"3236","2929淘帝","110/07/13","凱基-三重",2,21,-19
"3237","2929淘帝","110/07/13","元大-永和",12,0,12
"3238","2929淘帝","110/07/13","富邦-仁愛",7,25,-18
"3239","2929淘帝","110/07/13","國票-天祥",11,0,11
"3240","2929淘帝","110/07/13","元大-北投",0,16,-16
"3241","2841台開","110/07/13","中國信託-高雄",251,50,201
"3242","2841台開","110/07/13","兆豐-公益",0,177,-177
"3243","2841台開","110/07/13","日盛證券",210,13,197
"3244","2841台開","110/07/13","日進",0,152,-152
"3245","2841台開","110/07/13","第一金-台中",55,0,55
"3246","2841台開","110/07/13","港商野村",0,109,-109
"3247","2841台開","110/07/13","國泰-板橋",46,0,46
"3248","2841台開","110/07/13","日盛-信義",0,103,-103
"3249","2841台開","110/07/13","國泰-館前",48,3,45
"3250","2841台開","110/07/13","國泰-敦南",11,75,-64
"3251","2841台開","110/07/13","華南永昌-新莊",45,0,45
"3252","2841台開","110/07/13","永興",0,50,-50
"3253","2841台開","110/07/13","日盛-園區",42,0,42
"3254","2841台開","110/07/13","永豐金-敦南",61,104,-43
"3255","2841台開","110/07/13","台新證券",32,0,32
"3256","2841台開","110/07/13","富邦-台南",0,42,-42
"3257","2841台開","110/07/13","台新-高雄",32,2,30
"3258","2841台開","110/07/13","國票-安和",0,30,-30
"3259","2841台開","110/07/13","豐農",23,0,23
"3260","2841台開","110/07/13","元大-桃園",0,25,-25
"3261","2841台開","110/07/13","合庫-嘉義",20,0,20
"3262","2841台開","110/07/13","新光",8,32,-24
"3263","2841台開","110/07/13","華南永昌-高雄",20,0,20
"3264","2841台開","110/07/13","元大-仁愛",0,24,-24
"3265","2841台開","110/07/13","元大-樹林",16,0,16
"3266","2841台開","110/07/13","日盛-中和",0,20,-20
"3267","2841台開","110/07/13","第一金-華江",15,2,13
"3268","2841台開","110/07/13","元富",0,20,-20
"3269","2841台開","110/07/13","美商高盛",12,0,12
"3270","2841台開","110/07/13","富邦-宜蘭",0,20,-20
"3271","6207雷科","110/07/13","元大-高雄",121,0,121
"3272","6207雷科","110/07/13","華南永昌-朴子",1,60,-59
"3273","6207雷科","110/07/13","第一金-新興",20,0,20
"3274","6207雷科","110/07/13","元大-南海",0,36,-36
"3275","6207雷科","110/07/13","元富-三重",20,0,20
"3276","6207雷科","110/07/13","凱基-土城",0,35,-35
"3277","6207雷科","110/07/13","元大-林園",15,0,15
"3278","6207雷科","110/07/13","台灣企銀",0,20,-20
"3279","6207雷科","110/07/13","元大-金華",16,1,15
"3280","6207雷科","110/07/13","群益金鼎-丹鳳",0,20,-20
"3281","6207雷科","110/07/13","日盛證券",10,0,10
"3282","6207雷科","110/07/13","元大-博愛",0,17,-17
"3283","6207雷科","110/07/13","統一-台中",10,0,10
"3284","6207雷科","110/07/13","元大-北港",0,13,-13
"3285","6207雷科","110/07/13","群益金鼎-土城",10,0,10
"3286","6207雷科","110/07/13","新加坡商瑞銀",0,12,-12
"3287","6207雷科","110/07/13","群益金鼎-桃園",10,0,10
"3288","6207雷科","110/07/13","凱基-台北",4,16,-12
"3289","6207雷科","110/07/13","永豐金-新莊",10,0,10
"3290","6207雷科","110/07/13","日茂-埔里",0,11,-11
"3291","6207雷科","110/07/13","永豐金-新店",10,0,10
"3292","6207雷科","110/07/13","元大-莒光",0,11,-11
"3293","6207雷科","110/07/13","元大證券",9,0,9
"3294","6207雷科","110/07/13","統一-新竹",0,10,-10
"3295","6207雷科","110/07/13","日盛-木柵",9,1,8
"3296","6207雷科","110/07/13","元大-西螺",0,10,-10
"3297","6207雷科","110/07/13","兆豐-來福",8,0,8
"3298","6207雷科","110/07/13","康和-台中",0,8,-8
"3299","6207雷科","110/07/13","新光",7,0,7
"3300","6207雷科","110/07/13","兆豐-高雄",0,6,-6
"3301","3679新至陞","110/07/13","永豐金證券",50,0,50
"3302","3679新至陞","110/07/13","摩根大通",2,25,-23
"3303","3679新至陞","110/07/13","國泰-桃園",22,0,22
"3304","3679新至陞","110/07/13","元大-成功",0,22,-22
"3305","3679新至陞","110/07/13","台中銀-員林",11,0,11
"3306","3679新至陞","110/07/13","富邦-板橋",1,19,-18
"3307","3679新至陞","110/07/13","元大-文心興安",8,0,8
"3308","3679新至陞","110/07/13","日盛-新莊",0,10,-10
"3309","3679新至陞","110/07/13","美商高盛",6,0,6
"3310","3679新至陞","110/07/13","台新-台中",0,10,-10
"3311","3679新至陞","110/07/13","台新-高雄",6,0,6
"3312","3679新至陞","110/07/13","永豐金-新竹",0,8,-8
"3313","3679新至陞","110/07/13","凱基-台北",18,12,6
"3314","3679新至陞","110/07/13","瑞士信貸",12,19,-7
"3315","3679新至陞","110/07/13","日盛-復興",5,0,5
"3316","3679新至陞","110/07/13","統一-南京",0,7,-7
"3317","3679新至陞","110/07/13","(牛牛牛)亞-鑫豐",4,0,4
"3318","3679新至陞","110/07/13","凱基-新莊",0,7,-7
"3319","3679新至陞","110/07/13","元富-大昌",3,0,3
"3320","3679新至陞","110/07/13","新加坡商瑞銀",0,6,-6
"3321","3679新至陞","110/07/13","富邦-台北",3,0,3
"3322","3679新至陞","110/07/13","合庫-自強",0,5,-5
"3323","3679新至陞","110/07/13","日盛-樹林",2,0,2
"3324","3679新至陞","110/07/13","富邦-桃園",0,5,-5
"3325","3679新至陞","110/07/13","宏遠-光隆",2,0,2
"3326","3679新至陞","110/07/13","永豐金-潮州",0,4,-4
"3327","3679新至陞","110/07/13","美林",3,1,2
"3328","3679新至陞","110/07/13","臺銀-臺南",0,3,-3
"3329","3679新至陞","110/07/13","第一金-中壢",2,0,2
"3330","3679新至陞","110/07/13","元大-六合",0,3,-3
"3331","2727王品","110/07/13","富邦-台北",43,3,40
"3332","2727王品","110/07/13","台灣摩根士丹利",15,97,-82
"3333","2727王品","110/07/13","元大-基隆孝二",40,0,40
"3334","2727王品","110/07/13","玉山-台南",5,57,-52
"3335","2727王品","110/07/13","國票-新莊",40,1,39
"3336","2727王品","110/07/13","新加坡商瑞銀",0,48,-48
"3337","2727王品","110/07/13","第一金-豐原",66,42,24
"3338","2727王品","110/07/13","凱基-台北",41,77,-36
"3339","2727王品","110/07/13","永豐金-大園",34,10,24
"3340","2727王品","110/07/13","永豐金-永康",0,22,-22
"3341","2727王品","110/07/13","元大-北屯",22,0,22
"3342","2727王品","110/07/13","統一-台中",2,22,-20
"3343","2727王品","110/07/13","元大-東蘆",26,7,19
"3344","2727王品","110/07/13","國泰-台中",21,39,-18
"3345","2727王品","110/07/13","永豐金-萬盛",13,1,12
"3346","2727王品","110/07/13","合庫-彰化",3,20,-17
"3347","2727王品","110/07/13","日盛-嘉義",11,0,11
"3348","2727王品","110/07/13","港商野村",13,30,-17
"3349","2727王品","110/07/13","日盛-八德",11,0,11
"3350","2727王品","110/07/13","元大-楊梅",1,16,-15
"3351","2727王品","110/07/13","統一-竹南",11,0,11
"3352","2727王品","110/07/13","凱基-高美館",2,15,-13
"3353","2727王品","110/07/13","日盛-士林",12,2,10
"3354","2727王品","110/07/13","美商高盛",2,14,-12
"3355","2727王品","110/07/13","統一-敦南",10,0,10
"3356","2727王品","110/07/13","統一-平鎮",1,13,-12
"3357","2727王品","110/07/13","中國信託",15,5,10
"3358","2727王品","110/07/13","兆豐-台中港",4,16,-12
"3359","2727王品","110/07/13","兆豐-竹北",13,3,10
"3360","2727王品","110/07/13","凱基-八德",1,13,-12
"3361","1570力肯","110/07/13","新光",115,11,104
"3362","1570力肯","110/07/13","元大-北三重",0,162,-162
"3363","1570力肯","110/07/13","群益金鼎-高雄",54,0,54
"3364","1570力肯","110/07/13","元大-大灣",0,25,-25
"3365","1570力肯","110/07/13","國票-新莊",22,0,22
"3366","1570力肯","110/07/13","永豐金-苓雅",0,22,-22
"3367","1570力肯","110/07/13","日盛-桃園",12,0,12
"3368","1570力肯","110/07/13","永豐金-永康",0,19,-19
"3369","1570力肯","110/07/13","元大-高雄",12,0,12
"3370","1570力肯","110/07/13","富邦-員林",0,15,-15
"3371","1570力肯","110/07/13","合庫-自強",11,0,11
"3372","1570力肯","110/07/13","凱基-台南",0,11,-11
"3373","1570力肯","110/07/13","摩根大通",26,15,11
"3374","1570力肯","110/07/13","日盛-竹北",0,10,-10
"3375","1570力肯","110/07/13","永豐金-中盛",11,0,11
"3376","1570力肯","110/07/13","國票-九鼎",0,10,-10
"3377","1570力肯","110/07/13","兆豐-台中港",10,0,10
"3378","1570力肯","110/07/13","凱基-桃園",0,10,-10
"3379","1570力肯","110/07/13","國泰-松江",9,0,9
"3380","1570力肯","110/07/13","凱基-新豐",0,10,-10
"3381","1570力肯","110/07/13","元大-新盛",9,0,9
"3382","1570力肯","110/07/13","元大-學甲",0,10,-10
"3383","1570力肯","110/07/13","元富-緯城",6,0,6
"3384","1570力肯","110/07/13","群益金鼎-東湖",1,10,-9
"3385","1570力肯","110/07/13","統一-三重",5,0,5
"3386","1570力肯","110/07/13","大昌",0,6,-6
"3387","1570力肯","110/07/13","元大-前金",5,0,5
"3388","1570力肯","110/07/13","元大-土城學府",0,6,-6
"3389","1570力肯","110/07/13","永豐金證券",5,0,5
"3390","1570力肯","110/07/13","統一",0,5,-5
"3391","6180橘子","110/07/13","摩根大通",119,0,119
"3392","6180橘子","110/07/13","元大-崇德",2,61,-59
"3393","6180橘子","110/07/13","美商高盛",96,0,96
"3394","6180橘子","110/07/13","康和-台中",0,51,-51
"3395","6180橘子","110/07/13","新加坡商瑞銀",86,7,79
"3396","6180橘子","110/07/13","康和-台北",0,50,-50
"3397","6180橘子","110/07/13","元大-和平",40,0,40
"3398","6180橘子","110/07/13","元富-潮州",0,40,-40
"3399","6180橘子","110/07/13","凱基-台北",83,47,36
"3400","6180橘子","110/07/13","日盛-永康",0,26,-26
"3401","6180橘子","110/07/13","美林",39,5,34
"3402","6180橘子","110/07/13","永豐金-中正",0,24,-24
"3403","6180橘子","110/07/13","富邦-新竹華信",31,2,29
"3404","6180橘子","110/07/13","國泰-板橋",2,25,-23
"3405","6180橘子","110/07/13","統一-南京",21,0,21
"3406","6180橘子","110/07/13","日盛-大墩",0,20,-20
"3407","6180橘子","110/07/13","富邦-陽明",24,3,21
"3408","6180橘子","110/07/13","元大-草屯",13,32,-19
"3409","6180橘子","110/07/13","大昌-樹林",21,1,20
"3410","6180橘子","110/07/13","元富-林園",1,18,-17
"3411","6180橘子","110/07/13","花旗環球",19,0,19
"3412","6180橘子","110/07/13","新光-新竹",1,18,-17
"3413","6180橘子","110/07/13","華南永昌-台南",19,0,19
"3414","6180橘子","110/07/13","元大-土城永寧",0,17,-17
"3415","6180橘子","110/07/13","福勝",14,0,14
"3416","6180橘子","110/07/13","國泰-新莊",3,19,-16
"3417","6180橘子","110/07/13","富邦-嘉義",12,1,11
"3418","6180橘子","110/07/13","中國信託-永康",6,21,-15
"3419","6180橘子","110/07/13","元大-板橋三民",11,0,11
"3420","6180橘子","110/07/13","凱基-東港",1,15,-14
"3421","2390云辰","110/07/13","新加坡商瑞銀",562,75,487
"3422","2390云辰","110/07/13","大展-台南",0,532,-532
"3423","2390云辰","110/07/13","台灣摩根士丹利",330,155,175
"3424","2390云辰","110/07/13","凱基-台北",668,854,-186
"3425","2390云辰","110/07/13","兆豐-公益",126,25,101
"3426","2390云辰","110/07/13","凱基-三重",12,172,-160
"3427","2390云辰","110/07/13","元富-中港",100,2,98
"3428","2390云辰","110/07/13","兆豐-忠孝",4,161,-157
"3429","2390云辰","110/07/13","統一-新台中",106,9,97
"3430","2390云辰","110/07/13","元大-士林",19,170,-151
"3431","2390云辰","110/07/13","中國信託-松江",81,11,70
"3432","2390云辰","110/07/13","臺銀-新竹",14,117,-103
"3433","2390云辰","110/07/13","日盛-板橋",72,3,69
"3434","2390云辰","110/07/13","國票-台中",4,102,-98
"3435","2390云辰","110/07/13","日盛-和美",57,0,57
"3436","2390云辰","110/07/13","新光",147,232,-85
"3437","2390云辰","110/07/13","永豐金-桃園",88,36,52
"3438","2390云辰","110/07/13","致和-崇德",2,70,-68
"3439","2390云辰","110/07/13","玉山-士林",54,4,50
"3440","2390云辰","110/07/13","群益金鼎-屏東",2,70,-68
"3441","2390云辰","110/07/13","富邦-仁愛",56,6,50
"3442","2390云辰","110/07/13","元大-大里",35,98,-63
"3443","2390云辰","110/07/13","第一金-豐原",50,1,49
"3444","2390云辰","110/07/13","元大-萬華",35,94,-59
"3445","2390云辰","110/07/13","摩根大通",502,453,49
"3446","2390云辰","110/07/13","元富-吉利",2,60,-58
"3447","2390云辰","110/07/13","凱基-松山",61,13,48
"3448","2390云辰","110/07/13","兆豐-新竹",3,53,-50
"3449","2390云辰","110/07/13","大昌",64,22,42
"3450","2390云辰","110/07/13","富邦-嘉義",65,108,-43
"3451","2363矽統","110/07/13","凱基-南崁",2133,63,2070
"3452","2363矽統","110/07/13","凱基-幸福",36,4048,-4012
"3453","2363矽統","110/07/13","國泰-敦南",2195,1617,578
"3454","2363矽統","110/07/13","統一",192,3325,-3133
"3455","2363矽統","110/07/13","中農",670,139,531
"3456","2363矽統","110/07/13","新加坡商瑞銀",1000,2747,-1747
"3457","2363矽統","110/07/13","康和-台中",638,154,484
"3458","2363矽統","110/07/13","凱基-台北",5359,6609,-1250
"3459","2363矽統","110/07/13","群益金鼎-三民",577,137,440
"3460","2363矽統","110/07/13","摩根大通",1930,2858,-928
"3461","2363矽統","110/07/13","台新-屏東",510,88,422
"3462","2363矽統","110/07/13","港商野村",960,1679,-719
"3463","2363矽統","110/07/13","德信-中正",455,67,388
"3464","2363矽統","110/07/13","兆豐-復興",25,705,-680
"3465","2363矽統","110/07/13","日盛-竹北",365,70,295
"3466","2363矽統","110/07/13","統一-仁愛",114,755,-641
"3467","2363矽統","110/07/13","元大-佳里",452,189,263
"3468","2363矽統","110/07/13","統一-敦南",29,638,-609
"3469","2363矽統","110/07/13","國票-博愛",296,38,258
"3470","2363矽統","110/07/13","統一-土城",100,704,-604
"3471","2363矽統","110/07/13","元大-萬華",340,95,245
"3472","2363矽統","110/07/13","統一-城中",116,676,-560
"3473","2363矽統","110/07/13","新光",1259,1031,228
"3474","2363矽統","110/07/13","永豐金證券",306,859,-553
"3475","2363矽統","110/07/13","元富-成功",323,96,227
"3476","2363矽統","110/07/13","元富",54,567,-513
"3477","2363矽統","110/07/13","豐農",228,23,205
"3478","2363矽統","110/07/13","瑞士信貸",202,666,-464
"3479","2363矽統","110/07/13","台灣企銀-岡山",186,4,182
"3480","2363矽統","110/07/13","永豐金-嘉義",67,468,-401
"3481","8112至上","110/07/13","摩根大通",688,296,392
"3482","8112至上","110/07/13","國票-中和",0,401,-401
"3483","8112至上","110/07/13","港商野村",344,145,199
"3484","8112至上","110/07/13","永豐金-板盛",0,205,-205
"3485","8112至上","110/07/13","兆豐-公益",195,5,190
"3486","8112至上","110/07/13","凱基-五股",43,155,-112
"3487","8112至上","110/07/13","台灣摩根士丹利",183,0,183
"3488","8112至上","110/07/13","凱基-市政",0,100,-100
"3489","8112至上","110/07/13","群益金鼎-敦南",153,2,151
"3490","8112至上","110/07/13","元大-大里德芳",1,92,-91
"3491","8112至上","110/07/13","臺銀-金山",146,26,120
"3492","8112至上","110/07/13","玉山-桃園",26,110,-84
"3493","8112至上","110/07/13","臺銀",133,19,114
"3494","8112至上","110/07/13","兆豐-天母",0,81,-81
"3495","8112至上","110/07/13","合庫-台中",115,6,109
"3496","8112至上","110/07/13","凱基-城中",3,84,-81
"3497","8112至上","110/07/13","亞東-板橋",134,26,108
"3498","8112至上","110/07/13","日盛-新莊",9,85,-76
"3499","8112至上","110/07/13","凱基-台北",414,326,88
"3500","8112至上","110/07/13","日盛-台中",2,64,-62
"3501","8112至上","110/07/13","新加坡商瑞銀",181,100,81
"3502","8112至上","110/07/13","日盛-中壢",3,64,-61
"3503","8112至上","110/07/13","國泰-敦南",108,31,77
"3504","8112至上","110/07/13","元大-台中",2,59,-57
"3505","8112至上","110/07/13","第一金-華江",77,4,73
"3506","8112至上","110/07/13","元大-雙和",7,64,-57
"3507","8112至上","110/07/13","永豐金-內湖",73,1,72
"3508","8112至上","110/07/13","元大-高雄",8,62,-54
"3509","8112至上","110/07/13","元大-永和",68,1,67
"3510","8112至上","110/07/13","元大-館前",2,55,-53
"3511","2929淘帝","110/07/13","玉山-新竹",130,0,130
"3512","2929淘帝","110/07/13","美商高盛",0,177,-177
"3513","2929淘帝","110/07/13","臺銀-民權",60,0,60
"3514","2929淘帝","110/07/13","凱基-台北",6,80,-74
"3515","2929淘帝","110/07/13","新百王",31,0,31
"3516","2929淘帝","110/07/13","元富-大裕",0,49,-49
"3517","2929淘帝","110/07/13","日盛-園區",30,0,30
"3518","2929淘帝","110/07/13","國泰-館前",3,51,-48
"3519","2929淘帝","110/07/13","元大-南投",31,1,30
"3520","2929淘帝","110/07/13","凱基-中壢",0,41,-41
"3521","2929淘帝","110/07/13","兆豐-忠孝",28,0,28
"3522","2929淘帝","110/07/13","港商野村",21,55,-34
"3523","2929淘帝","110/07/13","元大-民生",28,0,28
"3524","2929淘帝","110/07/13","華南永昌-南京",2,34,-32
"3525","2929淘帝","110/07/13","合庫-高雄",27,0,27
"3526","2929淘帝","110/07/13","群益金鼎-土城",0,30,-30
"3527","2929淘帝","110/07/13","凱基-豐中",27,0,27
"3528","2929淘帝","110/07/13","富邦-南屯",0,22,-22
"3529","2929淘帝","110/07/13","新光",21,4,17
"3530","2929淘帝","110/07/13","第一金-豐原",0,20,-20
"3531","2929淘帝","110/07/13","元大-天母",17,0,17
"3532","2929淘帝","110/07/13","元大-屏南",6,26,-20
"3533","2929淘帝","110/07/13","永興",14,0,14
"3534","2929淘帝","110/07/13","永豐金-敦南",1,21,-20
"3535","2929淘帝","110/07/13","富邦-台北",12,0,12
"3536","2929淘帝","110/07/13","凱基-三重",2,21,-19
"3537","2929淘帝","110/07/13","元大-永和",12,0,12
"3538","2929淘帝","110/07/13","富邦-仁愛",7,25,-18
"3539","2929淘帝","110/07/13","國票-天祥",11,0,11
"3540","2929淘帝","110/07/13","元大-北投",0,16,-16
"3541","5410國眾","110/07/13","兆豐-城中",274,0,274
"3542","5410國眾","110/07/13","元富-嘉義",0,103,-103
"3543","5410國眾","110/07/13","新光",50,4,46
"3544","5410國眾","110/07/13","凱基-台北",0,50,-50
"3545","5410國眾","110/07/13","國泰-台中",26,0,26
"3546","5410國眾","110/07/13","瑞士信貸",0,31,-31
"3547","5410國眾","110/07/13","新加坡商瑞銀",22,0,22
"3548","5410國眾","110/07/13","台新-新莊",0,27,-27
"3549","5410國眾","110/07/13","光和-嘉義",20,0,20
"3550","5410國眾","110/07/13","元大-汐止",0,20,-20
"3551","5410國眾","110/07/13","凱基-竹北",17,0,17
"3552","5410國眾","110/07/13","亞東-新竹",0,17,-17
"3553","5410國眾","110/07/13","新光-桃園",15,0,15
"3554","5410國眾","110/07/13","元大-南勢角",0,13,-13
"3555","5410國眾","110/07/13","凱基-台東",14,0,14
"3556","5410國眾","110/07/13","台新-台南",0,12,-12
"3557","5410國眾","110/07/13","富邦-竹北",11,0,11
"3558","5410國眾","110/07/13","中國信託",0,11,-11
"3559","5410國眾","110/07/13","元富-同大",10,0,10
"3560","5410國眾","110/07/13","華南永昌",0,11,-11
"3561","5410國眾","110/07/13","國泰-敦南",24,15,9
"3562","5410國眾","110/07/13","臺銀-臺南",0,10,-10
"3563","5410國眾","110/07/13","日盛-內湖",7,0,7
"3564","5410國眾","110/07/13","台灣企銀-民雄",0,10,-10
"3565","5410國眾","110/07/13","台新-左楠",7,0,7
"3566","5410國眾","110/07/13","高橋",0,10,-10
"3567","5410國眾","110/07/13","元大-新盛",18,12,6
"3568","5410國眾","110/07/13","康和-嘉義",0,10,-10
"3569","5410國眾","110/07/13","統一",5,0,5
"3570","5410國眾","110/07/13","凱基-基隆",0,10,-10
"3571","2841台開","110/07/13","中國信託-高雄",251,50,201
"3572","2841台開","110/07/13","兆豐-公益",0,177,-177
"3573","2841台開","110/07/13","日盛證券",210,13,197
"3574","2841台開","110/07/13","日進",0,152,-152
"3575","2841台開","110/07/13","第一金-台中",55,0,55
"3576","2841台開","110/07/13","港商野村",0,109,-109
"3577","2841台開","110/07/13","國泰-板橋",46,0,46
"3578","2841台開","110/07/13","日盛-信義",0,103,-103
"3579","2841台開","110/07/13","國泰-館前",48,3,45
"3580","2841台開","110/07/13","國泰-敦南",11,75,-64
"3581","2841台開","110/07/13","華南永昌-新莊",45,0,45
"3582","2841台開","110/07/13","永興",0,50,-50
"3583","2841台開","110/07/13","日盛-園區",42,0,42
"3584","2841台開","110/07/13","永豐金-敦南",61,104,-43
"3585","2841台開","110/07/13","台新證券",32,0,32
"3586","2841台開","110/07/13","富邦-台南",0,42,-42
"3587","2841台開","110/07/13","台新-高雄",32,2,30
"3588","2841台開","110/07/13","國票-安和",0,30,-30
"3589","2841台開","110/07/13","豐農",23,0,23
"3590","2841台開","110/07/13","元大-桃園",0,25,-25
"3591","2841台開","110/07/13","合庫-嘉義",20,0,20
"3592","2841台開","110/07/13","新光",8,32,-24
"3593","2841台開","110/07/13","華南永昌-高雄",20,0,20
"3594","2841台開","110/07/13","元大-仁愛",0,24,-24
"3595","2841台開","110/07/13","元大-樹林",16,0,16
"3596","2841台開","110/07/13","日盛-中和",0,20,-20
"3597","2841台開","110/07/13","第一金-華江",15,2,13
"3598","2841台開","110/07/13","元富",0,20,-20
"3599","2841台開","110/07/13","美商高盛",12,0,12
"3600","2841台開","110/07/13","富邦-宜蘭",0,20,-20
"3601","6207雷科","110/07/13","元大-高雄",121,0,121
"3602","6207雷科","110/07/13","華南永昌-朴子",1,60,-59
"3603","6207雷科","110/07/13","第一金-新興",20,0,20
"3604","6207雷科","110/07/13","元大-南海",0,36,-36
"3605","6207雷科","110/07/13","元富-三重",20,0,20
"3606","6207雷科","110/07/13","凱基-土城",0,35,-35
"3607","6207雷科","110/07/13","元大-林園",15,0,15
"3608","6207雷科","110/07/13","台灣企銀",0,20,-20
"3609","6207雷科","110/07/13","元大-金華",16,1,15
"3610","6207雷科","110/07/13","群益金鼎-丹鳳",0,20,-20
"3611","6207雷科","110/07/13","日盛證券",10,0,10
"3612","6207雷科","110/07/13","元大-博愛",0,17,-17
"3613","6207雷科","110/07/13","統一-台中",10,0,10
"3614","6207雷科","110/07/13","元大-北港",0,13,-13
"3615","6207雷科","110/07/13","群益金鼎-土城",10,0,10
"3616","6207雷科","110/07/13","新加坡商瑞銀",0,12,-12
"3617","6207雷科","110/07/13","群益金鼎-桃園",10,0,10
"3618","6207雷科","110/07/13","凱基-台北",4,16,-12
"3619","6207雷科","110/07/13","永豐金-新莊",10,0,10
"3620","6207雷科","110/07/13","日茂-埔里",0,11,-11
"3621","6207雷科","110/07/13","永豐金-新店",10,0,10
"3622","6207雷科","110/07/13","元大-莒光",0,11,-11
"3623","6207雷科","110/07/13","元大證券",9,0,9
"3624","6207雷科","110/07/13","統一-新竹",0,10,-10
"3625","6207雷科","110/07/13","日盛-木柵",9,1,8
"3626","6207雷科","110/07/13","元大-西螺",0,10,-10
"3627","6207雷科","110/07/13","兆豐-來福",8,0,8
"3628","6207雷科","110/07/13","康和-台中",0,8,-8
"3629","6207雷科","110/07/13","新光",7,0,7
"3630","6207雷科","110/07/13","兆豐-高雄",0,6,-6
"3631","3679新至陞","110/07/13","永豐金證券",50,0,50
"3632","3679新至陞","110/07/13","摩根大通",2,25,-23
"3633","3679新至陞","110/07/13","國泰-桃園",22,0,22
"3634","3679新至陞","110/07/13","元大-成功",0,22,-22
"3635","3679新至陞","110/07/13","台中銀-員林",11,0,11
"3636","3679新至陞","110/07/13","富邦-板橋",1,19,-18
"3637","3679新至陞","110/07/13","元大-文心興安",8,0,8
"3638","3679新至陞","110/07/13","日盛-新莊",0,10,-10
"3639","3679新至陞","110/07/13","美商高盛",6,0,6
"3640","3679新至陞","110/07/13","台新-台中",0,10,-10
"3641","3679新至陞","110/07/13","台新-高雄",6,0,6
"3642","3679新至陞","110/07/13","永豐金-新竹",0,8,-8
"3643","3679新至陞","110/07/13","凱基-台北",18,12,6
"3644","3679新至陞","110/07/13","瑞士信貸",12,19,-7
"3645","3679新至陞","110/07/13","日盛-復興",5,0,5
"3646","3679新至陞","110/07/13","統一-南京",0,7,-7
"3647","3679新至陞","110/07/13","(牛牛牛)亞-鑫豐",4,0,4
"3648","3679新至陞","110/07/13","凱基-新莊",0,7,-7
"3649","3679新至陞","110/07/13","元富-大昌",3,0,3
"3650","3679新至陞","110/07/13","新加坡商瑞銀",0,6,-6
"3651","3679新至陞","110/07/13","富邦-台北",3,0,3
"3652","3679新至陞","110/07/13","合庫-自強",0,5,-5
"3653","3679新至陞","110/07/13","日盛-樹林",2,0,2
"3654","3679新至陞","110/07/13","富邦-桃園",0,5,-5
"3655","3679新至陞","110/07/13","宏遠-光隆",2,0,2
"3656","3679新至陞","110/07/13","永豐金-潮州",0,4,-4
"3657","3679新至陞","110/07/13","美林",3,1,2
"3658","3679新至陞","110/07/13","臺銀-臺南",0,3,-3
"3659","3679新至陞","110/07/13","第一金-中壢",2,0,2
"3660","3679新至陞","110/07/13","元大-六合",0,3,-3
"3661","2727王品","110/07/13","富邦-台北",43,3,40
"3662","2727王品","110/07/13","台灣摩根士丹利",15,97,-82
"3663","2727王品","110/07/13","元大-基隆孝二",40,0,40
"3664","2727王品","110/07/13","玉山-台南",5,57,-52
"3665","2727王品","110/07/13","國票-新莊",40,1,39
"3666","2727王品","110/07/13","新加坡商瑞銀",0,48,-48
"3667","2727王品","110/07/13","第一金-豐原",66,42,24
"3668","2727王品","110/07/13","凱基-台北",41,77,-36
"3669","2727王品","110/07/13","永豐金-大園",34,10,24
"3670","2727王品","110/07/13","永豐金-永康",0,22,-22
"3671","2727王品","110/07/13","元大-北屯",22,0,22
"3672","2727王品","110/07/13","統一-台中",2,22,-20
"3673","2727王品","110/07/13","元大-東蘆",26,7,19
"3674","2727王品","110/07/13","國泰-台中",21,39,-18
"3675","2727王品","110/07/13","永豐金-萬盛",13,1,12
"3676","2727王品","110/07/13","合庫-彰化",3,20,-17
"3677","2727王品","110/07/13","日盛-嘉義",11,0,11
"3678","2727王品","110/07/13","港商野村",13,30,-17
"3679","2727王品","110/07/13","日盛-八德",11,0,11
"3680","2727王品","110/07/13","元大-楊梅",1,16,-15
"3681","2727王品","110/07/13","統一-竹南",11,0,11
"3682","2727王品","110/07/13","凱基-高美館",2,15,-13
"3683","2727王品","110/07/13","日盛-士林",12,2,10
"3684","2727王品","110/07/13","美商高盛",2,14,-12
"3685","2727王品","110/07/13","統一-敦南",10,0,10
"3686","2727王品","110/07/13","統一-平鎮",1,13,-12
"3687","2727王品","110/07/13","中國信託",15,5,10
"3688","2727王品","110/07/13","兆豐-台中港",4,16,-12
"3689","2727王品","110/07/13","兆豐-竹北",13,3,10
"3690","2727王品","110/07/13","凱基-八德",1,13,-12
"3691","1570力肯","110/07/13","新光",115,11,104
"3692","1570力肯","110/07/13","元大-北三重",0,162,-162
"3693","1570力肯","110/07/13","群益金鼎-高雄",54,0,54
"3694","1570力肯","110/07/13","元大-大灣",0,25,-25
"3695","1570力肯","110/07/13","國票-新莊",22,0,22
"3696","1570力肯","110/07/13","永豐金-苓雅",0,22,-22
"3697","1570力肯","110/07/13","日盛-桃園",12,0,12
"3698","1570力肯","110/07/13","永豐金-永康",0,19,-19
"3699","1570力肯","110/07/13","元大-高雄",12,0,12
"3700","1570力肯","110/07/13","富邦-員林",0,15,-15
"3701","1570力肯","110/07/13","合庫-自強",11,0,11
"3702","1570力肯","110/07/13","凱基-台南",0,11,-11
"3703","1570力肯","110/07/13","摩根大通",26,15,11
"3704","1570力肯","110/07/13","日盛-竹北",0,10,-10
"3705","1570力肯","110/07/13","永豐金-中盛",11,0,11
"3706","1570力肯","110/07/13","國票-九鼎",0,10,-10
"3707","1570力肯","110/07/13","兆豐-台中港",10,0,10
"3708","1570力肯","110/07/13","凱基-桃園",0,10,-10
"3709","1570力肯","110/07/13","國泰-松江",9,0,9
"3710","1570力肯","110/07/13","凱基-新豐",0,10,-10
"3711","1570力肯","110/07/13","元大-新盛",9,0,9
"3712","1570力肯","110/07/13","元大-學甲",0,10,-10
"3713","1570力肯","110/07/13","元富-緯城",6,0,6
"3714","1570力肯","110/07/13","群益金鼎-東湖",1,10,-9
"3715","1570力肯","110/07/13","統一-三重",5,0,5
"3716","1570力肯","110/07/13","大昌",0,6,-6
"3717","1570力肯","110/07/13","元大-前金",5,0,5
"3718","1570力肯","110/07/13","元大-土城學府",0,6,-6
"3719","1570力肯","110/07/13","永豐金證券",5,0,5
"3720","1570力肯","110/07/13","統一",0,5,-5
"3721","6180橘子","110/07/13","摩根大通",119,0,119
"3722","6180橘子","110/07/13","元大-崇德",2,61,-59
"3723","6180橘子","110/07/13","美商高盛",96,0,96
"3724","6180橘子","110/07/13","康和-台中",0,51,-51
"3725","6180橘子","110/07/13","新加坡商瑞銀",86,7,79
"3726","6180橘子","110/07/13","康和-台北",0,50,-50
"3727","6180橘子","110/07/13","元大-和平",40,0,40
"3728","6180橘子","110/07/13","元富-潮州",0,40,-40
"3729","6180橘子","110/07/13","凱基-台北",83,47,36
"3730","6180橘子","110/07/13","日盛-永康",0,26,-26
"3731","6180橘子","110/07/13","美林",39,5,34
"3732","6180橘子","110/07/13","永豐金-中正",0,24,-24
"3733","6180橘子","110/07/13","富邦-新竹華信",31,2,29
"3734","6180橘子","110/07/13","國泰-板橋",2,25,-23
"3735","6180橘子","110/07/13","統一-南京",21,0,21
"3736","6180橘子","110/07/13","日盛-大墩",0,20,-20
"3737","6180橘子","110/07/13","富邦-陽明",24,3,21
"3738","6180橘子","110/07/13","元大-草屯",13,32,-19
"3739","6180橘子","110/07/13","大昌-樹林",21,1,20
"3740","6180橘子","110/07/13","元富-林園",1,18,-17
"3741","6180橘子","110/07/13","花旗環球",19,0,19
"3742","6180橘子","110/07/13","新光-新竹",1,18,-17
"3743","6180橘子","110/07/13","華南永昌-台南",19,0,19
"3744","6180橘子","110/07/13","元大-土城永寧",0,17,-17
"3745","6180橘子","110/07/13","福勝",14,0,14
"3746","6180橘子","110/07/13","國泰-新莊",3,19,-16
"3747","6180橘子","110/07/13","富邦-嘉義",12,1,11
"3748","6180橘子","110/07/13","中國信託-永康",6,21,-15
"3749","6180橘子","110/07/13","元大-板橋三民",11,0,11
"3750","6180橘子","110/07/13","凱基-東港",1,15,-14
"3751","2390云辰","110/07/13","新加坡商瑞銀",562,75,487
"3752","2390云辰","110/07/13","大展-台南",0,532,-532
"3753","2390云辰","110/07/13","台灣摩根士丹利",330,155,175
"3754","2390云辰","110/07/13","凱基-台北",668,854,-186
"3755","2390云辰","110/07/13","兆豐-公益",126,25,101
"3756","2390云辰","110/07/13","凱基-三重",12,172,-160
"3757","2390云辰","110/07/13","元富-中港",100,2,98
"3758","2390云辰","110/07/13","兆豐-忠孝",4,161,-157
"3759","2390云辰","110/07/13","統一-新台中",106,9,97
"3760","2390云辰","110/07/13","元大-士林",19,170,-151
"3761","2390云辰","110/07/13","中國信託-松江",81,11,70
"3762","2390云辰","110/07/13","臺銀-新竹",14,117,-103
"3763","2390云辰","110/07/13","日盛-板橋",72,3,69
"3764","2390云辰","110/07/13","國票-台中",4,102,-98
"3765","2390云辰","110/07/13","日盛-和美",57,0,57
"3766","2390云辰","110/07/13","新光",147,232,-85
"3767","2390云辰","110/07/13","永豐金-桃園",88,36,52
"3768","2390云辰","110/07/13","致和-崇德",2,70,-68
"3769","2390云辰","110/07/13","玉山-士林",54,4,50
"3770","2390云辰","110/07/13","群益金鼎-屏東",2,70,-68
"3771","2390云辰","110/07/13","富邦-仁愛",56,6,50
"3772","2390云辰","110/07/13","元大-大里",35,98,-63
"3773","2390云辰","110/07/13","第一金-豐原",50,1,49
"3774","2390云辰","110/07/13","元大-萬華",35,94,-59
"3775","2390云辰","110/07/13","摩根大通",502,453,49
"3776","2390云辰","110/07/13","元富-吉利",2,60,-58
"3777","2390云辰","110/07/13","凱基-松山",61,13,48
"3778","2390云辰","110/07/13","兆豐-新竹",3,53,-50
"3779","2390云辰","110/07/13","大昌",64,22,42
"3780","2390云辰","110/07/13","富邦-嘉義",65,108,-43
"3781","2363矽統","110/07/13","凱基-南崁",2133,63,2070
"3782","2363矽統","110/07/13","凱基-幸福",36,4048,-4012
"3783","2363矽統","110/07/13","國泰-敦南",2195,1617,578
"3784","2363矽統","110/07/13","統一",192,3325,-3133
"3785","2363矽統","110/07/13","中農",670,139,531
"3786","2363矽統","110/07/13","新加坡商瑞銀",1000,2747,-1747
"3787","2363矽統","110/07/13","康和-台中",638,154,484
"3788","2363矽統","110/07/13","凱基-台北",5359,6609,-1250
"3789","2363矽統","110/07/13","群益金鼎-三民",577,137,440
"3790","2363矽統","110/07/13","摩根大通",1930,2858,-928
"3791","2363矽統","110/07/13","台新-屏東",510,88,422
"3792","2363矽統","110/07/13","港商野村",960,1679,-719
"3793","2363矽統","110/07/13","德信-中正",455,67,388
"3794","2363矽統","110/07/13","兆豐-復興",25,705,-680
"3795","2363矽統","110/07/13","日盛-竹北",365,70,295
"3796","2363矽統","110/07/13","統一-仁愛",114,755,-641
"3797","2363矽統","110/07/13","元大-佳里",452,189,263
"3798","2363矽統","110/07/13","統一-敦南",29,638,-609
"3799","2363矽統","110/07/13","國票-博愛",296,38,258
"3800","2363矽統","110/07/13","統一-土城",100,704,-604
"3801","2363矽統","110/07/13","元大-萬華",340,95,245
"3802","2363矽統","110/07/13","統一-城中",116,676,-560
"3803","2363矽統","110/07/13","新光",1259,1031,228
"3804","2363矽統","110/07/13","永豐金證券",306,859,-553
"3805","2363矽統","110/07/13","元富-成功",323,96,227
"3806","2363矽統","110/07/13","元富",54,567,-513
"3807","2363矽統","110/07/13","豐農",228,23,205
"3808","2363矽統","110/07/13","瑞士信貸",202,666,-464
"3809","2363矽統","110/07/13","台灣企銀-岡山",186,4,182
"3810","2363矽統","110/07/13","永豐金-嘉義",67,468,-401
"3811","8112至上","110/07/13","摩根大通",688,296,392
"3812","8112至上","110/07/13","國票-中和",0,401,-401
"3813","8112至上","110/07/13","港商野村",344,145,199
"3814","8112至上","110/07/13","永豐金-板盛",0,205,-205
"3815","8112至上","110/07/13","兆豐-公益",195,5,190
"3816","8112至上","110/07/13","凱基-五股",43,155,-112
"3817","8112至上","110/07/13","台灣摩根士丹利",183,0,183
"3818","8112至上","110/07/13","凱基-市政",0,100,-100
"3819","8112至上","110/07/13","群益金鼎-敦南",153,2,151
"3820","8112至上","110/07/13","元大-大里德芳",1,92,-91
"3821","8112至上","110/07/13","臺銀-金山",146,26,120
"3822","8112至上","110/07/13","玉山-桃園",26,110,-84
"3823","8112至上","110/07/13","臺銀",133,19,114
"3824","8112至上","110/07/13","兆豐-天母",0,81,-81
"3825","8112至上","110/07/13","合庫-台中",115,6,109
"3826","8112至上","110/07/13","凱基-城中",3,84,-81
"3827","8112至上","110/07/13","亞東-板橋",134,26,108
"3828","8112至上","110/07/13","日盛-新莊",9,85,-76
"3829","8112至上","110/07/13","凱基-台北",414,326,88
"3830","8112至上","110/07/13","日盛-台中",2,64,-62
"3831","8112至上","110/07/13","新加坡商瑞銀",181,100,81
"3832","8112至上","110/07/13","日盛-中壢",3,64,-61
"3833","8112至上","110/07/13","國泰-敦南",108,31,77
"3834","8112至上","110/07/13","元大-台中",2,59,-57
"3835","8112至上","110/07/13","第一金-華江",77,4,73
"3836","8112至上","110/07/13","元大-雙和",7,64,-57
"3837","8112至上","110/07/13","永豐金-內湖",73,1,72
"3838","8112至上","110/07/13","元大-高雄",8,62,-54
"3839","8112至上","110/07/13","元大-永和",68,1,67
"3840","8112至上","110/07/13","元大-館前",2,55,-53
"3841","2929淘帝","110/07/13","玉山-新竹",130,0,130
"3842","2929淘帝","110/07/13","美商高盛",0,177,-177
"3843","2929淘帝","110/07/13","臺銀-民權",60,0,60
"3844","2929淘帝","110/07/13","凱基-台北",6,80,-74
"3845","2929淘帝","110/07/13","新百王",31,0,31
"3846","2929淘帝","110/07/13","元富-大裕",0,49,-49
"3847","2929淘帝","110/07/13","日盛-園區",30,0,30
"3848","2929淘帝","110/07/13","國泰-館前",3,51,-48
"3849","2929淘帝","110/07/13","元大-南投",31,1,30
"3850","2929淘帝","110/07/13","凱基-中壢",0,41,-41
"3851","2929淘帝","110/07/13","兆豐-忠孝",28,0,28
"3852","2929淘帝","110/07/13","港商野村",21,55,-34
"3853","2929淘帝","110/07/13","元大-民生",28,0,28
"3854","2929淘帝","110/07/13","華南永昌-南京",2,34,-32
"3855","2929淘帝","110/07/13","合庫-高雄",27,0,27
"3856","2929淘帝","110/07/13","群益金鼎-土城",0,30,-30
"3857","2929淘帝","110/07/13","凱基-豐中",27,0,27
"3858","2929淘帝","110/07/13","富邦-南屯",0,22,-22
"3859","2929淘帝","110/07/13","新光",21,4,17
"3860","2929淘帝","110/07/13","第一金-豐原",0,20,-20
"3861","2929淘帝","110/07/13","元大-天母",17,0,17
"3862","2929淘帝","110/07/13","元大-屏南",6,26,-20
"3863","2929淘帝","110/07/13","永興",14,0,14
"3864","2929淘帝","110/07/13","永豐金-敦南",1,21,-20
"3865","2929淘帝","110/07/13","富邦-台北",12,0,12
"3866","2929淘帝","110/07/13","凱基-三重",2,21,-19
"3867","2929淘帝","110/07/13","元大-永和",12,0,12
"3868","2929淘帝","110/07/13","富邦-仁愛",7,25,-18
"3869","2929淘帝","110/07/13","國票-天祥",11,0,11
"3870","2929淘帝","110/07/13","元大-北投",0,16,-16
"3871","5410國眾","110/07/13","兆豐-城中",274,0,274
"3872","5410國眾","110/07/13","元富-嘉義",0,103,-103
"3873","5410國眾","110/07/13","新光",50,4,46
"3874","5410國眾","110/07/13","凱基-台北",0,50,-50
"3875","5410國眾","110/07/13","國泰-台中",26,0,26
"3876","5410國眾","110/07/13","瑞士信貸",0,31,-31
"3877","5410國眾","110/07/13","新加坡商瑞銀",22,0,22
"3878","5410國眾","110/07/13","台新-新莊",0,27,-27
"3879","5410國眾","110/07/13","光和-嘉義",20,0,20
"3880","5410國眾","110/07/13","元大-汐止",0,20,-20
"3881","5410國眾","110/07/13","凱基-竹北",17,0,17
"3882","5410國眾","110/07/13","亞東-新竹",0,17,-17
"3883","5410國眾","110/07/13","新光-桃園",15,0,15
"3884","5410國眾","110/07/13","元大-南勢角",0,13,-13
"3885","5410國眾","110/07/13","凱基-台東",14,0,14
"3886","5410國眾","110/07/13","台新-台南",0,12,-12
"3887","5410國眾","110/07/13","富邦-竹北",11,0,11
"3888","5410國眾","110/07/13","中國信託",0,11,-11
"3889","5410國眾","110/07/13","元富-同大",10,0,10
"3890","5410國眾","110/07/13","華南永昌",0,11,-11
"3891","5410國眾","110/07/13","國泰-敦南",24,15,9
"3892","5410國眾","110/07/13","臺銀-臺南",0,10,-10
"3893","5410國眾","110/07/13","日盛-內湖",7,0,7
"3894","5410國眾","110/07/13","台灣企銀-民雄",0,10,-10
"3895","5410國眾","110/07/13","台新-左楠",7,0,7
"3896","5410國眾","110/07/13","高橋",0,10,-10
"3897","5410國眾","110/07/13","元大-新盛",18,12,6
"3898","5410國眾","110/07/13","康和-嘉義",0,10,-10
"3899","5410國眾","110/07/13","統一",5,0,5
"3900","5410國眾","110/07/13","凱基-基隆",0,10,-10
"3901","2841台開","110/07/13","中國信託-高雄",251,50,201
"3902","2841台開","110/07/13","兆豐-公益",0,177,-177
"3903","2841台開","110/07/13","日盛證券",210,13,197
"3904","2841台開","110/07/13","日進",0,152,-152
"3905","2841台開","110/07/13","第一金-台中",55,0,55
"3906","2841台開","110/07/13","港商野村",0,109,-109
"3907","2841台開","110/07/13","國泰-板橋",46,0,46
"3908","2841台開","110/07/13","日盛-信義",0,103,-103
"3909","2841台開","110/07/13","國泰-館前",48,3,45
"3910","2841台開","110/07/13","國泰-敦南",11,75,-64
"3911","2841台開","110/07/13","華南永昌-新莊",45,0,45
"3912","2841台開","110/07/13","永興",0,50,-50
"3913","2841台開","110/07/13","日盛-園區",42,0,42
"3914","2841台開","110/07/13","永豐金-敦南",61,104,-43
"3915","2841台開","110/07/13","台新證券",32,0,32
"3916","2841台開","110/07/13","富邦-台南",0,42,-42
"3917","2841台開","110/07/13","台新-高雄",32,2,30
"3918","2841台開","110/07/13","國票-安和",0,30,-30
"3919","2841台開","110/07/13","豐農",23,0,23
"3920","2841台開","110/07/13","元大-桃園",0,25,-25
"3921","2841台開","110/07/13","合庫-嘉義",20,0,20
"3922","2841台開","110/07/13","新光",8,32,-24
"3923","2841台開","110/07/13","華南永昌-高雄",20,0,20
"3924","2841台開","110/07/13","元大-仁愛",0,24,-24
"3925","2841台開","110/07/13","元大-樹林",16,0,16
"3926","2841台開","110/07/13","日盛-中和",0,20,-20
"3927","2841台開","110/07/13","第一金-華江",15,2,13
"3928","2841台開","110/07/13","元富",0,20,-20
"3929","2841台開","110/07/13","美商高盛",12,0,12
"3930","2841台開","110/07/13","富邦-宜蘭",0,20,-20
"3931","6207雷科","110/07/13","元大-高雄",121,0,121
"3932","6207雷科","110/07/13","華南永昌-朴子",1,60,-59
"3933","6207雷科","110/07/13","第一金-新興",20,0,20
"3934","6207雷科","110/07/13","元大-南海",0,36,-36
"3935","6207雷科","110/07/13","元富-三重",20,0,20
"3936","6207雷科","110/07/13","凱基-土城",0,35,-35
"3937","6207雷科","110/07/13","元大-林園",15,0,15
"3938","6207雷科","110/07/13","台灣企銀",0,20,-20
"3939","6207雷科","110/07/13","元大-金華",16,1,15
"3940","6207雷科","110/07/13","群益金鼎-丹鳳",0,20,-20
"3941","6207雷科","110/07/13","日盛證券",10,0,10
"3942","6207雷科","110/07/13","元大-博愛",0,17,-17
"3943","6207雷科","110/07/13","統一-台中",10,0,10
"3944","6207雷科","110/07/13","元大-北港",0,13,-13
"3945","6207雷科","110/07/13","群益金鼎-土城",10,0,10
"3946","6207雷科","110/07/13","新加坡商瑞銀",0,12,-12
"3947","6207雷科","110/07/13","群益金鼎-桃園",10,0,10
"3948","6207雷科","110/07/13","凱基-台北",4,16,-12
"3949","6207雷科","110/07/13","永豐金-新莊",10,0,10
"3950","6207雷科","110/07/13","日茂-埔里",0,11,-11
"3951","6207雷科","110/07/13","永豐金-新店",10,0,10
"3952","6207雷科","110/07/13","元大-莒光",0,11,-11
"3953","6207雷科","110/07/13","元大證券",9,0,9
"3954","6207雷科","110/07/13","統一-新竹",0,10,-10
"3955","6207雷科","110/07/13","日盛-木柵",9,1,8
"3956","6207雷科","110/07/13","元大-西螺",0,10,-10
"3957","6207雷科","110/07/13","兆豐-來福",8,0,8
"3958","6207雷科","110/07/13","康和-台中",0,8,-8
"3959","6207雷科","110/07/13","新光",7,0,7
"3960","6207雷科","110/07/13","兆豐-高雄",0,6,-6
"3961","3679新至陞","110/07/13","永豐金證券",50,0,50
"3962","3679新至陞","110/07/13","摩根大通",2,25,-23
"3963","3679新至陞","110/07/13","國泰-桃園",22,0,22
"3964","3679新至陞","110/07/13","元大-成功",0,22,-22
"3965","3679新至陞","110/07/13","台中銀-員林",11,0,11
"3966","3679新至陞","110/07/13","富邦-板橋",1,19,-18
"3967","3679新至陞","110/07/13","元大-文心興安",8,0,8
"3968","3679新至陞","110/07/13","日盛-新莊",0,10,-10
"3969","3679新至陞","110/07/13","美商高盛",6,0,6
"3970","3679新至陞","110/07/13","台新-台中",0,10,-10
"3971","3679新至陞","110/07/13","台新-高雄",6,0,6
"3972","3679新至陞","110/07/13","永豐金-新竹",0,8,-8
"3973","3679新至陞","110/07/13","凱基-台北",18,12,6
"3974","3679新至陞","110/07/13","瑞士信貸",12,19,-7
"3975","3679新至陞","110/07/13","日盛-復興",5,0,5
"3976","3679新至陞","110/07/13","統一-南京",0,7,-7
"3977","3679新至陞","110/07/13","(牛牛牛)亞-鑫豐",4,0,4
"3978","3679新至陞","110/07/13","凱基-新莊",0,7,-7
"3979","3679新至陞","110/07/13","元富-大昌",3,0,3
"3980","3679新至陞","110/07/13","新加坡商瑞銀",0,6,-6
"3981","3679新至陞","110/07/13","富邦-台北",3,0,3
"3982","3679新至陞","110/07/13","合庫-自強",0,5,-5
"3983","3679新至陞","110/07/13","日盛-樹林",2,0,2
"3984","3679新至陞","110/07/13","富邦-桃園",0,5,-5
"3985","3679新至陞","110/07/13","宏遠-光隆",2,0,2
"3986","3679新至陞","110/07/13","永豐金-潮州",0,4,-4
"3987","3679新至陞","110/07/13","美林",3,1,2
"3988","3679新至陞","110/07/13","臺銀-臺南",0,3,-3
"3989","3679新至陞","110/07/13","第一金-中壢",2,0,2
"3990","3679新至陞","110/07/13","元大-六合",0,3,-3
"3991","2727王品","110/07/13","富邦-台北",43,3,40
"3992","2727王品","110/07/13","台灣摩根士丹利",15,97,-82
"3993","2727王品","110/07/13","元大-基隆孝二",40,0,40
"3994","2727王品","110/07/13","玉山-台南",5,57,-52
"3995","2727王品","110/07/13","國票-新莊",40,1,39
"3996","2727王品","110/07/13","新加坡商瑞銀",0,48,-48
"3997","2727王品","110/07/13","第一金-豐原",66,42,24
"3998","2727王品","110/07/13","凱基-台北",41,77,-36
"3999","2727王品","110/07/13","永豐金-大園",34,10,24
"4000","2727王品","110/07/13","永豐金-永康",0,22,-22
"4001","2727王品","110/07/13","元大-北屯",22,0,22
"4002","2727王品","110/07/13","統一-台中",2,22,-20
"4003","2727王品","110/07/13","元大-東蘆",26,7,19
"4004","2727王品","110/07/13","國泰-台中",21,39,-18
"4005","2727王品","110/07/13","永豐金-萬盛",13,1,12
"4006","2727王品","110/07/13","合庫-彰化",3,20,-17
"4007","2727王品","110/07/13","日盛-嘉義",11,0,11
"4008","2727王品","110/07/13","港商野村",13,30,-17
"4009","2727王品","110/07/13","日盛-八德",11,0,11
"4010","2727王品","110/07/13","元大-楊梅",1,16,-15
"4011","2727王品","110/07/13","統一-竹南",11,0,11
"4012","2727王品","110/07/13","凱基-高美館",2,15,-13
"4013","2727王品","110/07/13","日盛-士林",12,2,10
"4014","2727王品","110/07/13","美商高盛",2,14,-12
"4015","2727王品","110/07/13","統一-敦南",10,0,10
"4016","2727王品","110/07/13","統一-平鎮",1,13,-12
"4017","2727王品","110/07/13","中國信託",15,5,10
"4018","2727王品","110/07/13","兆豐-台中港",4,16,-12
"4019","2727王品","110/07/13","兆豐-竹北",13,3,10
"4020","2727王品","110/07/13","凱基-八德",1,13,-12
"4021","1570力肯","110/07/13","新光",115,11,104
"4022","1570力肯","110/07/13","元大-北三重",0,162,-162
"4023","1570力肯","110/07/13","群益金鼎-高雄",54,0,54
"4024","1570力肯","110/07/13","元大-大灣",0,25,-25
"4025","1570力肯","110/07/13","國票-新莊",22,0,22
"4026","1570力肯","110/07/13","永豐金-苓雅",0,22,-22
"4027","1570力肯","110/07/13","日盛-桃園",12,0,12
"4028","1570力肯","110/07/13","永豐金-永康",0,19,-19
"4029","1570力肯","110/07/13","元大-高雄",12,0,12
"4030","1570力肯","110/07/13","富邦-員林",0,15,-15
"4031","1570力肯","110/07/13","合庫-自強",11,0,11
"4032","1570力肯","110/07/13","凱基-台南",0,11,-11
"4033","1570力肯","110/07/13","摩根大通",26,15,11
"4034","1570力肯","110/07/13","日盛-竹北",0,10,-10
"4035","1570力肯","110/07/13","永豐金-中盛",11,0,11
"4036","1570力肯","110/07/13","國票-九鼎",0,10,-10
"4037","1570力肯","110/07/13","兆豐-台中港",10,0,10
"4038","1570力肯","110/07/13","凱基-桃園",0,10,-10
"4039","1570力肯","110/07/13","國泰-松江",9,0,9
"4040","1570力肯","110/07/13","凱基-新豐",0,10,-10
"4041","1570力肯","110/07/13","元大-新盛",9,0,9
"4042","1570力肯","110/07/13","元大-學甲",0,10,-10
"4043","1570力肯","110/07/13","元富-緯城",6,0,6
"4044","1570力肯","110/07/13","群益金鼎-東湖",1,10,-9
"4045","1570力肯","110/07/13","統一-三重",5,0,5
"4046","1570力肯","110/07/13","大昌",0,6,-6
"4047","1570力肯","110/07/13","元大-前金",5,0,5
"4048","1570力肯","110/07/13","元大-土城學府",0,6,-6
"4049","1570力肯","110/07/13","永豐金證券",5,0,5
"4050","1570力肯","110/07/13","統一",0,5,-5
"4051","6180橘子","110/07/13","摩根大通",119,0,119
"4052","6180橘子","110/07/13","元大-崇德",2,61,-59
"4053","6180橘子","110/07/13","美商高盛",96,0,96
"4054","6180橘子","110/07/13","康和-台中",0,51,-51
"4055","6180橘子","110/07/13","新加坡商瑞銀",86,7,79
"4056","6180橘子","110/07/13","康和-台北",0,50,-50
"4057","6180橘子","110/07/13","元大-和平",40,0,40
"4058","6180橘子","110/07/13","元富-潮州",0,40,-40
"4059","6180橘子","110/07/13","凱基-台北",83,47,36
"4060","6180橘子","110/07/13","日盛-永康",0,26,-26
"4061","6180橘子","110/07/13","美林",39,5,34
"4062","6180橘子","110/07/13","永豐金-中正",0,24,-24
"4063","6180橘子","110/07/13","富邦-新竹華信",31,2,29
"4064","6180橘子","110/07/13","國泰-板橋",2,25,-23
"4065","6180橘子","110/07/13","統一-南京",21,0,21
"4066","6180橘子","110/07/13","日盛-大墩",0,20,-20
"4067","6180橘子","110/07/13","富邦-陽明",24,3,21
"4068","6180橘子","110/07/13","元大-草屯",13,32,-19
"4069","6180橘子","110/07/13","大昌-樹林",21,1,20
"4070","6180橘子","110/07/13","元富-林園",1,18,-17
"4071","6180橘子","110/07/13","花旗環球",19,0,19
"4072","6180橘子","110/07/13","新光-新竹",1,18,-17
"4073","6180橘子","110/07/13","華南永昌-台南",19,0,19
"4074","6180橘子","110/07/13","元大-土城永寧",0,17,-17
"4075","6180橘子","110/07/13","福勝",14,0,14
"4076","6180橘子","110/07/13","國泰-新莊",3,19,-16
"4077","6180橘子","110/07/13","富邦-嘉義",12,1,11
"4078","6180橘子","110/07/13","中國信託-永康",6,21,-15
"4079","6180橘子","110/07/13","元大-板橋三民",11,0,11
"4080","6180橘子","110/07/13","凱基-東港",1,15,-14
"4081","2390云辰","110/07/13","新加坡商瑞銀",562,75,487
"4082","2390云辰","110/07/13","大展-台南",0,532,-532
"4083","2390云辰","110/07/13","台灣摩根士丹利",330,155,175
"4084","2390云辰","110/07/13","凱基-台北",668,854,-186
"4085","2390云辰","110/07/13","兆豐-公益",126,25,101
"4086","2390云辰","110/07/13","凱基-三重",12,172,-160
"4087","2390云辰","110/07/13","元富-中港",100,2,98
"4088","2390云辰","110/07/13","兆豐-忠孝",4,161,-157
"4089","2390云辰","110/07/13","統一-新台中",106,9,97
"4090","2390云辰","110/07/13","元大-士林",19,170,-151
"4091","2390云辰","110/07/13","中國信託-松江",81,11,70
"4092","2390云辰","110/07/13","臺銀-新竹",14,117,-103
"4093","2390云辰","110/07/13","日盛-板橋",72,3,69
"4094","2390云辰","110/07/13","國票-台中",4,102,-98
"4095","2390云辰","110/07/13","日盛-和美",57,0,57
"4096","2390云辰","110/07/13","新光",147,232,-85
"4097","2390云辰","110/07/13","永豐金-桃園",88,36,52
"4098","2390云辰","110/07/13","致和-崇德",2,70,-68
"4099","2390云辰","110/07/13","玉山-士林",54,4,50
"4100","2390云辰","110/07/13","群益金鼎-屏東",2,70,-68
"4101","2390云辰","110/07/13","富邦-仁愛",56,6,50
"4102","2390云辰","110/07/13","元大-大里",35,98,-63
"4103","2390云辰","110/07/13","第一金-豐原",50,1,49
"4104","2390云辰","110/07/13","元大-萬華",35,94,-59
"4105","2390云辰","110/07/13","摩根大通",502,453,49
"4106","2390云辰","110/07/13","元富-吉利",2,60,-58
"4107","2390云辰","110/07/13","凱基-松山",61,13,48
"4108","2390云辰","110/07/13","兆豐-新竹",3,53,-50
"4109","2390云辰","110/07/13","大昌",64,22,42
"4110","2390云辰","110/07/13","富邦-嘉義",65,108,-43
"4111","2363矽統","110/07/13","凱基-南崁",2133,63,2070
"4112","2363矽統","110/07/13","凱基-幸福",36,4048,-4012
"4113","2363矽統","110/07/13","國泰-敦南",2195,1617,578
"4114","2363矽統","110/07/13","統一",192,3325,-3133
"4115","2363矽統","110/07/13","中農",670,139,531
"4116","2363矽統","110/07/13","新加坡商瑞銀",1000,2747,-1747
"4117","2363矽統","110/07/13","康和-台中",638,154,484
"4118","2363矽統","110/07/13","凱基-台北",5359,6609,-1250
"4119","2363矽統","110/07/13","群益金鼎-三民",577,137,440
"4120","2363矽統","110/07/13","摩根大通",1930,2858,-928
"4121","2363矽統","110/07/13","台新-屏東",510,88,422
"4122","2363矽統","110/07/13","港商野村",960,1679,-719
"4123","2363矽統","110/07/13","德信-中正",455,67,388
"4124","2363矽統","110/07/13","兆豐-復興",25,705,-680
"4125","2363矽統","110/07/13","日盛-竹北",365,70,295
"4126","2363矽統","110/07/13","統一-仁愛",114,755,-641
"4127","2363矽統","110/07/13","元大-佳里",452,189,263
"4128","2363矽統","110/07/13","統一-敦南",29,638,-609
"4129","2363矽統","110/07/13","國票-博愛",296,38,258
"4130","2363矽統","110/07/13","統一-土城",100,704,-604
"4131","2363矽統","110/07/13","元大-萬華",340,95,245
"4132","2363矽統","110/07/13","統一-城中",116,676,-560
"4133","2363矽統","110/07/13","新光",1259,1031,228
"4134","2363矽統","110/07/13","永豐金證券",306,859,-553
"4135","2363矽統","110/07/13","元富-成功",323,96,227
"4136","2363矽統","110/07/13","元富",54,567,-513
"4137","2363矽統","110/07/13","豐農",228,23,205
"4138","2363矽統","110/07/13","瑞士信貸",202,666,-464
"4139","2363矽統","110/07/13","台灣企銀-岡山",186,4,182
"4140","2363矽統","110/07/13","永豐金-嘉義",67,468,-401
"4141","8112至上","110/07/13","摩根大通",688,296,392
"4142","8112至上","110/07/13","國票-中和",0,401,-401
"4143","8112至上","110/07/13","港商野村",344,145,199
"4144","8112至上","110/07/13","永豐金-板盛",0,205,-205
"4145","8112至上","110/07/13","兆豐-公益",195,5,190
"4146","8112至上","110/07/13","凱基-五股",43,155,-112
"4147","8112至上","110/07/13","台灣摩根士丹利",183,0,183
"4148","8112至上","110/07/13","凱基-市政",0,100,-100
"4149","8112至上","110/07/13","群益金鼎-敦南",153,2,151
"4150","8112至上","110/07/13","元大-大里德芳",1,92,-91
"4151","8112至上","110/07/13","臺銀-金山",146,26,120
"4152","8112至上","110/07/13","玉山-桃園",26,110,-84
"4153","8112至上","110/07/13","臺銀",133,19,114
"4154","8112至上","110/07/13","兆豐-天母",0,81,-81
"4155","8112至上","110/07/13","合庫-台中",115,6,109
"4156","8112至上","110/07/13","凱基-城中",3,84,-81
"4157","8112至上","110/07/13","亞東-板橋",134,26,108
"4158","8112至上","110/07/13","日盛-新莊",9,85,-76
"4159","8112至上","110/07/13","凱基-台北",414,326,88
"4160","8112至上","110/07/13","日盛-台中",2,64,-62
"4161","8112至上","110/07/13","新加坡商瑞銀",181,100,81
"4162","8112至上","110/07/13","日盛-中壢",3,64,-61
"4163","8112至上","110/07/13","國泰-敦南",108,31,77
"4164","8112至上","110/07/13","元大-台中",2,59,-57
"4165","8112至上","110/07/13","第一金-華江",77,4,73
"4166","8112至上","110/07/13","元大-雙和",7,64,-57
"4167","8112至上","110/07/13","永豐金-內湖",73,1,72
"4168","8112至上","110/07/13","元大-高雄",8,62,-54
"4169","8112至上","110/07/13","元大-永和",68,1,67
"4170","8112至上","110/07/13","元大-館前",2,55,-53
"4171","4903聯光通","110/07/13","台灣企銀-太平",56,0,56
"4172","4903聯光通","110/07/13","土銀",0,32,-32
"4173","4903聯光通","110/07/13","元富-新興",23,0,23
"4174","4903聯光通","110/07/13","元大-樹林",0,19,-19
"4175","4903聯光通","110/07/13","日盛-樹林",22,0,22
"4176","4903聯光通","110/07/13","凱基-士林",0,17,-17
"4177","4903聯光通","110/07/13","兆豐-天母",20,0,20
"4178","4903聯光通","110/07/13","國票-博愛",0,14,-14
"4179","4903聯光通","110/07/13","華南永昌-桃園",20,0,20
"4180","4903聯光通","110/07/13","元富",0,10,-10
"4181","4903聯光通","110/07/13","富邦-新店",10,0,10
"4182","4903聯光通","110/07/13","新光",0,10,-10
"4183","4903聯光通","110/07/13","新光-台中",5,0,5
"4184","4903聯光通","110/07/13","玉山-南京東路",0,10,-10
"4185","4903聯光通","110/07/13","華南永昌-台中",5,0,5
"4186","4903聯光通","110/07/13","富邦-陽明",0,10,-10
"4187","4903聯光通","110/07/13","元大-崇德",5,0,5
"4188","4903聯光通","110/07/13","元大-大甲",0,8,-8
"4189","4903聯光通","110/07/13","元大-草屯",5,0,5
"4190","4903聯光通","110/07/13","富邦-台中",0,7,-7
"4191","4903聯光通","110/07/13","元富-草屯",4,0,4
"4192","4903聯光通","110/07/13","凱基-中壢",0,6,-6
"4193","4903聯光通","110/07/13","元大-清水",4,0,4
"4194","4903聯光通","110/07/13","臺銀-民權",0,5,-5
"4195","4903聯光通","110/07/13","元大-東泰",4,0,4
"4196","4903聯光通","110/07/13","日盛-板橋",0,5,-5
"4197","4903聯光通","110/07/13","元大-佳里",2,0,2
"4198","4903聯光通","110/07/13","中國信託-忠孝",0,5,-5
"4199","4903聯光通","110/07/13","永豐金-板橋",2,0,2
"4200","4903聯光通","110/07/13","永豐金-鳳山",0,5,-5
"4201","2929淘帝","110/07/13","玉山-新竹",130,0,130
"4202","2929淘帝","110/07/13","美商高盛",0,177,-177
"4203","2929淘帝","110/07/13","臺銀-民權",60,0,60
"4204","2929淘帝","110/07/13","凱基-台北",6,80,-74
"4205","2929淘帝","110/07/13","新百王",31,0,31
"4206","2929淘帝","110/07/13","元富-大裕",0,49,-49
"4207","2929淘帝","110/07/13","日盛-園區",30,0,30
"4208","2929淘帝","110/07/13","國泰-館前",3,51,-48
"4209","2929淘帝","110/07/13","元大-南投",31,1,30
"4210","2929淘帝","110/07/13","凱基-中壢",0,41,-41
"4211","2929淘帝","110/07/13","兆豐-忠孝",28,0,28
"4212","2929淘帝","110/07/13","港商野村",21,55,-34
"4213","2929淘帝","110/07/13","元大-民生",28,0,28
"4214","2929淘帝","110/07/13","華南永昌-南京",2,34,-32
"4215","2929淘帝","110/07/13","合庫-高雄",27,0,27
"4216","2929淘帝","110/07/13","群益金鼎-土城",0,30,-30
"4217","2929淘帝","110/07/13","凱基-豐中",27,0,27
"4218","2929淘帝","110/07/13","富邦-南屯",0,22,-22
"4219","2929淘帝","110/07/13","新光",21,4,17
"4220","2929淘帝","110/07/13","第一金-豐原",0,20,-20
"4221","2929淘帝","110/07/13","元大-天母",17,0,17
"4222","2929淘帝","110/07/13","元大-屏南",6,26,-20
"4223","2929淘帝","110/07/13","永興",14,0,14
"4224","2929淘帝","110/07/13","永豐金-敦南",1,21,-20
"4225","2929淘帝","110/07/13","富邦-台北",12,0,12
"4226","2929淘帝","110/07/13","凱基-三重",2,21,-19
"4227","2929淘帝","110/07/13","元大-永和",12,0,12
"4228","2929淘帝","110/07/13","富邦-仁愛",7,25,-18
"4229","2929淘帝","110/07/13","國票-天祥",11,0,11
"4230","2929淘帝","110/07/13","元大-北投",0,16,-16
"4231","5410國眾","110/07/13","兆豐-城中",274,0,274
"4232","5410國眾","110/07/13","元富-嘉義",0,103,-103
"4233","5410國眾","110/07/13","新光",50,4,46
"4234","5410國眾","110/07/13","凱基-台北",0,50,-50
"4235","5410國眾","110/07/13","國泰-台中",26,0,26
"4236","5410國眾","110/07/13","瑞士信貸",0,31,-31
"4237","5410國眾","110/07/13","新加坡商瑞銀",22,0,22
"4238","5410國眾","110/07/13","台新-新莊",0,27,-27
"4239","5410國眾","110/07/13","光和-嘉義",20,0,20
"4240","5410國眾","110/07/13","元大-汐止",0,20,-20
"4241","5410國眾","110/07/13","凱基-竹北",17,0,17
"4242","5410國眾","110/07/13","亞東-新竹",0,17,-17
"4243","5410國眾","110/07/13","新光-桃園",15,0,15
"4244","5410國眾","110/07/13","元大-南勢角",0,13,-13
"4245","5410國眾","110/07/13","凱基-台東",14,0,14
"4246","5410國眾","110/07/13","台新-台南",0,12,-12
"4247","5410國眾","110/07/13","富邦-竹北",11,0,11
"4248","5410國眾","110/07/13","中國信託",0,11,-11
"4249","5410國眾","110/07/13","元富-同大",10,0,10
"4250","5410國眾","110/07/13","華南永昌",0,11,-11
"4251","5410國眾","110/07/13","國泰-敦南",24,15,9
"4252","5410國眾","110/07/13","臺銀-臺南",0,10,-10
"4253","5410國眾","110/07/13","日盛-內湖",7,0,7
"4254","5410國眾","110/07/13","台灣企銀-民雄",0,10,-10
"4255","5410國眾","110/07/13","台新-左楠",7,0,7
"4256","5410國眾","110/07/13","高橋",0,10,-10
"4257","5410國眾","110/07/13","元大-新盛",18,12,6
"4258","5410國眾","110/07/13","康和-嘉義",0,10,-10
"4259","5410國眾","110/07/13","統一",5,0,5
"4260","5410國眾","110/07/13","凱基-基隆",0,10,-10
"4261","2841台開","110/07/13","中國信託-高雄",251,50,201
"4262","2841台開","110/07/13","兆豐-公益",0,177,-177
"4263","2841台開","110/07/13","日盛證券",210,13,197
"4264","2841台開","110/07/13","日進",0,152,-152
"4265","2841台開","110/07/13","第一金-台中",55,0,55
"4266","2841台開","110/07/13","港商野村",0,109,-109
"4267","2841台開","110/07/13","國泰-板橋",46,0,46
"4268","2841台開","110/07/13","日盛-信義",0,103,-103
"4269","2841台開","110/07/13","國泰-館前",48,3,45
"4270","2841台開","110/07/13","國泰-敦南",11,75,-64
"4271","2841台開","110/07/13","華南永昌-新莊",45,0,45
"4272","2841台開","110/07/13","永興",0,50,-50
"4273","2841台開","110/07/13","日盛-園區",42,0,42
"4274","2841台開","110/07/13","永豐金-敦南",61,104,-43
"4275","2841台開","110/07/13","台新證券",32,0,32
"4276","2841台開","110/07/13","富邦-台南",0,42,-42
"4277","2841台開","110/07/13","台新-高雄",32,2,30
"4278","2841台開","110/07/13","國票-安和",0,30,-30
"4279","2841台開","110/07/13","豐農",23,0,23
"4280","2841台開","110/07/13","元大-桃園",0,25,-25
"4281","2841台開","110/07/13","合庫-嘉義",20,0,20
"4282","2841台開","110/07/13","新光",8,32,-24
"4283","2841台開","110/07/13","華南永昌-高雄",20,0,20
"4284","2841台開","110/07/13","元大-仁愛",0,24,-24
"4285","2841台開","110/07/13","元大-樹林",16,0,16
"4286","2841台開","110/07/13","日盛-中和",0,20,-20
"4287","2841台開","110/07/13","第一金-華江",15,2,13
"4288","2841台開","110/07/13","元富",0,20,-20
"4289","2841台開","110/07/13","美商高盛",12,0,12
"4290","2841台開","110/07/13","富邦-宜蘭",0,20,-20
"4291","6207雷科","110/07/13","元大-高雄",121,0,121
"4292","6207雷科","110/07/13","華南永昌-朴子",1,60,-59
"4293","6207雷科","110/07/13","第一金-新興",20,0,20
"4294","6207雷科","110/07/13","元大-南海",0,36,-36
"4295","6207雷科","110/07/13","元富-三重",20,0,20
"4296","6207雷科","110/07/13","凱基-土城",0,35,-35
"4297","6207雷科","110/07/13","元大-林園",15,0,15
"4298","6207雷科","110/07/13","台灣企銀",0,20,-20
"4299","6207雷科","110/07/13","元大-金華",16,1,15
"4300","6207雷科","110/07/13","群益金鼎-丹鳳",0,20,-20
"4301","6207雷科","110/07/13","日盛證券",10,0,10
"4302","6207雷科","110/07/13","元大-博愛",0,17,-17
"4303","6207雷科","110/07/13","統一-台中",10,0,10
"4304","6207雷科","110/07/13","元大-北港",0,13,-13
"4305","6207雷科","110/07/13","群益金鼎-土城",10,0,10
"4306","6207雷科","110/07/13","新加坡商瑞銀",0,12,-12
"4307","6207雷科","110/07/13","群益金鼎-桃園",10,0,10
"4308","6207雷科","110/07/13","凱基-台北",4,16,-12
"4309","6207雷科","110/07/13","永豐金-新莊",10,0,10
"4310","6207雷科","110/07/13","日茂-埔里",0,11,-11
"4311","6207雷科","110/07/13","永豐金-新店",10,0,10
"4312","6207雷科","110/07/13","元大-莒光",0,11,-11
"4313","6207雷科","110/07/13","元大證券",9,0,9
"4314","6207雷科","110/07/13","統一-新竹",0,10,-10
"4315","6207雷科","110/07/13","日盛-木柵",9,1,8
"4316","6207雷科","110/07/13","元大-西螺",0,10,-10
"4317","6207雷科","110/07/13","兆豐-來福",8,0,8
"4318","6207雷科","110/07/13","康和-台中",0,8,-8
"4319","6207雷科","110/07/13","新光",7,0,7
"4320","6207雷科","110/07/13","兆豐-高雄",0,6,-6
"4321","3679新至陞","110/07/13","永豐金證券",50,0,50
"4322","3679新至陞","110/07/13","摩根大通",2,25,-23
"4323","3679新至陞","110/07/13","國泰-桃園",22,0,22
"4324","3679新至陞","110/07/13","元大-成功",0,22,-22
"4325","3679新至陞","110/07/13","台中銀-員林",11,0,11
"4326","3679新至陞","110/07/13","富邦-板橋",1,19,-18
"4327","3679新至陞","110/07/13","元大-文心興安",8,0,8
"4328","3679新至陞","110/07/13","日盛-新莊",0,10,-10
"4329","3679新至陞","110/07/13","美商高盛",6,0,6
"4330","3679新至陞","110/07/13","台新-台中",0,10,-10
"4331","3679新至陞","110/07/13","台新-高雄",6,0,6
"4332","3679新至陞","110/07/13","永豐金-新竹",0,8,-8
"4333","3679新至陞","110/07/13","凱基-台北",18,12,6
"4334","3679新至陞","110/07/13","瑞士信貸",12,19,-7
"4335","3679新至陞","110/07/13","日盛-復興",5,0,5
"4336","3679新至陞","110/07/13","統一-南京",0,7,-7
"4337","3679新至陞","110/07/13","(牛牛牛)亞-鑫豐",4,0,4
"4338","3679新至陞","110/07/13","凱基-新莊",0,7,-7
"4339","3679新至陞","110/07/13","元富-大昌",3,0,3
"4340","3679新至陞","110/07/13","新加坡商瑞銀",0,6,-6
"4341","3679新至陞","110/07/13","富邦-台北",3,0,3
"4342","3679新至陞","110/07/13","合庫-自強",0,5,-5
"4343","3679新至陞","110/07/13","日盛-樹林",2,0,2
"4344","3679新至陞","110/07/13","富邦-桃園",0,5,-5
"4345","3679新至陞","110/07/13","宏遠-光隆",2,0,2
"4346","3679新至陞","110/07/13","永豐金-潮州",0,4,-4
"4347","3679新至陞","110/07/13","美林",3,1,2
"4348","3679新至陞","110/07/13","臺銀-臺南",0,3,-3
"4349","3679新至陞","110/07/13","第一金-中壢",2,0,2
"4350","3679新至陞","110/07/13","元大-六合",0,3,-3
"4351","2727王品","110/07/13","富邦-台北",43,3,40
"4352","2727王品","110/07/13","台灣摩根士丹利",15,97,-82
"4353","2727王品","110/07/13","元大-基隆孝二",40,0,40
"4354","2727王品","110/07/13","玉山-台南",5,57,-52
"4355","2727王品","110/07/13","國票-新莊",40,1,39
"4356","2727王品","110/07/13","新加坡商瑞銀",0,48,-48
"4357","2727王品","110/07/13","第一金-豐原",66,42,24
"4358","2727王品","110/07/13","凱基-台北",41,77,-36
"4359","2727王品","110/07/13","永豐金-大園",34,10,24
"4360","2727王品","110/07/13","永豐金-永康",0,22,-22
"4361","2727王品","110/07/13","元大-北屯",22,0,22
"4362","2727王品","110/07/13","統一-台中",2,22,-20
"4363","2727王品","110/07/13","元大-東蘆",26,7,19
"4364","2727王品","110/07/13","國泰-台中",21,39,-18
"4365","2727王品","110/07/13","永豐金-萬盛",13,1,12
"4366","2727王品","110/07/13","合庫-彰化",3,20,-17
"4367","2727王品","110/07/13","日盛-嘉義",11,0,11
"4368","2727王品","110/07/13","港商野村",13,30,-17
"4369","2727王品","110/07/13","日盛-八德",11,0,11
"4370","2727王品","110/07/13","元大-楊梅",1,16,-15
"4371","2727王品","110/07/13","統一-竹南",11,0,11
"4372","2727王品","110/07/13","凱基-高美館",2,15,-13
"4373","2727王品","110/07/13","日盛-士林",12,2,10
"4374","2727王品","110/07/13","美商高盛",2,14,-12
"4375","2727王品","110/07/13","統一-敦南",10,0,10
"4376","2727王品","110/07/13","統一-平鎮",1,13,-12
"4377","2727王品","110/07/13","中國信託",15,5,10
"4378","2727王品","110/07/13","兆豐-台中港",4,16,-12
"4379","2727王品","110/07/13","兆豐-竹北",13,3,10
"4380","2727王品","110/07/13","凱基-八德",1,13,-12
"4381","1570力肯","110/07/13","新光",115,11,104
"4382","1570力肯","110/07/13","元大-北三重",0,162,-162
"4383","1570力肯","110/07/13","群益金鼎-高雄",54,0,54
"4384","1570力肯","110/07/13","元大-大灣",0,25,-25
"4385","1570力肯","110/07/13","國票-新莊",22,0,22
"4386","1570力肯","110/07/13","永豐金-苓雅",0,22,-22
"4387","1570力肯","110/07/13","日盛-桃園",12,0,12
"4388","1570力肯","110/07/13","永豐金-永康",0,19,-19
"4389","1570力肯","110/07/13","元大-高雄",12,0,12
"4390","1570力肯","110/07/13","富邦-員林",0,15,-15
"4391","1570力肯","110/07/13","合庫-自強",11,0,11
"4392","1570力肯","110/07/13","凱基-台南",0,11,-11
"4393","1570力肯","110/07/13","摩根大通",26,15,11
"4394","1570力肯","110/07/13","日盛-竹北",0,10,-10
"4395","1570力肯","110/07/13","永豐金-中盛",11,0,11
"4396","1570力肯","110/07/13","國票-九鼎",0,10,-10
"4397","1570力肯","110/07/13","兆豐-台中港",10,0,10
"4398","1570力肯","110/07/13","凱基-桃園",0,10,-10
"4399","1570力肯","110/07/13","國泰-松江",9,0,9
"4400","1570力肯","110/07/13","凱基-新豐",0,10,-10
"4401","1570力肯","110/07/13","元大-新盛",9,0,9
"4402","1570力肯","110/07/13","元大-學甲",0,10,-10
"4403","1570力肯","110/07/13","元富-緯城",6,0,6
"4404","1570力肯","110/07/13","群益金鼎-東湖",1,10,-9
"4405","1570力肯","110/07/13","統一-三重",5,0,5
"4406","1570力肯","110/07/13","大昌",0,6,-6
"4407","1570力肯","110/07/13","元大-前金",5,0,5
"4408","1570力肯","110/07/13","元大-土城學府",0,6,-6
"4409","1570力肯","110/07/13","永豐金證券",5,0,5
"4410","1570力肯","110/07/13","統一",0,5,-5
"4411","6180橘子","110/07/13","摩根大通",119,0,119
"4412","6180橘子","110/07/13","元大-崇德",2,61,-59
"4413","6180橘子","110/07/13","美商高盛",96,0,96
"4414","6180橘子","110/07/13","康和-台中",0,51,-51
"4415","6180橘子","110/07/13","新加坡商瑞銀",86,7,79
"4416","6180橘子","110/07/13","康和-台北",0,50,-50
"4417","6180橘子","110/07/13","元大-和平",40,0,40
"4418","6180橘子","110/07/13","元富-潮州",0,40,-40
"4419","6180橘子","110/07/13","凱基-台北",83,47,36
"4420","6180橘子","110/07/13","日盛-永康",0,26,-26
"4421","6180橘子","110/07/13","美林",39,5,34
"4422","6180橘子","110/07/13","永豐金-中正",0,24,-24
"4423","6180橘子","110/07/13","富邦-新竹華信",31,2,29
"4424","6180橘子","110/07/13","國泰-板橋",2,25,-23
"4425","6180橘子","110/07/13","統一-南京",21,0,21
"4426","6180橘子","110/07/13","日盛-大墩",0,20,-20
"4427","6180橘子","110/07/13","富邦-陽明",24,3,21
"4428","6180橘子","110/07/13","元大-草屯",13,32,-19
"4429","6180橘子","110/07/13","大昌-樹林",21,1,20
"4430","6180橘子","110/07/13","元富-林園",1,18,-17
"4431","6180橘子","110/07/13","花旗環球",19,0,19
"4432","6180橘子","110/07/13","新光-新竹",1,18,-17
"4433","6180橘子","110/07/13","華南永昌-台南",19,0,19
"4434","6180橘子","110/07/13","元大-土城永寧",0,17,-17
"4435","6180橘子","110/07/13","福勝",14,0,14
"4436","6180橘子","110/07/13","國泰-新莊",3,19,-16
"4437","6180橘子","110/07/13","富邦-嘉義",12,1,11
"4438","6180橘子","110/07/13","中國信託-永康",6,21,-15
"4439","6180橘子","110/07/13","元大-板橋三民",11,0,11
"4440","6180橘子","110/07/13","凱基-東港",1,15,-14
"4441","2390云辰","110/07/13","新加坡商瑞銀",562,75,487
"4442","2390云辰","110/07/13","大展-台南",0,532,-532
"4443","2390云辰","110/07/13","台灣摩根士丹利",330,155,175
"4444","2390云辰","110/07/13","凱基-台北",668,854,-186
"4445","2390云辰","110/07/13","兆豐-公益",126,25,101
"4446","2390云辰","110/07/13","凱基-三重",12,172,-160
"4447","2390云辰","110/07/13","元富-中港",100,2,98
"4448","2390云辰","110/07/13","兆豐-忠孝",4,161,-157
"4449","2390云辰","110/07/13","統一-新台中",106,9,97
"4450","2390云辰","110/07/13","元大-士林",19,170,-151
"4451","2390云辰","110/07/13","中國信託-松江",81,11,70
"4452","2390云辰","110/07/13","臺銀-新竹",14,117,-103
"4453","2390云辰","110/07/13","日盛-板橋",72,3,69
"4454","2390云辰","110/07/13","國票-台中",4,102,-98
"4455","2390云辰","110/07/13","日盛-和美",57,0,57
"4456","2390云辰","110/07/13","新光",147,232,-85
"4457","2390云辰","110/07/13","永豐金-桃園",88,36,52
"4458","2390云辰","110/07/13","致和-崇德",2,70,-68
"4459","2390云辰","110/07/13","玉山-士林",54,4,50
"4460","2390云辰","110/07/13","群益金鼎-屏東",2,70,-68
"4461","2390云辰","110/07/13","富邦-仁愛",56,6,50
"4462","2390云辰","110/07/13","元大-大里",35,98,-63
"4463","2390云辰","110/07/13","第一金-豐原",50,1,49
"4464","2390云辰","110/07/13","元大-萬華",35,94,-59
"4465","2390云辰","110/07/13","摩根大通",502,453,49
"4466","2390云辰","110/07/13","元富-吉利",2,60,-58
"4467","2390云辰","110/07/13","凱基-松山",61,13,48
"4468","2390云辰","110/07/13","兆豐-新竹",3,53,-50
"4469","2390云辰","110/07/13","大昌",64,22,42
"4470","2390云辰","110/07/13","富邦-嘉義",65,108,-43
"4471","2363矽統","110/07/13","凱基-南崁",2133,63,2070
"4472","2363矽統","110/07/13","凱基-幸福",36,4048,-4012
"4473","2363矽統","110/07/13","國泰-敦南",2195,1617,578
"4474","2363矽統","110/07/13","統一",192,3325,-3133
"4475","2363矽統","110/07/13","中農",670,139,531
"4476","2363矽統","110/07/13","新加坡商瑞銀",1000,2747,-1747
"4477","2363矽統","110/07/13","康和-台中",638,154,484
"4478","2363矽統","110/07/13","凱基-台北",5359,6609,-1250
"4479","2363矽統","110/07/13","群益金鼎-三民",577,137,440
"4480","2363矽統","110/07/13","摩根大通",1930,2858,-928
"4481","2363矽統","110/07/13","台新-屏東",510,88,422
"4482","2363矽統","110/07/13","港商野村",960,1679,-719
"4483","2363矽統","110/07/13","德信-中正",455,67,388
"4484","2363矽統","110/07/13","兆豐-復興",25,705,-680
"4485","2363矽統","110/07/13","日盛-竹北",365,70,295
"4486","2363矽統","110/07/13","統一-仁愛",114,755,-641
"4487","2363矽統","110/07/13","元大-佳里",452,189,263
"4488","2363矽統","110/07/13","統一-敦南",29,638,-609
"4489","2363矽統","110/07/13","國票-博愛",296,38,258
"4490","2363矽統","110/07/13","統一-土城",100,704,-604
"4491","2363矽統","110/07/13","元大-萬華",340,95,245
"4492","2363矽統","110/07/13","統一-城中",116,676,-560
"4493","2363矽統","110/07/13","新光",1259,1031,228
"4494","2363矽統","110/07/13","永豐金證券",306,859,-553
"4495","2363矽統","110/07/13","元富-成功",323,96,227
"4496","2363矽統","110/07/13","元富",54,567,-513
"4497","2363矽統","110/07/13","豐農",228,23,205
"4498","2363矽統","110/07/13","瑞士信貸",202,666,-464
"4499","2363矽統","110/07/13","台灣企銀-岡山",186,4,182
"4500","2363矽統","110/07/13","永豐金-嘉義",67,468,-401
"4501","8112至上","110/07/13","摩根大通",688,296,392
"4502","8112至上","110/07/13","國票-中和",0,401,-401
"4503","8112至上","110/07/13","港商野村",344,145,199
"4504","8112至上","110/07/13","永豐金-板盛",0,205,-205
"4505","8112至上","110/07/13","兆豐-公益",195,5,190
"4506","8112至上","110/07/13","凱基-五股",43,155,-112
"4507","8112至上","110/07/13","台灣摩根士丹利",183,0,183
"4508","8112至上","110/07/13","凱基-市政",0,100,-100
"4509","8112至上","110/07/13","群益金鼎-敦南",153,2,151
"4510","8112至上","110/07/13","元大-大里德芳",1,92,-91
"4511","8112至上","110/07/13","臺銀-金山",146,26,120
"4512","8112至上","110/07/13","玉山-桃園",26,110,-84
"4513","8112至上","110/07/13","臺銀",133,19,114
"4514","8112至上","110/07/13","兆豐-天母",0,81,-81
"4515","8112至上","110/07/13","合庫-台中",115,6,109
"4516","8112至上","110/07/13","凱基-城中",3,84,-81
"4517","8112至上","110/07/13","亞東-板橋",134,26,108
"4518","8112至上","110/07/13","日盛-新莊",9,85,-76
"4519","8112至上","110/07/13","凱基-台北",414,326,88
"4520","8112至上","110/07/13","日盛-台中",2,64,-62
"4521","8112至上","110/07/13","新加坡商瑞銀",181,100,81
"4522","8112至上","110/07/13","日盛-中壢",3,64,-61
"4523","8112至上","110/07/13","國泰-敦南",108,31,77
"4524","8112至上","110/07/13","元大-台中",2,59,-57
"4525","8112至上","110/07/13","第一金-華江",77,4,73
"4526","8112至上","110/07/13","元大-雙和",7,64,-57
"4527","8112至上","110/07/13","永豐金-內湖",73,1,72
"4528","8112至上","110/07/13","元大-高雄",8,62,-54
"4529","8112至上","110/07/13","元大-永和",68,1,67
"4530","8112至上","110/07/13","元大-館前",2,55,-53
"4531","4903聯光通","110/07/13","台灣企銀-太平",56,0,56
"4532","4903聯光通","110/07/13","土銀",0,32,-32
"4533","4903聯光通","110/07/13","元富-新興",23,0,23
"4534","4903聯光通","110/07/13","元大-樹林",0,19,-19
"4535","4903聯光通","110/07/13","日盛-樹林",22,0,22
"4536","4903聯光通","110/07/13","凱基-士林",0,17,-17
"4537","4903聯光通","110/07/13","兆豐-天母",20,0,20
"4538","4903聯光通","110/07/13","國票-博愛",0,14,-14
"4539","4903聯光通","110/07/13","華南永昌-桃園",20,0,20
"4540","4903聯光通","110/07/13","元富",0,10,-10
"4541","4903聯光通","110/07/13","富邦-新店",10,0,10
"4542","4903聯光通","110/07/13","新光",0,10,-10
"4543","4903聯光通","110/07/13","新光-台中",5,0,5
"4544","4903聯光通","110/07/13","玉山-南京東路",0,10,-10
"4545","4903聯光通","110/07/13","華南永昌-台中",5,0,5
"4546","4903聯光通","110/07/13","富邦-陽明",0,10,-10
"4547","4903聯光通","110/07/13","元大-崇德",5,0,5
"4548","4903聯光通","110/07/13","元大-大甲",0,8,-8
"4549","4903聯光通","110/07/13","元大-草屯",5,0,5
"4550","4903聯光通","110/07/13","富邦-台中",0,7,-7
"4551","4903聯光通","110/07/13","元富-草屯",4,0,4
"4552","4903聯光通","110/07/13","凱基-中壢",0,6,-6
"4553","4903聯光通","110/07/13","元大-清水",4,0,4
"4554","4903聯光通","110/07/13","臺銀-民權",0,5,-5
"4555","4903聯光通","110/07/13","元大-東泰",4,0,4
"4556","4903聯光通","110/07/13","日盛-板橋",0,5,-5
"4557","4903聯光通","110/07/13","元大-佳里",2,0,2
"4558","4903聯光通","110/07/13","中國信託-忠孝",0,5,-5
"4559","4903聯光通","110/07/13","永豐金-板橋",2,0,2
"4560","4903聯光通","110/07/13","永豐金-鳳山",0,5,-5
"4561","2929淘帝","110/07/13","玉山-新竹",130,0,130
"4562","2929淘帝","110/07/13","美商高盛",0,177,-177
"4563","2929淘帝","110/07/13","臺銀-民權",60,0,60
"4564","2929淘帝","110/07/13","凱基-台北",6,80,-74
"4565","2929淘帝","110/07/13","新百王",31,0,31
"4566","2929淘帝","110/07/13","元富-大裕",0,49,-49
"4567","2929淘帝","110/07/13","日盛-園區",30,0,30
"4568","2929淘帝","110/07/13","國泰-館前",3,51,-48
"4569","2929淘帝","110/07/13","元大-南投",31,1,30
"4570","2929淘帝","110/07/13","凱基-中壢",0,41,-41
"4571","2929淘帝","110/07/13","兆豐-忠孝",28,0,28
"4572","2929淘帝","110/07/13","港商野村",21,55,-34
"4573","2929淘帝","110/07/13","元大-民生",28,0,28
"4574","2929淘帝","110/07/13","華南永昌-南京",2,34,-32
"4575","2929淘帝","110/07/13","合庫-高雄",27,0,27
"4576","2929淘帝","110/07/13","群益金鼎-土城",0,30,-30
"4577","2929淘帝","110/07/13","凱基-豐中",27,0,27
"4578","2929淘帝","110/07/13","富邦-南屯",0,22,-22
"4579","2929淘帝","110/07/13","新光",21,4,17
"4580","2929淘帝","110/07/13","第一金-豐原",0,20,-20
"4581","2929淘帝","110/07/13","元大-天母",17,0,17
"4582","2929淘帝","110/07/13","元大-屏南",6,26,-20
"4583","2929淘帝","110/07/13","永興",14,0,14
"4584","2929淘帝","110/07/13","永豐金-敦南",1,21,-20
"4585","2929淘帝","110/07/13","富邦-台北",12,0,12
"4586","2929淘帝","110/07/13","凱基-三重",2,21,-19
"4587","2929淘帝","110/07/13","元大-永和",12,0,12
"4588","2929淘帝","110/07/13","富邦-仁愛",7,25,-18
"4589","2929淘帝","110/07/13","國票-天祥",11,0,11
"4590","2929淘帝","110/07/13","元大-北投",0,16,-16
"4591","5410國眾","110/07/13","兆豐-城中",274,0,274
"4592","5410國眾","110/07/13","元富-嘉義",0,103,-103
"4593","5410國眾","110/07/13","新光",50,4,46
"4594","5410國眾","110/07/13","凱基-台北",0,50,-50
"4595","5410國眾","110/07/13","國泰-台中",26,0,26
"4596","5410國眾","110/07/13","瑞士信貸",0,31,-31
"4597","5410國眾","110/07/13","新加坡商瑞銀",22,0,22
"4598","5410國眾","110/07/13","台新-新莊",0,27,-27
"4599","5410國眾","110/07/13","光和-嘉義",20,0,20
"4600","5410國眾","110/07/13","元大-汐止",0,20,-20
"4601","5410國眾","110/07/13","凱基-竹北",17,0,17
"4602","5410國眾","110/07/13","亞東-新竹",0,17,-17
"4603","5410國眾","110/07/13","新光-桃園",15,0,15
"4604","5410國眾","110/07/13","元大-南勢角",0,13,-13
"4605","5410國眾","110/07/13","凱基-台東",14,0,14
"4606","5410國眾","110/07/13","台新-台南",0,12,-12
"4607","5410國眾","110/07/13","富邦-竹北",11,0,11
"4608","5410國眾","110/07/13","中國信託",0,11,-11
"4609","5410國眾","110/07/13","元富-同大",10,0,10
"4610","5410國眾","110/07/13","華南永昌",0,11,-11
"4611","5410國眾","110/07/13","國泰-敦南",24,15,9
"4612","5410國眾","110/07/13","臺銀-臺南",0,10,-10
"4613","5410國眾","110/07/13","日盛-內湖",7,0,7
"4614","5410國眾","110/07/13","台灣企銀-民雄",0,10,-10
"4615","5410國眾","110/07/13","台新-左楠",7,0,7
"4616","5410國眾","110/07/13","高橋",0,10,-10
"4617","5410國眾","110/07/13","元大-新盛",18,12,6
"4618","5410國眾","110/07/13","康和-嘉義",0,10,-10
"4619","5410國眾","110/07/13","統一",5,0,5
"4620","5410國眾","110/07/13","凱基-基隆",0,10,-10
"4621","2841台開","110/07/13","中國信託-高雄",251,50,201
"4622","2841台開","110/07/13","兆豐-公益",0,177,-177
"4623","2841台開","110/07/13","日盛證券",210,13,197
"4624","2841台開","110/07/13","日進",0,152,-152
"4625","2841台開","110/07/13","第一金-台中",55,0,55
"4626","2841台開","110/07/13","港商野村",0,109,-109
"4627","2841台開","110/07/13","國泰-板橋",46,0,46
"4628","2841台開","110/07/13","日盛-信義",0,103,-103
"4629","2841台開","110/07/13","國泰-館前",48,3,45
"4630","2841台開","110/07/13","國泰-敦南",11,75,-64
"4631","2841台開","110/07/13","華南永昌-新莊",45,0,45
"4632","2841台開","110/07/13","永興",0,50,-50
"4633","2841台開","110/07/13","日盛-園區",42,0,42
"4634","2841台開","110/07/13","永豐金-敦南",61,104,-43
"4635","2841台開","110/07/13","台新證券",32,0,32
"4636","2841台開","110/07/13","富邦-台南",0,42,-42
"4637","2841台開","110/07/13","台新-高雄",32,2,30
"4638","2841台開","110/07/13","國票-安和",0,30,-30
"4639","2841台開","110/07/13","豐農",23,0,23
"4640","2841台開","110/07/13","元大-桃園",0,25,-25
"4641","2841台開","110/07/13","合庫-嘉義",20,0,20
"4642","2841台開","110/07/13","新光",8,32,-24
"4643","2841台開","110/07/13","華南永昌-高雄",20,0,20
"4644","2841台開","110/07/13","元大-仁愛",0,24,-24
"4645","2841台開","110/07/13","元大-樹林",16,0,16
"4646","2841台開","110/07/13","日盛-中和",0,20,-20
"4647","2841台開","110/07/13","第一金-華江",15,2,13
"4648","2841台開","110/07/13","元富",0,20,-20
"4649","2841台開","110/07/13","美商高盛",12,0,12
"4650","2841台開","110/07/13","富邦-宜蘭",0,20,-20
"4651","6207雷科","110/07/13","元大-高雄",121,0,121
"4652","6207雷科","110/07/13","華南永昌-朴子",1,60,-59
"4653","6207雷科","110/07/13","第一金-新興",20,0,20
"4654","6207雷科","110/07/13","元大-南海",0,36,-36
"4655","6207雷科","110/07/13","元富-三重",20,0,20
"4656","6207雷科","110/07/13","凱基-土城",0,35,-35
"4657","6207雷科","110/07/13","元大-林園",15,0,15
"4658","6207雷科","110/07/13","台灣企銀",0,20,-20
"4659","6207雷科","110/07/13","元大-金華",16,1,15
"4660","6207雷科","110/07/13","群益金鼎-丹鳳",0,20,-20
"4661","6207雷科","110/07/13","日盛證券",10,0,10
"4662","6207雷科","110/07/13","元大-博愛",0,17,-17
"4663","6207雷科","110/07/13","統一-台中",10,0,10
"4664","6207雷科","110/07/13","元大-北港",0,13,-13
"4665","6207雷科","110/07/13","群益金鼎-土城",10,0,10
"4666","6207雷科","110/07/13","新加坡商瑞銀",0,12,-12
"4667","6207雷科","110/07/13","群益金鼎-桃園",10,0,10
"4668","6207雷科","110/07/13","凱基-台北",4,16,-12
"4669","6207雷科","110/07/13","永豐金-新莊",10,0,10
"4670","6207雷科","110/07/13","日茂-埔里",0,11,-11
"4671","6207雷科","110/07/13","永豐金-新店",10,0,10
"4672","6207雷科","110/07/13","元大-莒光",0,11,-11
"4673","6207雷科","110/07/13","元大證券",9,0,9
"4674","6207雷科","110/07/13","統一-新竹",0,10,-10
"4675","6207雷科","110/07/13","日盛-木柵",9,1,8
"4676","6207雷科","110/07/13","元大-西螺",0,10,-10
"4677","6207雷科","110/07/13","兆豐-來福",8,0,8
"4678","6207雷科","110/07/13","康和-台中",0,8,-8
"4679","6207雷科","110/07/13","新光",7,0,7
"4680","6207雷科","110/07/13","兆豐-高雄",0,6,-6
"4681","3679新至陞","110/07/13","永豐金證券",50,0,50
"4682","3679新至陞","110/07/13","摩根大通",2,25,-23
"4683","3679新至陞","110/07/13","國泰-桃園",22,0,22
"4684","3679新至陞","110/07/13","元大-成功",0,22,-22
"4685","3679新至陞","110/07/13","台中銀-員林",11,0,11
"4686","3679新至陞","110/07/13","富邦-板橋",1,19,-18
"4687","3679新至陞","110/07/13","元大-文心興安",8,0,8
"4688","3679新至陞","110/07/13","日盛-新莊",0,10,-10
"4689","3679新至陞","110/07/13","美商高盛",6,0,6
"4690","3679新至陞","110/07/13","台新-台中",0,10,-10
"4691","3679新至陞","110/07/13","台新-高雄",6,0,6
"4692","3679新至陞","110/07/13","永豐金-新竹",0,8,-8
"4693","3679新至陞","110/07/13","凱基-台北",18,12,6
"4694","3679新至陞","110/07/13","瑞士信貸",12,19,-7
"4695","3679新至陞","110/07/13","日盛-復興",5,0,5
"4696","3679新至陞","110/07/13","統一-南京",0,7,-7
"4697","3679新至陞","110/07/13","(牛牛牛)亞-鑫豐",4,0,4
"4698","3679新至陞","110/07/13","凱基-新莊",0,7,-7
"4699","3679新至陞","110/07/13","元富-大昌",3,0,3
"4700","3679新至陞","110/07/13","新加坡商瑞銀",0,6,-6
"4701","3679新至陞","110/07/13","富邦-台北",3,0,3
"4702","3679新至陞","110/07/13","合庫-自強",0,5,-5
"4703","3679新至陞","110/07/13","日盛-樹林",2,0,2
"4704","3679新至陞","110/07/13","富邦-桃園",0,5,-5
"4705","3679新至陞","110/07/13","宏遠-光隆",2,0,2
"4706","3679新至陞","110/07/13","永豐金-潮州",0,4,-4
"4707","3679新至陞","110/07/13","美林",3,1,2
"4708","3679新至陞","110/07/13","臺銀-臺南",0,3,-3
"4709","3679新至陞","110/07/13","第一金-中壢",2,0,2
"4710","3679新至陞","110/07/13","元大-六合",0,3,-3
"4711","2727王品","110/07/13","富邦-台北",43,3,40
"4712","2727王品","110/07/13","台灣摩根士丹利",15,97,-82
"4713","2727王品","110/07/13","元大-基隆孝二",40,0,40
"4714","2727王品","110/07/13","玉山-台南",5,57,-52
"4715","2727王品","110/07/13","國票-新莊",40,1,39
"4716","2727王品","110/07/13","新加坡商瑞銀",0,48,-48
"4717","2727王品","110/07/13","第一金-豐原",66,42,24
"4718","2727王品","110/07/13","凱基-台北",41,77,-36
"4719","2727王品","110/07/13","永豐金-大園",34,10,24
"4720","2727王品","110/07/13","永豐金-永康",0,22,-22
"4721","2727王品","110/07/13","元大-北屯",22,0,22
"4722","2727王品","110/07/13","統一-台中",2,22,-20
"4723","2727王品","110/07/13","元大-東蘆",26,7,19
"4724","2727王品","110/07/13","國泰-台中",21,39,-18
"4725","2727王品","110/07/13","永豐金-萬盛",13,1,12
"4726","2727王品","110/07/13","合庫-彰化",3,20,-17
"4727","2727王品","110/07/13","日盛-嘉義",11,0,11
"4728","2727王品","110/07/13","港商野村",13,30,-17
"4729","2727王品","110/07/13","日盛-八德",11,0,11
"4730","2727王品","110/07/13","元大-楊梅",1,16,-15
"4731","2727王品","110/07/13","統一-竹南",11,0,11
"4732","2727王品","110/07/13","凱基-高美館",2,15,-13
"4733","2727王品","110/07/13","日盛-士林",12,2,10
"4734","2727王品","110/07/13","美商高盛",2,14,-12
"4735","2727王品","110/07/13","統一-敦南",10,0,10
"4736","2727王品","110/07/13","統一-平鎮",1,13,-12
"4737","2727王品","110/07/13","中國信託",15,5,10
"4738","2727王品","110/07/13","兆豐-台中港",4,16,-12
"4739","2727王品","110/07/13","兆豐-竹北",13,3,10
"4740","2727王品","110/07/13","凱基-八德",1,13,-12
"4741","1570力肯","110/07/13","新光",115,11,104
"4742","1570力肯","110/07/13","元大-北三重",0,162,-162
"4743","1570力肯","110/07/13","群益金鼎-高雄",54,0,54
"4744","1570力肯","110/07/13","元大-大灣",0,25,-25
"4745","1570力肯","110/07/13","國票-新莊",22,0,22
"4746","1570力肯","110/07/13","永豐金-苓雅",0,22,-22
"4747","1570力肯","110/07/13","日盛-桃園",12,0,12
"4748","1570力肯","110/07/13","永豐金-永康",0,19,-19
"4749","1570力肯","110/07/13","元大-高雄",12,0,12
"4750","1570力肯","110/07/13","富邦-員林",0,15,-15
"4751","1570力肯","110/07/13","合庫-自強",11,0,11
"4752","1570力肯","110/07/13","凱基-台南",0,11,-11
"4753","1570力肯","110/07/13","摩根大通",26,15,11
"4754","1570力肯","110/07/13","日盛-竹北",0,10,-10
"4755","1570力肯","110/07/13","永豐金-中盛",11,0,11
"4756","1570力肯","110/07/13","國票-九鼎",0,10,-10
"4757","1570力肯","110/07/13","兆豐-台中港",10,0,10
"4758","1570力肯","110/07/13","凱基-桃園",0,10,-10
"4759","1570力肯","110/07/13","國泰-松江",9,0,9
"4760","1570力肯","110/07/13","凱基-新豐",0,10,-10
"4761","1570力肯","110/07/13","元大-新盛",9,0,9
"4762","1570力肯","110/07/13","元大-學甲",0,10,-10
"4763","1570力肯","110/07/13","元富-緯城",6,0,6
"4764","1570力肯","110/07/13","群益金鼎-東湖",1,10,-9
"4765","1570力肯","110/07/13","統一-三重",5,0,5
"4766","1570力肯","110/07/13","大昌",0,6,-6
"4767","1570力肯","110/07/13","元大-前金",5,0,5
"4768","1570力肯","110/07/13","元大-土城學府",0,6,-6
"4769","1570力肯","110/07/13","永豐金證券",5,0,5
"4770","1570力肯","110/07/13","統一",0,5,-5
"4771","6180橘子","110/07/13","摩根大通",119,0,119
"4772","6180橘子","110/07/13","元大-崇德",2,61,-59
"4773","6180橘子","110/07/13","美商高盛",96,0,96
"4774","6180橘子","110/07/13","康和-台中",0,51,-51
"4775","6180橘子","110/07/13","新加坡商瑞銀",86,7,79
"4776","6180橘子","110/07/13","康和-台北",0,50,-50
"4777","6180橘子","110/07/13","元大-和平",40,0,40
"4778","6180橘子","110/07/13","元富-潮州",0,40,-40
"4779","6180橘子","110/07/13","凱基-台北",83,47,36
"4780","6180橘子","110/07/13","日盛-永康",0,26,-26
"4781","6180橘子","110/07/13","美林",39,5,34
"4782","6180橘子","110/07/13","永豐金-中正",0,24,-24
"4783","6180橘子","110/07/13","富邦-新竹華信",31,2,29
"4784","6180橘子","110/07/13","國泰-板橋",2,25,-23
"4785","6180橘子","110/07/13","統一-南京",21,0,21
"4786","6180橘子","110/07/13","日盛-大墩",0,20,-20
"4787","6180橘子","110/07/13","富邦-陽明",24,3,21
"4788","6180橘子","110/07/13","元大-草屯",13,32,-19
"4789","6180橘子","110/07/13","大昌-樹林",21,1,20
"4790","6180橘子","110/07/13","元富-林園",1,18,-17
"4791","6180橘子","110/07/13","花旗環球",19,0,19
"4792","6180橘子","110/07/13","新光-新竹",1,18,-17
"4793","6180橘子","110/07/13","華南永昌-台南",19,0,19
"4794","6180橘子","110/07/13","元大-土城永寧",0,17,-17
"4795","6180橘子","110/07/13","福勝",14,0,14
"4796","6180橘子","110/07/13","國泰-新莊",3,19,-16
"4797","6180橘子","110/07/13","富邦-嘉義",12,1,11
"4798","6180橘子","110/07/13","中國信託-永康",6,21,-15
"4799","6180橘子","110/07/13","元大-板橋三民",11,0,11
"4800","6180橘子","110/07/13","凱基-東港",1,15,-14
"4801","2390云辰","110/07/13","新加坡商瑞銀",562,75,487
"4802","2390云辰","110/07/13","大展-台南",0,532,-532
"4803","2390云辰","110/07/13","台灣摩根士丹利",330,155,175
"4804","2390云辰","110/07/13","凱基-台北",668,854,-186
"4805","2390云辰","110/07/13","兆豐-公益",126,25,101
"4806","2390云辰","110/07/13","凱基-三重",12,172,-160
"4807","2390云辰","110/07/13","元富-中港",100,2,98
"4808","2390云辰","110/07/13","兆豐-忠孝",4,161,-157
"4809","2390云辰","110/07/13","統一-新台中",106,9,97
"4810","2390云辰","110/07/13","元大-士林",19,170,-151
"4811","2390云辰","110/07/13","中國信託-松江",81,11,70
"4812","2390云辰","110/07/13","臺銀-新竹",14,117,-103
"4813","2390云辰","110/07/13","日盛-板橋",72,3,69
"4814","2390云辰","110/07/13","國票-台中",4,102,-98
"4815","2390云辰","110/07/13","日盛-和美",57,0,57
"4816","2390云辰","110/07/13","新光",147,232,-85
"4817","2390云辰","110/07/13","永豐金-桃園",88,36,52
"4818","2390云辰","110/07/13","致和-崇德",2,70,-68
"4819","2390云辰","110/07/13","玉山-士林",54,4,50
"4820","2390云辰","110/07/13","群益金鼎-屏東",2,70,-68
"4821","2390云辰","110/07/13","富邦-仁愛",56,6,50
"4822","2390云辰","110/07/13","元大-大里",35,98,-63
"4823","2390云辰","110/07/13","第一金-豐原",50,1,49
"4824","2390云辰","110/07/13","元大-萬華",35,94,-59
"4825","2390云辰","110/07/13","摩根大通",502,453,49
"4826","2390云辰","110/07/13","元富-吉利",2,60,-58
"4827","2390云辰","110/07/13","凱基-松山",61,13,48
"4828","2390云辰","110/07/13","兆豐-新竹",3,53,-50
"4829","2390云辰","110/07/13","大昌",64,22,42
"4830","2390云辰","110/07/13","富邦-嘉義",65,108,-43
"4831","2363矽統","110/07/13","凱基-南崁",2133,63,2070
"4832","2363矽統","110/07/13","凱基-幸福",36,4048,-4012
"4833","2363矽統","110/07/13","國泰-敦南",2195,1617,578
"4834","2363矽統","110/07/13","統一",192,3325,-3133
"4835","2363矽統","110/07/13","中農",670,139,531
"4836","2363矽統","110/07/13","新加坡商瑞銀",1000,2747,-1747
"4837","2363矽統","110/07/13","康和-台中",638,154,484
"4838","2363矽統","110/07/13","凱基-台北",5359,6609,-1250
"4839","2363矽統","110/07/13","群益金鼎-三民",577,137,440
"4840","2363矽統","110/07/13","摩根大通",1930,2858,-928
"4841","2363矽統","110/07/13","台新-屏東",510,88,422
"4842","2363矽統","110/07/13","港商野村",960,1679,-719
"4843","2363矽統","110/07/13","德信-中正",455,67,388
"4844","2363矽統","110/07/13","兆豐-復興",25,705,-680
"4845","2363矽統","110/07/13","日盛-竹北",365,70,295
"4846","2363矽統","110/07/13","統一-仁愛",114,755,-641
"4847","2363矽統","110/07/13","元大-佳里",452,189,263
"4848","2363矽統","110/07/13","統一-敦南",29,638,-609
"4849","2363矽統","110/07/13","國票-博愛",296,38,258
"4850","2363矽統","110/07/13","統一-土城",100,704,-604
"4851","2363矽統","110/07/13","元大-萬華",340,95,245
"4852","2363矽統","110/07/13","統一-城中",116,676,-560
"4853","2363矽統","110/07/13","新光",1259,1031,228
"4854","2363矽統","110/07/13","永豐金證券",306,859,-553
"4855","2363矽統","110/07/13","元富-成功",323,96,227
"4856","2363矽統","110/07/13","元富",54,567,-513
"4857","2363矽統","110/07/13","豐農",228,23,205
"4858","2363矽統","110/07/13","瑞士信貸",202,666,-464
"4859","2363矽統","110/07/13","台灣企銀-岡山",186,4,182
"4860","2363矽統","110/07/13","永豐金-嘉義",67,468,-401
"4861","8112至上","110/07/13","摩根大通",688,296,392
"4862","8112至上","110/07/13","國票-中和",0,401,-401
"4863","8112至上","110/07/13","港商野村",344,145,199
"4864","8112至上","110/07/13","永豐金-板盛",0,205,-205
"4865","8112至上","110/07/13","兆豐-公益",195,5,190
"4866","8112至上","110/07/13","凱基-五股",43,155,-112
"4867","8112至上","110/07/13","台灣摩根士丹利",183,0,183
"4868","8112至上","110/07/13","凱基-市政",0,100,-100
"4869","8112至上","110/07/13","群益金鼎-敦南",153,2,151
"4870","8112至上","110/07/13","元大-大里德芳",1,92,-91
"4871","8112至上","110/07/13","臺銀-金山",146,26,120
"4872","8112至上","110/07/13","玉山-桃園",26,110,-84
"4873","8112至上","110/07/13","臺銀",133,19,114
"4874","8112至上","110/07/13","兆豐-天母",0,81,-81
"4875","8112至上","110/07/13","合庫-台中",115,6,109
"4876","8112至上","110/07/13","凱基-城中",3,84,-81
"4877","8112至上","110/07/13","亞東-板橋",134,26,108
"4878","8112至上","110/07/13","日盛-新莊",9,85,-76
"4879","8112至上","110/07/13","凱基-台北",414,326,88
"4880","8112至上","110/07/13","日盛-台中",2,64,-62
"4881","8112至上","110/07/13","新加坡商瑞銀",181,100,81
"4882","8112至上","110/07/13","日盛-中壢",3,64,-61
"4883","8112至上","110/07/13","國泰-敦南",108,31,77
"4884","8112至上","110/07/13","元大-台中",2,59,-57
"4885","8112至上","110/07/13","第一金-華江",77,4,73
"4886","8112至上","110/07/13","元大-雙和",7,64,-57
"4887","8112至上","110/07/13","永豐金-內湖",73,1,72
"4888","8112至上","110/07/13","元大-高雄",8,62,-54
"4889","8112至上","110/07/13","元大-永和",68,1,67
"4890","8112至上","110/07/13","元大-館前",2,55,-53
"4891","4903聯光通","110/07/13","台灣企銀-太平",56,0,56
"4892","4903聯光通","110/07/13","土銀",0,32,-32
"4893","4903聯光通","110/07/13","元富-新興",23,0,23
"4894","4903聯光通","110/07/13","元大-樹林",0,19,-19
"4895","4903聯光通","110/07/13","日盛-樹林",22,0,22
"4896","4903聯光通","110/07/13","凱基-士林",0,17,-17
"4897","4903聯光通","110/07/13","兆豐-天母",20,0,20
"4898","4903聯光通","110/07/13","國票-博愛",0,14,-14
"4899","4903聯光通","110/07/13","華南永昌-桃園",20,0,20
"4900","4903聯光通","110/07/13","元富",0,10,-10
"4901","4903聯光通","110/07/13","富邦-新店",10,0,10
"4902","4903聯光通","110/07/13","新光",0,10,-10
"4903","4903聯光通","110/07/13","新光-台中",5,0,5
"4904","4903聯光通","110/07/13","玉山-南京東路",0,10,-10
"4905","4903聯光通","110/07/13","華南永昌-台中",5,0,5
"4906","4903聯光通","110/07/13","富邦-陽明",0,10,-10
"4907","4903聯光通","110/07/13","元大-崇德",5,0,5
"4908","4903聯光通","110/07/13","元大-大甲",0,8,-8
"4909","4903聯光通","110/07/13","元大-草屯",5,0,5
"4910","4903聯光通","110/07/13","富邦-台中",0,7,-7
"4911","4903聯光通","110/07/13","元富-草屯",4,0,4
"4912","4903聯光通","110/07/13","凱基-中壢",0,6,-6
"4913","4903聯光通","110/07/13","元大-清水",4,0,4
"4914","4903聯光通","110/07/13","臺銀-民權",0,5,-5
"4915","4903聯光通","110/07/13","元大-東泰",4,0,4
"4916","4903聯光通","110/07/13","日盛-板橋",0,5,-5
"4917","4903聯光通","110/07/13","元大-佳里",2,0,2
"4918","4903聯光通","110/07/13","中國信託-忠孝",0,5,-5
"4919","4903聯光通","110/07/13","永豐金-板橋",2,0,2
"4920","4903聯光通","110/07/13","永豐金-鳳山",0,5,-5
"4921","2929淘帝","110/07/13","玉山-新竹",130,0,130
"4922","2929淘帝","110/07/13","美商高盛",0,177,-177
"4923","2929淘帝","110/07/13","臺銀-民權",60,0,60
"4924","2929淘帝","110/07/13","凱基-台北",6,80,-74
"4925","2929淘帝","110/07/13","新百王",31,0,31
"4926","2929淘帝","110/07/13","元富-大裕",0,49,-49
"4927","2929淘帝","110/07/13","日盛-園區",30,0,30
"4928","2929淘帝","110/07/13","國泰-館前",3,51,-48
"4929","2929淘帝","110/07/13","元大-南投",31,1,30
"4930","2929淘帝","110/07/13","凱基-中壢",0,41,-41
"4931","2929淘帝","110/07/13","兆豐-忠孝",28,0,28
"4932","2929淘帝","110/07/13","港商野村",21,55,-34
"4933","2929淘帝","110/07/13","元大-民生",28,0,28
"4934","2929淘帝","110/07/13","華南永昌-南京",2,34,-32
"4935","2929淘帝","110/07/13","合庫-高雄",27,0,27
"4936","2929淘帝","110/07/13","群益金鼎-土城",0,30,-30
"4937","2929淘帝","110/07/13","凱基-豐中",27,0,27
"4938","2929淘帝","110/07/13","富邦-南屯",0,22,-22
"4939","2929淘帝","110/07/13","新光",21,4,17
"4940","2929淘帝","110/07/13","第一金-豐原",0,20,-20
"4941","2929淘帝","110/07/13","元大-天母",17,0,17
"4942","2929淘帝","110/07/13","元大-屏南",6,26,-20
"4943","2929淘帝","110/07/13","永興",14,0,14
"4944","2929淘帝","110/07/13","永豐金-敦南",1,21,-20
"4945","2929淘帝","110/07/13","富邦-台北",12,0,12
"4946","2929淘帝","110/07/13","凱基-三重",2,21,-19
"4947","2929淘帝","110/07/13","元大-永和",12,0,12
"4948","2929淘帝","110/07/13","富邦-仁愛",7,25,-18
"4949","2929淘帝","110/07/13","國票-天祥",11,0,11
"4950","2929淘帝","110/07/13","元大-北投",0,16,-16
"4951","5410國眾","110/07/13","兆豐-城中",274,0,274
"4952","5410國眾","110/07/13","元富-嘉義",0,103,-103
"4953","5410國眾","110/07/13","新光",50,4,46
"4954","5410國眾","110/07/13","凱基-台北",0,50,-50
"4955","5410國眾","110/07/13","國泰-台中",26,0,26
"4956","5410國眾","110/07/13","瑞士信貸",0,31,-31
"4957","5410國眾","110/07/13","新加坡商瑞銀",22,0,22
"4958","5410國眾","110/07/13","台新-新莊",0,27,-27
"4959","5410國眾","110/07/13","光和-嘉義",20,0,20
"4960","5410國眾","110/07/13","元大-汐止",0,20,-20
"4961","5410國眾","110/07/13","凱基-竹北",17,0,17
"4962","5410國眾","110/07/13","亞東-新竹",0,17,-17
"4963","5410國眾","110/07/13","新光-桃園",15,0,15
"4964","5410國眾","110/07/13","元大-南勢角",0,13,-13
"4965","5410國眾","110/07/13","凱基-台東",14,0,14
"4966","5410國眾","110/07/13","台新-台南",0,12,-12
"4967","5410國眾","110/07/13","富邦-竹北",11,0,11
"4968","5410國眾","110/07/13","中國信託",0,11,-11
"4969","5410國眾","110/07/13","元富-同大",10,0,10
"4970","5410國眾","110/07/13","華南永昌",0,11,-11
"4971","5410國眾","110/07/13","國泰-敦南",24,15,9
"4972","5410國眾","110/07/13","臺銀-臺南",0,10,-10
"4973","5410國眾","110/07/13","日盛-內湖",7,0,7
"4974","5410國眾","110/07/13","台灣企銀-民雄",0,10,-10
"4975","5410國眾","110/07/13","台新-左楠",7,0,7
"4976","5410國眾","110/07/13","高橋",0,10,-10
"4977","5410國眾","110/07/13","元大-新盛",18,12,6
"4978","5410國眾","110/07/13","康和-嘉義",0,10,-10
"4979","5410國眾","110/07/13","統一",5,0,5
"4980","5410國眾","110/07/13","凱基-基隆",0,10,-10
"4981","2841台開","110/07/13","中國信託-高雄",251,50,201
"4982","2841台開","110/07/13","兆豐-公益",0,177,-177
"4983","2841台開","110/07/13","日盛證券",210,13,197
"4984","2841台開","110/07/13","日進",0,152,-152
"4985","2841台開","110/07/13","第一金-台中",55,0,55
"4986","2841台開","110/07/13","港商野村",0,109,-109
"4987","2841台開","110/07/13","國泰-板橋",46,0,46
"4988","2841台開","110/07/13","日盛-信義",0,103,-103
"4989","2841台開","110/07/13","國泰-館前",48,3,45
"4990","2841台開","110/07/13","國泰-敦南",11,75,-64
"4991","2841台開","110/07/13","華南永昌-新莊",45,0,45
"4992","2841台開","110/07/13","永興",0,50,-50
"4993","2841台開","110/07/13","日盛-園區",42,0,42
"4994","2841台開","110/07/13","永豐金-敦南",61,104,-43
"4995","2841台開","110/07/13","台新證券",32,0,32
"4996","2841台開","110/07/13","富邦-台南",0,42,-42
"4997","2841台開","110/07/13","台新-高雄",32,2,30
"4998","2841台開","110/07/13","國票-安和",0,30,-30
"4999","2841台開","110/07/13","豐農",23,0,23
"5000","2841台開","110/07/13","元大-桃園",0,25,-25
"5001","2841台開","110/07/13","合庫-嘉義",20,0,20
"5002","2841台開","110/07/13","新光",8,32,-24
"5003","2841台開","110/07/13","華南永昌-高雄",20,0,20
"5004","2841台開","110/07/13","元大-仁愛",0,24,-24
"5005","2841台開","110/07/13","元大-樹林",16,0,16
"5006","2841台開","110/07/13","日盛-中和",0,20,-20
"5007","2841台開","110/07/13","第一金-華江",15,2,13
"5008","2841台開","110/07/13","元富",0,20,-20
"5009","2841台開","110/07/13","美商高盛",12,0,12
"5010","2841台開","110/07/13","富邦-宜蘭",0,20,-20
"5011","6207雷科","110/07/13","元大-高雄",121,0,121
"5012","6207雷科","110/07/13","華南永昌-朴子",1,60,-59
"5013","6207雷科","110/07/13","第一金-新興",20,0,20
"5014","6207雷科","110/07/13","元大-南海",0,36,-36
"5015","6207雷科","110/07/13","元富-三重",20,0,20
"5016","6207雷科","110/07/13","凱基-土城",0,35,-35
"5017","6207雷科","110/07/13","元大-林園",15,0,15
"5018","6207雷科","110/07/13","台灣企銀",0,20,-20
"5019","6207雷科","110/07/13","元大-金華",16,1,15
"5020","6207雷科","110/07/13","群益金鼎-丹鳳",0,20,-20
"5021","6207雷科","110/07/13","日盛證券",10,0,10
"5022","6207雷科","110/07/13","元大-博愛",0,17,-17
"5023","6207雷科","110/07/13","統一-台中",10,0,10
"5024","6207雷科","110/07/13","元大-北港",0,13,-13
"5025","6207雷科","110/07/13","群益金鼎-土城",10,0,10
"5026","6207雷科","110/07/13","新加坡商瑞銀",0,12,-12
"5027","6207雷科","110/07/13","群益金鼎-桃園",10,0,10
"5028","6207雷科","110/07/13","凱基-台北",4,16,-12
"5029","6207雷科","110/07/13","永豐金-新莊",10,0,10
"5030","6207雷科","110/07/13","日茂-埔里",0,11,-11
"5031","6207雷科","110/07/13","永豐金-新店",10,0,10
"5032","6207雷科","110/07/13","元大-莒光",0,11,-11
"5033","6207雷科","110/07/13","元大證券",9,0,9
"5034","6207雷科","110/07/13","統一-新竹",0,10,-10
"5035","6207雷科","110/07/13","日盛-木柵",9,1,8
"5036","6207雷科","110/07/13","元大-西螺",0,10,-10
"5037","6207雷科","110/07/13","兆豐-來福",8,0,8
"5038","6207雷科","110/07/13","康和-台中",0,8,-8
"5039","6207雷科","110/07/13","新光",7,0,7
"5040","6207雷科","110/07/13","兆豐-高雄",0,6,-6
"5041","3679新至陞","110/07/13","永豐金證券",50,0,50
"5042","3679新至陞","110/07/13","摩根大通",2,25,-23
"5043","3679新至陞","110/07/13","國泰-桃園",22,0,22
"5044","3679新至陞","110/07/13","元大-成功",0,22,-22
"5045","3679新至陞","110/07/13","台中銀-員林",11,0,11
"5046","3679新至陞","110/07/13","富邦-板橋",1,19,-18
"5047","3679新至陞","110/07/13","元大-文心興安",8,0,8
"5048","3679新至陞","110/07/13","日盛-新莊",0,10,-10
"5049","3679新至陞","110/07/13","美商高盛",6,0,6
"5050","3679新至陞","110/07/13","台新-台中",0,10,-10
"5051","3679新至陞","110/07/13","台新-高雄",6,0,6
"5052","3679新至陞","110/07/13","永豐金-新竹",0,8,-8
"5053","3679新至陞","110/07/13","凱基-台北",18,12,6
"5054","3679新至陞","110/07/13","瑞士信貸",12,19,-7
"5055","3679新至陞","110/07/13","日盛-復興",5,0,5
"5056","3679新至陞","110/07/13","統一-南京",0,7,-7
"5057","3679新至陞","110/07/13","(牛牛牛)亞-鑫豐",4,0,4
"5058","3679新至陞","110/07/13","凱基-新莊",0,7,-7
"5059","3679新至陞","110/07/13","元富-大昌",3,0,3
"5060","3679新至陞","110/07/13","新加坡商瑞銀",0,6,-6
"5061","3679新至陞","110/07/13","富邦-台北",3,0,3
"5062","3679新至陞","110/07/13","合庫-自強",0,5,-5
"5063","3679新至陞","110/07/13","日盛-樹林",2,0,2
"5064","3679新至陞","110/07/13","富邦-桃園",0,5,-5
"5065","3679新至陞","110/07/13","宏遠-光隆",2,0,2
"5066","3679新至陞","110/07/13","永豐金-潮州",0,4,-4
"5067","3679新至陞","110/07/13","美林",3,1,2
"5068","3679新至陞","110/07/13","臺銀-臺南",0,3,-3
"5069","3679新至陞","110/07/13","第一金-中壢",2,0,2
"5070","3679新至陞","110/07/13","元大-六合",0,3,-3
"5071","2727王品","110/07/13","富邦-台北",43,3,40
"5072","2727王品","110/07/13","台灣摩根士丹利",15,97,-82
"5073","2727王品","110/07/13","元大-基隆孝二",40,0,40
"5074","2727王品","110/07/13","玉山-台南",5,57,-52
"5075","2727王品","110/07/13","國票-新莊",40,1,39
"5076","2727王品","110/07/13","新加坡商瑞銀",0,48,-48
"5077","2727王品","110/07/13","第一金-豐原",66,42,24
"5078","2727王品","110/07/13","凱基-台北",41,77,-36
"5079","2727王品","110/07/13","永豐金-大園",34,10,24
"5080","2727王品","110/07/13","永豐金-永康",0,22,-22
"5081","2727王品","110/07/13","元大-北屯",22,0,22
"5082","2727王品","110/07/13","統一-台中",2,22,-20
"5083","2727王品","110/07/13","元大-東蘆",26,7,19
"5084","2727王品","110/07/13","國泰-台中",21,39,-18
"5085","2727王品","110/07/13","永豐金-萬盛",13,1,12
"5086","2727王品","110/07/13","合庫-彰化",3,20,-17
"5087","2727王品","110/07/13","日盛-嘉義",11,0,11
"5088","2727王品","110/07/13","港商野村",13,30,-17
"5089","2727王品","110/07/13","日盛-八德",11,0,11
"5090","2727王品","110/07/13","元大-楊梅",1,16,-15
"5091","2727王品","110/07/13","統一-竹南",11,0,11
"5092","2727王品","110/07/13","凱基-高美館",2,15,-13
"5093","2727王品","110/07/13","日盛-士林",12,2,10
"5094","2727王品","110/07/13","美商高盛",2,14,-12
"5095","2727王品","110/07/13","統一-敦南",10,0,10
"5096","2727王品","110/07/13","統一-平鎮",1,13,-12
"5097","2727王品","110/07/13","中國信託",15,5,10
"5098","2727王品","110/07/13","兆豐-台中港",4,16,-12
"5099","2727王品","110/07/13","兆豐-竹北",13,3,10
"5100","2727王品","110/07/13","凱基-八德",1,13,-12
"5101","1570力肯","110/07/13","新光",115,11,104
"5102","1570力肯","110/07/13","元大-北三重",0,162,-162
"5103","1570力肯","110/07/13","群益金鼎-高雄",54,0,54
"5104","1570力肯","110/07/13","元大-大灣",0,25,-25
"5105","1570力肯","110/07/13","國票-新莊",22,0,22
"5106","1570力肯","110/07/13","永豐金-苓雅",0,22,-22
"5107","1570力肯","110/07/13","日盛-桃園",12,0,12
"5108","1570力肯","110/07/13","永豐金-永康",0,19,-19
"5109","1570力肯","110/07/13","元大-高雄",12,0,12
"5110","1570力肯","110/07/13","富邦-員林",0,15,-15
"5111","1570力肯","110/07/13","合庫-自強",11,0,11
"5112","1570力肯","110/07/13","凱基-台南",0,11,-11
"5113","1570力肯","110/07/13","摩根大通",26,15,11
"5114","1570力肯","110/07/13","日盛-竹北",0,10,-10
"5115","1570力肯","110/07/13","永豐金-中盛",11,0,11
"5116","1570力肯","110/07/13","國票-九鼎",0,10,-10
"5117","1570力肯","110/07/13","兆豐-台中港",10,0,10
"5118","1570力肯","110/07/13","凱基-桃園",0,10,-10
"5119","1570力肯","110/07/13","國泰-松江",9,0,9
"5120","1570力肯","110/07/13","凱基-新豐",0,10,-10
"5121","1570力肯","110/07/13","元大-新盛",9,0,9
"5122","1570力肯","110/07/13","元大-學甲",0,10,-10
"5123","1570力肯","110/07/13","元富-緯城",6,0,6
"5124","1570力肯","110/07/13","群益金鼎-東湖",1,10,-9
"5125","1570力肯","110/07/13","統一-三重",5,0,5
"5126","1570力肯","110/07/13","大昌",0,6,-6
"5127","1570力肯","110/07/13","元大-前金",5,0,5
"5128","1570力肯","110/07/13","元大-土城學府",0,6,-6
"5129","1570力肯","110/07/13","永豐金證券",5,0,5
"5130","1570力肯","110/07/13","統一",0,5,-5
"5131","6180橘子","110/07/13","摩根大通",119,0,119
"5132","6180橘子","110/07/13","元大-崇德",2,61,-59
"5133","6180橘子","110/07/13","美商高盛",96,0,96
"5134","6180橘子","110/07/13","康和-台中",0,51,-51
"5135","6180橘子","110/07/13","新加坡商瑞銀",86,7,79
"5136","6180橘子","110/07/13","康和-台北",0,50,-50
"5137","6180橘子","110/07/13","元大-和平",40,0,40
"5138","6180橘子","110/07/13","元富-潮州",0,40,-40
"5139","6180橘子","110/07/13","凱基-台北",83,47,36
"5140","6180橘子","110/07/13","日盛-永康",0,26,-26
"5141","6180橘子","110/07/13","美林",39,5,34
"5142","6180橘子","110/07/13","永豐金-中正",0,24,-24
"5143","6180橘子","110/07/13","富邦-新竹華信",31,2,29
"5144","6180橘子","110/07/13","國泰-板橋",2,25,-23
"5145","6180橘子","110/07/13","統一-南京",21,0,21
"5146","6180橘子","110/07/13","日盛-大墩",0,20,-20
"5147","6180橘子","110/07/13","富邦-陽明",24,3,21
"5148","6180橘子","110/07/13","元大-草屯",13,32,-19
"5149","6180橘子","110/07/13","大昌-樹林",21,1,20
"5150","6180橘子","110/07/13","元富-林園",1,18,-17
"5151","6180橘子","110/07/13","花旗環球",19,0,19
"5152","6180橘子","110/07/13","新光-新竹",1,18,-17
"5153","6180橘子","110/07/13","華南永昌-台南",19,0,19
"5154","6180橘子","110/07/13","元大-土城永寧",0,17,-17
"5155","6180橘子","110/07/13","福勝",14,0,14
"5156","6180橘子","110/07/13","國泰-新莊",3,19,-16
"5157","6180橘子","110/07/13","富邦-嘉義",12,1,11
"5158","6180橘子","110/07/13","中國信託-永康",6,21,-15
"5159","6180橘子","110/07/13","元大-板橋三民",11,0,11
"5160","6180橘子","110/07/13","凱基-東港",1,15,-14
"5161","2390云辰","110/07/13","新加坡商瑞銀",562,75,487
"5162","2390云辰","110/07/13","大展-台南",0,532,-532
"5163","2390云辰","110/07/13","台灣摩根士丹利",330,155,175
"5164","2390云辰","110/07/13","凱基-台北",668,854,-186
"5165","2390云辰","110/07/13","兆豐-公益",126,25,101
"5166","2390云辰","110/07/13","凱基-三重",12,172,-160
"5167","2390云辰","110/07/13","元富-中港",100,2,98
"5168","2390云辰","110/07/13","兆豐-忠孝",4,161,-157
"5169","2390云辰","110/07/13","統一-新台中",106,9,97
"5170","2390云辰","110/07/13","元大-士林",19,170,-151
"5171","2390云辰","110/07/13","中國信託-松江",81,11,70
"5172","2390云辰","110/07/13","臺銀-新竹",14,117,-103
"5173","2390云辰","110/07/13","日盛-板橋",72,3,69
"5174","2390云辰","110/07/13","國票-台中",4,102,-98
"5175","2390云辰","110/07/13","日盛-和美",57,0,57
"5176","2390云辰","110/07/13","新光",147,232,-85
"5177","2390云辰","110/07/13","永豐金-桃園",88,36,52
"5178","2390云辰","110/07/13","致和-崇德",2,70,-68
"5179","2390云辰","110/07/13","玉山-士林",54,4,50
"5180","2390云辰","110/07/13","群益金鼎-屏東",2,70,-68
"5181","2390云辰","110/07/13","富邦-仁愛",56,6,50
"5182","2390云辰","110/07/13","元大-大里",35,98,-63
"5183","2390云辰","110/07/13","第一金-豐原",50,1,49
"5184","2390云辰","110/07/13","元大-萬華",35,94,-59
"5185","2390云辰","110/07/13","摩根大通",502,453,49
"5186","2390云辰","110/07/13","元富-吉利",2,60,-58
"5187","2390云辰","110/07/13","凱基-松山",61,13,48
"5188","2390云辰","110/07/13","兆豐-新竹",3,53,-50
"5189","2390云辰","110/07/13","大昌",64,22,42
"5190","2390云辰","110/07/13","富邦-嘉義",65,108,-43
"5191","2363矽統","110/07/13","凱基-南崁",2133,63,2070
"5192","2363矽統","110/07/13","凱基-幸福",36,4048,-4012
"5193","2363矽統","110/07/13","國泰-敦南",2195,1617,578
"5194","2363矽統","110/07/13","統一",192,3325,-3133
"5195","2363矽統","110/07/13","中農",670,139,531
"5196","2363矽統","110/07/13","新加坡商瑞銀",1000,2747,-1747
"5197","2363矽統","110/07/13","康和-台中",638,154,484
"5198","2363矽統","110/07/13","凱基-台北",5359,6609,-1250
"5199","2363矽統","110/07/13","群益金鼎-三民",577,137,440
"5200","2363矽統","110/07/13","摩根大通",1930,2858,-928
"5201","2363矽統","110/07/13","台新-屏東",510,88,422
"5202","2363矽統","110/07/13","港商野村",960,1679,-719
"5203","2363矽統","110/07/13","德信-中正",455,67,388
"5204","2363矽統","110/07/13","兆豐-復興",25,705,-680
"5205","2363矽統","110/07/13","日盛-竹北",365,70,295
"5206","2363矽統","110/07/13","統一-仁愛",114,755,-641
"5207","2363矽統","110/07/13","元大-佳里",452,189,263
"5208","2363矽統","110/07/13","統一-敦南",29,638,-609
"5209","2363矽統","110/07/13","國票-博愛",296,38,258
"5210","2363矽統","110/07/13","統一-土城",100,704,-604
"5211","2363矽統","110/07/13","元大-萬華",340,95,245
"5212","2363矽統","110/07/13","統一-城中",116,676,-560
"5213","2363矽統","110/07/13","新光",1259,1031,228
"5214","2363矽統","110/07/13","永豐金證券",306,859,-553
"5215","2363矽統","110/07/13","元富-成功",323,96,227
"5216","2363矽統","110/07/13","元富",54,567,-513
"5217","2363矽統","110/07/13","豐農",228,23,205
"5218","2363矽統","110/07/13","瑞士信貸",202,666,-464
"5219","2363矽統","110/07/13","台灣企銀-岡山",186,4,182
"5220","2363矽統","110/07/13","永豐金-嘉義",67,468,-401
"5221","8112至上","110/07/13","摩根大通",688,296,392
"5222","8112至上","110/07/13","國票-中和",0,401,-401
"5223","8112至上","110/07/13","港商野村",344,145,199
"5224","8112至上","110/07/13","永豐金-板盛",0,205,-205
"5225","8112至上","110/07/13","兆豐-公益",195,5,190
"5226","8112至上","110/07/13","凱基-五股",43,155,-112
"5227","8112至上","110/07/13","台灣摩根士丹利",183,0,183
"5228","8112至上","110/07/13","凱基-市政",0,100,-100
"5229","8112至上","110/07/13","群益金鼎-敦南",153,2,151
"5230","8112至上","110/07/13","元大-大里德芳",1,92,-91
"5231","8112至上","110/07/13","臺銀-金山",146,26,120
"5232","8112至上","110/07/13","玉山-桃園",26,110,-84
"5233","8112至上","110/07/13","臺銀",133,19,114
"5234","8112至上","110/07/13","兆豐-天母",0,81,-81
"5235","8112至上","110/07/13","合庫-台中",115,6,109
"5236","8112至上","110/07/13","凱基-城中",3,84,-81
"5237","8112至上","110/07/13","亞東-板橋",134,26,108
"5238","8112至上","110/07/13","日盛-新莊",9,85,-76
"5239","8112至上","110/07/13","凱基-台北",414,326,88
"5240","8112至上","110/07/13","日盛-台中",2,64,-62
"5241","8112至上","110/07/13","新加坡商瑞銀",181,100,81
"5242","8112至上","110/07/13","日盛-中壢",3,64,-61
"5243","8112至上","110/07/13","國泰-敦南",108,31,77
"5244","8112至上","110/07/13","元大-台中",2,59,-57
"5245","8112至上","110/07/13","第一金-華江",77,4,73
"5246","8112至上","110/07/13","元大-雙和",7,64,-57
"5247","8112至上","110/07/13","永豐金-內湖",73,1,72
"5248","8112至上","110/07/13","元大-高雄",8,62,-54
"5249","8112至上","110/07/13","元大-永和",68,1,67
"5250","8112至上","110/07/13","元大-館前",2,55,-53
"5251","4903聯光通","110/07/13","台灣企銀-太平",56,0,56
"5252","4903聯光通","110/07/13","土銀",0,32,-32
"5253","4903聯光通","110/07/13","元富-新興",23,0,23
"5254","4903聯光通","110/07/13","元大-樹林",0,19,-19
"5255","4903聯光通","110/07/13","日盛-樹林",22,0,22
"5256","4903聯光通","110/07/13","凱基-士林",0,17,-17
"5257","4903聯光通","110/07/13","兆豐-天母",20,0,20
"5258","4903聯光通","110/07/13","國票-博愛",0,14,-14
"5259","4903聯光通","110/07/13","華南永昌-桃園",20,0,20
"5260","4903聯光通","110/07/13","元富",0,10,-10
"5261","4903聯光通","110/07/13","富邦-新店",10,0,10
"5262","4903聯光通","110/07/13","新光",0,10,-10
"5263","4903聯光通","110/07/13","新光-台中",5,0,5
"5264","4903聯光通","110/07/13","玉山-南京東路",0,10,-10
"5265","4903聯光通","110/07/13","華南永昌-台中",5,0,5
"5266","4903聯光通","110/07/13","富邦-陽明",0,10,-10
"5267","4903聯光通","110/07/13","元大-崇德",5,0,5
"5268","4903聯光通","110/07/13","元大-大甲",0,8,-8
"5269","4903聯光通","110/07/13","元大-草屯",5,0,5
"5270","4903聯光通","110/07/13","富邦-台中",0,7,-7
"5271","4903聯光通","110/07/13","元富-草屯",4,0,4
"5272","4903聯光通","110/07/13","凱基-中壢",0,6,-6
"5273","4903聯光通","110/07/13","元大-清水",4,0,4
"5274","4903聯光通","110/07/13","臺銀-民權",0,5,-5
"5275","4903聯光通","110/07/13","元大-東泰",4,0,4
"5276","4903聯光通","110/07/13","日盛-板橋",0,5,-5
"5277","4903聯光通","110/07/13","元大-佳里",2,0,2
"5278","4903聯光通","110/07/13","中國信託-忠孝",0,5,-5
"5279","4903聯光通","110/07/13","永豐金-板橋",2,0,2
"5280","4903聯光通","110/07/13","永豐金-鳳山",0,5,-5
"5281","2929淘帝","110/07/13","玉山-新竹",130,0,130
"5282","2929淘帝","110/07/13","美商高盛",0,177,-177
"5283","2929淘帝","110/07/13","臺銀-民權",60,0,60
"5284","2929淘帝","110/07/13","凱基-台北",6,80,-74
"5285","2929淘帝","110/07/13","新百王",31,0,31
"5286","2929淘帝","110/07/13","元富-大裕",0,49,-49
"5287","2929淘帝","110/07/13","日盛-園區",30,0,30
"5288","2929淘帝","110/07/13","國泰-館前",3,51,-48
"5289","2929淘帝","110/07/13","元大-南投",31,1,30
"5290","2929淘帝","110/07/13","凱基-中壢",0,41,-41
"5291","2929淘帝","110/07/13","兆豐-忠孝",28,0,28
"5292","2929淘帝","110/07/13","港商野村",21,55,-34
"5293","2929淘帝","110/07/13","元大-民生",28,0,28
"5294","2929淘帝","110/07/13","華南永昌-南京",2,34,-32
"5295","2929淘帝","110/07/13","合庫-高雄",27,0,27
"5296","2929淘帝","110/07/13","群益金鼎-土城",0,30,-30
"5297","2929淘帝","110/07/13","凱基-豐中",27,0,27
"5298","2929淘帝","110/07/13","富邦-南屯",0,22,-22
"5299","2929淘帝","110/07/13","新光",21,4,17
"5300","2929淘帝","110/07/13","第一金-豐原",0,20,-20
"5301","2929淘帝","110/07/13","元大-天母",17,0,17
"5302","2929淘帝","110/07/13","元大-屏南",6,26,-20
"5303","2929淘帝","110/07/13","永興",14,0,14
"5304","2929淘帝","110/07/13","永豐金-敦南",1,21,-20
"5305","2929淘帝","110/07/13","富邦-台北",12,0,12
"5306","2929淘帝","110/07/13","凱基-三重",2,21,-19
"5307","2929淘帝","110/07/13","元大-永和",12,0,12
"5308","2929淘帝","110/07/13","富邦-仁愛",7,25,-18
"5309","2929淘帝","110/07/13","國票-天祥",11,0,11
"5310","2929淘帝","110/07/13","元大-北投",0,16,-16
"5311","5410國眾","110/07/13","兆豐-城中",274,0,274
"5312","5410國眾","110/07/13","元富-嘉義",0,103,-103
"5313","5410國眾","110/07/13","新光",50,4,46
"5314","5410國眾","110/07/13","凱基-台北",0,50,-50
"5315","5410國眾","110/07/13","國泰-台中",26,0,26
"5316","5410國眾","110/07/13","瑞士信貸",0,31,-31
"5317","5410國眾","110/07/13","新加坡商瑞銀",22,0,22
"5318","5410國眾","110/07/13","台新-新莊",0,27,-27
"5319","5410國眾","110/07/13","光和-嘉義",20,0,20
"5320","5410國眾","110/07/13","元大-汐止",0,20,-20
"5321","5410國眾","110/07/13","凱基-竹北",17,0,17
"5322","5410國眾","110/07/13","亞東-新竹",0,17,-17
"5323","5410國眾","110/07/13","新光-桃園",15,0,15
"5324","5410國眾","110/07/13","元大-南勢角",0,13,-13
"5325","5410國眾","110/07/13","凱基-台東",14,0,14
"5326","5410國眾","110/07/13","台新-台南",0,12,-12
"5327","5410國眾","110/07/13","富邦-竹北",11,0,11
"5328","5410國眾","110/07/13","中國信託",0,11,-11
"5329","5410國眾","110/07/13","元富-同大",10,0,10
"5330","5410國眾","110/07/13","華南永昌",0,11,-11
"5331","5410國眾","110/07/13","國泰-敦南",24,15,9
"5332","5410國眾","110/07/13","臺銀-臺南",0,10,-10
"5333","5410國眾","110/07/13","日盛-內湖",7,0,7
"5334","5410國眾","110/07/13","台灣企銀-民雄",0,10,-10
"5335","5410國眾","110/07/13","台新-左楠",7,0,7
"5336","5410國眾","110/07/13","高橋",0,10,-10
"5337","5410國眾","110/07/13","元大-新盛",18,12,6
"5338","5410國眾","110/07/13","康和-嘉義",0,10,-10
"5339","5410國眾","110/07/13","統一",5,0,5
"5340","5410國眾","110/07/13","凱基-基隆",0,10,-10
"5341","2841台開","110/07/13","中國信託-高雄",251,50,201
"5342","2841台開","110/07/13","兆豐-公益",0,177,-177
"5343","2841台開","110/07/13","日盛證券",210,13,197
"5344","2841台開","110/07/13","日進",0,152,-152
"5345","2841台開","110/07/13","第一金-台中",55,0,55
"5346","2841台開","110/07/13","港商野村",0,109,-109
"5347","2841台開","110/07/13","國泰-板橋",46,0,46
"5348","2841台開","110/07/13","日盛-信義",0,103,-103
"5349","2841台開","110/07/13","國泰-館前",48,3,45
"5350","2841台開","110/07/13","國泰-敦南",11,75,-64
"5351","2841台開","110/07/13","華南永昌-新莊",45,0,45
"5352","2841台開","110/07/13","永興",0,50,-50
"5353","2841台開","110/07/13","日盛-園區",42,0,42
"5354","2841台開","110/07/13","永豐金-敦南",61,104,-43
"5355","2841台開","110/07/13","台新證券",32,0,32
"5356","2841台開","110/07/13","富邦-台南",0,42,-42
"5357","2841台開","110/07/13","台新-高雄",32,2,30
"5358","2841台開","110/07/13","國票-安和",0,30,-30
"5359","2841台開","110/07/13","豐農",23,0,23
"5360","2841台開","110/07/13","元大-桃園",0,25,-25
"5361","2841台開","110/07/13","合庫-嘉義",20,0,20
"5362","2841台開","110/07/13","新光",8,32,-24
"5363","2841台開","110/07/13","華南永昌-高雄",20,0,20
"5364","2841台開","110/07/13","元大-仁愛",0,24,-24
"5365","2841台開","110/07/13","元大-樹林",16,0,16
"5366","2841台開","110/07/13","日盛-中和",0,20,-20
"5367","2841台開","110/07/13","第一金-華江",15,2,13
"5368","2841台開","110/07/13","元富",0,20,-20
"5369","2841台開","110/07/13","美商高盛",12,0,12
"5370","2841台開","110/07/13","富邦-宜蘭",0,20,-20
"5371","6207雷科","110/07/13","元大-高雄",121,0,121
"5372","6207雷科","110/07/13","華南永昌-朴子",1,60,-59
"5373","6207雷科","110/07/13","第一金-新興",20,0,20
"5374","6207雷科","110/07/13","元大-南海",0,36,-36
"5375","6207雷科","110/07/13","元富-三重",20,0,20
"5376","6207雷科","110/07/13","凱基-土城",0,35,-35
"5377","6207雷科","110/07/13","元大-林園",15,0,15
"5378","6207雷科","110/07/13","台灣企銀",0,20,-20
"5379","6207雷科","110/07/13","元大-金華",16,1,15
"5380","6207雷科","110/07/13","群益金鼎-丹鳳",0,20,-20
"5381","6207雷科","110/07/13","日盛證券",10,0,10
"5382","6207雷科","110/07/13","元大-博愛",0,17,-17
"5383","6207雷科","110/07/13","統一-台中",10,0,10
"5384","6207雷科","110/07/13","元大-北港",0,13,-13
"5385","6207雷科","110/07/13","群益金鼎-土城",10,0,10
"5386","6207雷科","110/07/13","新加坡商瑞銀",0,12,-12
"5387","6207雷科","110/07/13","群益金鼎-桃園",10,0,10
"5388","6207雷科","110/07/13","凱基-台北",4,16,-12
"5389","6207雷科","110/07/13","永豐金-新莊",10,0,10
"5390","6207雷科","110/07/13","日茂-埔里",0,11,-11
"5391","6207雷科","110/07/13","永豐金-新店",10,0,10
"5392","6207雷科","110/07/13","元大-莒光",0,11,-11
"5393","6207雷科","110/07/13","元大證券",9,0,9
"5394","6207雷科","110/07/13","統一-新竹",0,10,-10
"5395","6207雷科","110/07/13","日盛-木柵",9,1,8
"5396","6207雷科","110/07/13","元大-西螺",0,10,-10
"5397","6207雷科","110/07/13","兆豐-來福",8,0,8
"5398","6207雷科","110/07/13","康和-台中",0,8,-8
"5399","6207雷科","110/07/13","新光",7,0,7
"5400","6207雷科","110/07/13","兆豐-高雄",0,6,-6
"5401","3679新至陞","110/07/13","永豐金證券",50,0,50
"5402","3679新至陞","110/07/13","摩根大通",2,25,-23
"5403","3679新至陞","110/07/13","國泰-桃園",22,0,22
"5404","3679新至陞","110/07/13","元大-成功",0,22,-22
"5405","3679新至陞","110/07/13","台中銀-員林",11,0,11
"5406","3679新至陞","110/07/13","富邦-板橋",1,19,-18
"5407","3679新至陞","110/07/13","元大-文心興安",8,0,8
"5408","3679新至陞","110/07/13","日盛-新莊",0,10,-10
"5409","3679新至陞","110/07/13","美商高盛",6,0,6
"5410","3679新至陞","110/07/13","台新-台中",0,10,-10
"5411","3679新至陞","110/07/13","台新-高雄",6,0,6
"5412","3679新至陞","110/07/13","永豐金-新竹",0,8,-8
"5413","3679新至陞","110/07/13","凱基-台北",18,12,6
"5414","3679新至陞","110/07/13","瑞士信貸",12,19,-7
"5415","3679新至陞","110/07/13","日盛-復興",5,0,5
"5416","3679新至陞","110/07/13","統一-南京",0,7,-7
"5417","3679新至陞","110/07/13","(牛牛牛)亞-鑫豐",4,0,4
"5418","3679新至陞","110/07/13","凱基-新莊",0,7,-7
"5419","3679新至陞","110/07/13","元富-大昌",3,0,3
"5420","3679新至陞","110/07/13","新加坡商瑞銀",0,6,-6
"5421","3679新至陞","110/07/13","富邦-台北",3,0,3
"5422","3679新至陞","110/07/13","合庫-自強",0,5,-5
"5423","3679新至陞","110/07/13","日盛-樹林",2,0,2
"5424","3679新至陞","110/07/13","富邦-桃園",0,5,-5
"5425","3679新至陞","110/07/13","宏遠-光隆",2,0,2
"5426","3679新至陞","110/07/13","永豐金-潮州",0,4,-4
"5427","3679新至陞","110/07/13","美林",3,1,2
"5428","3679新至陞","110/07/13","臺銀-臺南",0,3,-3
"5429","3679新至陞","110/07/13","第一金-中壢",2,0,2
"5430","3679新至陞","110/07/13","元大-六合",0,3,-3
"5431","2727王品","110/07/13","富邦-台北",43,3,40
"5432","2727王品","110/07/13","台灣摩根士丹利",15,97,-82
"5433","2727王品","110/07/13","元大-基隆孝二",40,0,40
"5434","2727王品","110/07/13","玉山-台南",5,57,-52
"5435","2727王品","110/07/13","國票-新莊",40,1,39
"5436","2727王品","110/07/13","新加坡商瑞銀",0,48,-48
"5437","2727王品","110/07/13","第一金-豐原",66,42,24
"5438","2727王品","110/07/13","凱基-台北",41,77,-36
"5439","2727王品","110/07/13","永豐金-大園",34,10,24
"5440","2727王品","110/07/13","永豐金-永康",0,22,-22
"5441","2727王品","110/07/13","元大-北屯",22,0,22
"5442","2727王品","110/07/13","統一-台中",2,22,-20
"5443","2727王品","110/07/13","元大-東蘆",26,7,19
"5444","2727王品","110/07/13","國泰-台中",21,39,-18
"5445","2727王品","110/07/13","永豐金-萬盛",13,1,12
"5446","2727王品","110/07/13","合庫-彰化",3,20,-17
"5447","2727王品","110/07/13","日盛-嘉義",11,0,11
"5448","2727王品","110/07/13","港商野村",13,30,-17
"5449","2727王品","110/07/13","日盛-八德",11,0,11
"5450","2727王品","110/07/13","元大-楊梅",1,16,-15
"5451","2727王品","110/07/13","統一-竹南",11,0,11
"5452","2727王品","110/07/13","凱基-高美館",2,15,-13
"5453","2727王品","110/07/13","日盛-士林",12,2,10
"5454","2727王品","110/07/13","美商高盛",2,14,-12
"5455","2727王品","110/07/13","統一-敦南",10,0,10
"5456","2727王品","110/07/13","統一-平鎮",1,13,-12
"5457","2727王品","110/07/13","中國信託",15,5,10
"5458","2727王品","110/07/13","兆豐-台中港",4,16,-12
"5459","2727王品","110/07/13","兆豐-竹北",13,3,10
"5460","2727王品","110/07/13","凱基-八德",1,13,-12
"5461","1570力肯","110/07/13","新光",115,11,104
"5462","1570力肯","110/07/13","元大-北三重",0,162,-162
"5463","1570力肯","110/07/13","群益金鼎-高雄",54,0,54
"5464","1570力肯","110/07/13","元大-大灣",0,25,-25
"5465","1570力肯","110/07/13","國票-新莊",22,0,22
"5466","1570力肯","110/07/13","永豐金-苓雅",0,22,-22
"5467","1570力肯","110/07/13","日盛-桃園",12,0,12
"5468","1570力肯","110/07/13","永豐金-永康",0,19,-19
"5469","1570力肯","110/07/13","元大-高雄",12,0,12
"5470","1570力肯","110/07/13","富邦-員林",0,15,-15
"5471","1570力肯","110/07/13","合庫-自強",11,0,11
"5472","1570力肯","110/07/13","凱基-台南",0,11,-11
"5473","1570力肯","110/07/13","摩根大通",26,15,11
"5474","1570力肯","110/07/13","日盛-竹北",0,10,-10
"5475","1570力肯","110/07/13","永豐金-中盛",11,0,11
"5476","1570力肯","110/07/13","國票-九鼎",0,10,-10
"5477","1570力肯","110/07/13","兆豐-台中港",10,0,10
"5478","1570力肯","110/07/13","凱基-桃園",0,10,-10
"5479","1570力肯","110/07/13","國泰-松江",9,0,9
"5480","1570力肯","110/07/13","凱基-新豐",0,10,-10
"5481","1570力肯","110/07/13","元大-新盛",9,0,9
"5482","1570力肯","110/07/13","元大-學甲",0,10,-10
"5483","1570力肯","110/07/13","元富-緯城",6,0,6
"5484","1570力肯","110/07/13","群益金鼎-東湖",1,10,-9
"5485","1570力肯","110/07/13","統一-三重",5,0,5
"5486","1570力肯","110/07/13","大昌",0,6,-6
"5487","1570力肯","110/07/13","元大-前金",5,0,5
"5488","1570力肯","110/07/13","元大-土城學府",0,6,-6
"5489","1570力肯","110/07/13","永豐金證券",5,0,5
"5490","1570力肯","110/07/13","統一",0,5,-5
"5491","6180橘子","110/07/13","摩根大通",119,0,119
"5492","6180橘子","110/07/13","元大-崇德",2,61,-59
"5493","6180橘子","110/07/13","美商高盛",96,0,96
"5494","6180橘子","110/07/13","康和-台中",0,51,-51
"5495","6180橘子","110/07/13","新加坡商瑞銀",86,7,79
"5496","6180橘子","110/07/13","康和-台北",0,50,-50
"5497","6180橘子","110/07/13","元大-和平",40,0,40
"5498","6180橘子","110/07/13","元富-潮州",0,40,-40
"5499","6180橘子","110/07/13","凱基-台北",83,47,36
"5500","6180橘子","110/07/13","日盛-永康",0,26,-26
"5501","6180橘子","110/07/13","美林",39,5,34
"5502","6180橘子","110/07/13","永豐金-中正",0,24,-24
"5503","6180橘子","110/07/13","富邦-新竹華信",31,2,29
"5504","6180橘子","110/07/13","國泰-板橋",2,25,-23
"5505","6180橘子","110/07/13","統一-南京",21,0,21
"5506","6180橘子","110/07/13","日盛-大墩",0,20,-20
"5507","6180橘子","110/07/13","富邦-陽明",24,3,21
"5508","6180橘子","110/07/13","元大-草屯",13,32,-19
"5509","6180橘子","110/07/13","大昌-樹林",21,1,20
"5510","6180橘子","110/07/13","元富-林園",1,18,-17
"5511","6180橘子","110/07/13","花旗環球",19,0,19
"5512","6180橘子","110/07/13","新光-新竹",1,18,-17
"5513","6180橘子","110/07/13","華南永昌-台南",19,0,19
"5514","6180橘子","110/07/13","元大-土城永寧",0,17,-17
"5515","6180橘子","110/07/13","福勝",14,0,14
"5516","6180橘子","110/07/13","國泰-新莊",3,19,-16
"5517","6180橘子","110/07/13","富邦-嘉義",12,1,11
"5518","6180橘子","110/07/13","中國信託-永康",6,21,-15
"5519","6180橘子","110/07/13","元大-板橋三民",11,0,11
"5520","6180橘子","110/07/13","凱基-東港",1,15,-14
"5521","2390云辰","110/07/13","新加坡商瑞銀",562,75,487
"5522","2390云辰","110/07/13","大展-台南",0,532,-532
"5523","2390云辰","110/07/13","台灣摩根士丹利",330,155,175
"5524","2390云辰","110/07/13","凱基-台北",668,854,-186
"5525","2390云辰","110/07/13","兆豐-公益",126,25,101
"5526","2390云辰","110/07/13","凱基-三重",12,172,-160
"5527","2390云辰","110/07/13","元富-中港",100,2,98
"5528","2390云辰","110/07/13","兆豐-忠孝",4,161,-157
"5529","2390云辰","110/07/13","統一-新台中",106,9,97
"5530","2390云辰","110/07/13","元大-士林",19,170,-151
"5531","2390云辰","110/07/13","中國信託-松江",81,11,70
"5532","2390云辰","110/07/13","臺銀-新竹",14,117,-103
"5533","2390云辰","110/07/13","日盛-板橋",72,3,69
"5534","2390云辰","110/07/13","國票-台中",4,102,-98
"5535","2390云辰","110/07/13","日盛-和美",57,0,57
"5536","2390云辰","110/07/13","新光",147,232,-85
"5537","2390云辰","110/07/13","永豐金-桃園",88,36,52
"5538","2390云辰","110/07/13","致和-崇德",2,70,-68
"5539","2390云辰","110/07/13","玉山-士林",54,4,50
"5540","2390云辰","110/07/13","群益金鼎-屏東",2,70,-68
"5541","2390云辰","110/07/13","富邦-仁愛",56,6,50
"5542","2390云辰","110/07/13","元大-大里",35,98,-63
"5543","2390云辰","110/07/13","第一金-豐原",50,1,49
"5544","2390云辰","110/07/13","元大-萬華",35,94,-59
"5545","2390云辰","110/07/13","摩根大通",502,453,49
"5546","2390云辰","110/07/13","元富-吉利",2,60,-58
"5547","2390云辰","110/07/13","凱基-松山",61,13,48
"5548","2390云辰","110/07/13","兆豐-新竹",3,53,-50
"5549","2390云辰","110/07/13","大昌",64,22,42
"5550","2390云辰","110/07/13","富邦-嘉義",65,108,-43
"5551","2363矽統","110/07/13","凱基-南崁",2133,63,2070
"5552","2363矽統","110/07/13","凱基-幸福",36,4048,-4012
"5553","2363矽統","110/07/13","國泰-敦南",2195,1617,578
"5554","2363矽統","110/07/13","統一",192,3325,-3133
"5555","2363矽統","110/07/13","中農",670,139,531
"5556","2363矽統","110/07/13","新加坡商瑞銀",1000,2747,-1747
"5557","2363矽統","110/07/13","康和-台中",638,154,484
"5558","2363矽統","110/07/13","凱基-台北",5359,6609,-1250
"5559","2363矽統","110/07/13","群益金鼎-三民",577,137,440
"5560","2363矽統","110/07/13","摩根大通",1930,2858,-928
"5561","2363矽統","110/07/13","台新-屏東",510,88,422
"5562","2363矽統","110/07/13","港商野村",960,1679,-719
"5563","2363矽統","110/07/13","德信-中正",455,67,388
"5564","2363矽統","110/07/13","兆豐-復興",25,705,-680
"5565","2363矽統","110/07/13","日盛-竹北",365,70,295
"5566","2363矽統","110/07/13","統一-仁愛",114,755,-641
"5567","2363矽統","110/07/13","元大-佳里",452,189,263
"5568","2363矽統","110/07/13","統一-敦南",29,638,-609
"5569","2363矽統","110/07/13","國票-博愛",296,38,258
"5570","2363矽統","110/07/13","統一-土城",100,704,-604
"5571","2363矽統","110/07/13","元大-萬華",340,95,245
"5572","2363矽統","110/07/13","統一-城中",116,676,-560
"5573","2363矽統","110/07/13","新光",1259,1031,228
"5574","2363矽統","110/07/13","永豐金證券",306,859,-553
"5575","2363矽統","110/07/13","元富-成功",323,96,227
"5576","2363矽統","110/07/13","元富",54,567,-513
"5577","2363矽統","110/07/13","豐農",228,23,205
"5578","2363矽統","110/07/13","瑞士信貸",202,666,-464
"5579","2363矽統","110/07/13","台灣企銀-岡山",186,4,182
"5580","2363矽統","110/07/13","永豐金-嘉義",67,468,-401
"5581","8112至上","110/07/13","摩根大通",688,296,392
"5582","8112至上","110/07/13","國票-中和",0,401,-401
"5583","8112至上","110/07/13","港商野村",344,145,199
"5584","8112至上","110/07/13","永豐金-板盛",0,205,-205
"5585","8112至上","110/07/13","兆豐-公益",195,5,190
"5586","8112至上","110/07/13","凱基-五股",43,155,-112
"5587","8112至上","110/07/13","台灣摩根士丹利",183,0,183
"5588","8112至上","110/07/13","凱基-市政",0,100,-100
"5589","8112至上","110/07/13","群益金鼎-敦南",153,2,151
"5590","8112至上","110/07/13","元大-大里德芳",1,92,-91
"5591","8112至上","110/07/13","臺銀-金山",146,26,120
"5592","8112至上","110/07/13","玉山-桃園",26,110,-84
"5593","8112至上","110/07/13","臺銀",133,19,114
"5594","8112至上","110/07/13","兆豐-天母",0,81,-81
"5595","8112至上","110/07/13","合庫-台中",115,6,109
"5596","8112至上","110/07/13","凱基-城中",3,84,-81
"5597","8112至上","110/07/13","亞東-板橋",134,26,108
"5598","8112至上","110/07/13","日盛-新莊",9,85,-76
"5599","8112至上","110/07/13","凱基-台北",414,326,88
"5600","8112至上","110/07/13","日盛-台中",2,64,-62
"5601","8112至上","110/07/13","新加坡商瑞銀",181,100,81
"5602","8112至上","110/07/13","日盛-中壢",3,64,-61
"5603","8112至上","110/07/13","國泰-敦南",108,31,77
"5604","8112至上","110/07/13","元大-台中",2,59,-57
"5605","8112至上","110/07/13","第一金-華江",77,4,73
"5606","8112至上","110/07/13","元大-雙和",7,64,-57
"5607","8112至上","110/07/13","永豐金-內湖",73,1,72
"5608","8112至上","110/07/13","元大-高雄",8,62,-54
"5609","8112至上","110/07/13","元大-永和",68,1,67
"5610","8112至上","110/07/13","元大-館前",2,55,-53
"5611","4903聯光通","110/07/13","台灣企銀-太平",56,0,56
"5612","4903聯光通","110/07/13","土銀",0,32,-32
"5613","4903聯光通","110/07/13","元富-新興",23,0,23
"5614","4903聯光通","110/07/13","元大-樹林",0,19,-19
"5615","4903聯光通","110/07/13","日盛-樹林",22,0,22
"5616","4903聯光通","110/07/13","凱基-士林",0,17,-17
"5617","4903聯光通","110/07/13","兆豐-天母",20,0,20
"5618","4903聯光通","110/07/13","國票-博愛",0,14,-14
"5619","4903聯光通","110/07/13","華南永昌-桃園",20,0,20
"5620","4903聯光通","110/07/13","元富",0,10,-10
"5621","4903聯光通","110/07/13","富邦-新店",10,0,10
"5622","4903聯光通","110/07/13","新光",0,10,-10
"5623","4903聯光通","110/07/13","新光-台中",5,0,5
"5624","4903聯光通","110/07/13","玉山-南京東路",0,10,-10
"5625","4903聯光通","110/07/13","華南永昌-台中",5,0,5
"5626","4903聯光通","110/07/13","富邦-陽明",0,10,-10
"5627","4903聯光通","110/07/13","元大-崇德",5,0,5
"5628","4903聯光通","110/07/13","元大-大甲",0,8,-8
"5629","4903聯光通","110/07/13","元大-草屯",5,0,5
"5630","4903聯光通","110/07/13","富邦-台中",0,7,-7
"5631","4903聯光通","110/07/13","元富-草屯",4,0,4
"5632","4903聯光通","110/07/13","凱基-中壢",0,6,-6
"5633","4903聯光通","110/07/13","元大-清水",4,0,4
"5634","4903聯光通","110/07/13","臺銀-民權",0,5,-5
"5635","4903聯光通","110/07/13","元大-東泰",4,0,4
"5636","4903聯光通","110/07/13","日盛-板橋",0,5,-5
"5637","4903聯光通","110/07/13","元大-佳里",2,0,2
"5638","4903聯光通","110/07/13","中國信託-忠孝",0,5,-5
"5639","4903聯光通","110/07/13","永豐金-板橋",2,0,2
"5640","4903聯光通","110/07/13","永豐金-鳳山",0,5,-5
"5641","2929淘帝","110/07/13","玉山-新竹",130,0,130
"5642","2929淘帝","110/07/13","美商高盛",0,177,-177
"5643","2929淘帝","110/07/13","臺銀-民權",60,0,60
"5644","2929淘帝","110/07/13","凱基-台北",6,80,-74
"5645","2929淘帝","110/07/13","新百王",31,0,31
"5646","2929淘帝","110/07/13","元富-大裕",0,49,-49
"5647","2929淘帝","110/07/13","日盛-園區",30,0,30
"5648","2929淘帝","110/07/13","國泰-館前",3,51,-48
"5649","2929淘帝","110/07/13","元大-南投",31,1,30
"5650","2929淘帝","110/07/13","凱基-中壢",0,41,-41
"5651","2929淘帝","110/07/13","兆豐-忠孝",28,0,28
"5652","2929淘帝","110/07/13","港商野村",21,55,-34
"5653","2929淘帝","110/07/13","元大-民生",28,0,28
"5654","2929淘帝","110/07/13","華南永昌-南京",2,34,-32
"5655","2929淘帝","110/07/13","合庫-高雄",27,0,27
"5656","2929淘帝","110/07/13","群益金鼎-土城",0,30,-30
"5657","2929淘帝","110/07/13","凱基-豐中",27,0,27
"5658","2929淘帝","110/07/13","富邦-南屯",0,22,-22
"5659","2929淘帝","110/07/13","新光",21,4,17
"5660","2929淘帝","110/07/13","第一金-豐原",0,20,-20
"5661","2929淘帝","110/07/13","元大-天母",17,0,17
"5662","2929淘帝","110/07/13","元大-屏南",6,26,-20
"5663","2929淘帝","110/07/13","永興",14,0,14
"5664","2929淘帝","110/07/13","永豐金-敦南",1,21,-20
"5665","2929淘帝","110/07/13","富邦-台北",12,0,12
"5666","2929淘帝","110/07/13","凱基-三重",2,21,-19
"5667","2929淘帝","110/07/13","元大-永和",12,0,12
"5668","2929淘帝","110/07/13","富邦-仁愛",7,25,-18
"5669","2929淘帝","110/07/13","國票-天祥",11,0,11
"5670","2929淘帝","110/07/13","元大-北投",0,16,-16
"5671","5410國眾","110/07/13","兆豐-城中",274,0,274
"5672","5410國眾","110/07/13","元富-嘉義",0,103,-103
"5673","5410國眾","110/07/13","新光",50,4,46
"5674","5410國眾","110/07/13","凱基-台北",0,50,-50
"5675","5410國眾","110/07/13","國泰-台中",26,0,26
"5676","5410國眾","110/07/13","瑞士信貸",0,31,-31
"5677","5410國眾","110/07/13","新加坡商瑞銀",22,0,22
"5678","5410國眾","110/07/13","台新-新莊",0,27,-27
"5679","5410國眾","110/07/13","光和-嘉義",20,0,20
"5680","5410國眾","110/07/13","元大-汐止",0,20,-20
"5681","5410國眾","110/07/13","凱基-竹北",17,0,17
"5682","5410國眾","110/07/13","亞東-新竹",0,17,-17
"5683","5410國眾","110/07/13","新光-桃園",15,0,15
"5684","5410國眾","110/07/13","元大-南勢角",0,13,-13
"5685","5410國眾","110/07/13","凱基-台東",14,0,14
"5686","5410國眾","110/07/13","台新-台南",0,12,-12
"5687","5410國眾","110/07/13","富邦-竹北",11,0,11
"5688","5410國眾","110/07/13","中國信託",0,11,-11
"5689","5410國眾","110/07/13","元富-同大",10,0,10
"5690","5410國眾","110/07/13","華南永昌",0,11,-11
"5691","5410國眾","110/07/13","國泰-敦南",24,15,9
"5692","5410國眾","110/07/13","臺銀-臺南",0,10,-10
"5693","5410國眾","110/07/13","日盛-內湖",7,0,7
"5694","5410國眾","110/07/13","台灣企銀-民雄",0,10,-10
"5695","5410國眾","110/07/13","台新-左楠",7,0,7
"5696","5410國眾","110/07/13","高橋",0,10,-10
"5697","5410國眾","110/07/13","元大-新盛",18,12,6
"5698","5410國眾","110/07/13","康和-嘉義",0,10,-10
"5699","5410國眾","110/07/13","統一",5,0,5
"5700","5410國眾","110/07/13","凱基-基隆",0,10,-10
"5701","2841台開","110/07/13","中國信託-高雄",251,50,201
"5702","2841台開","110/07/13","兆豐-公益",0,177,-177
"5703","2841台開","110/07/13","日盛證券",210,13,197
"5704","2841台開","110/07/13","日進",0,152,-152
"5705","2841台開","110/07/13","第一金-台中",55,0,55
"5706","2841台開","110/07/13","港商野村",0,109,-109
"5707","2841台開","110/07/13","國泰-板橋",46,0,46
"5708","2841台開","110/07/13","日盛-信義",0,103,-103
"5709","2841台開","110/07/13","國泰-館前",48,3,45
"5710","2841台開","110/07/13","國泰-敦南",11,75,-64
"5711","2841台開","110/07/13","華南永昌-新莊",45,0,45
"5712","2841台開","110/07/13","永興",0,50,-50
"5713","2841台開","110/07/13","日盛-園區",42,0,42
"5714","2841台開","110/07/13","永豐金-敦南",61,104,-43
"5715","2841台開","110/07/13","台新證券",32,0,32
"5716","2841台開","110/07/13","富邦-台南",0,42,-42
"5717","2841台開","110/07/13","台新-高雄",32,2,30
"5718","2841台開","110/07/13","國票-安和",0,30,-30
"5719","2841台開","110/07/13","豐農",23,0,23
"5720","2841台開","110/07/13","元大-桃園",0,25,-25
"5721","2841台開","110/07/13","合庫-嘉義",20,0,20
"5722","2841台開","110/07/13","新光",8,32,-24
"5723","2841台開","110/07/13","華南永昌-高雄",20,0,20
"5724","2841台開","110/07/13","元大-仁愛",0,24,-24
"5725","2841台開","110/07/13","元大-樹林",16,0,16
"5726","2841台開","110/07/13","日盛-中和",0,20,-20
"5727","2841台開","110/07/13","第一金-華江",15,2,13
"5728","2841台開","110/07/13","元富",0,20,-20
"5729","2841台開","110/07/13","美商高盛",12,0,12
"5730","2841台開","110/07/13","富邦-宜蘭",0,20,-20
"5731","6207雷科","110/07/13","元大-高雄",121,0,121
"5732","6207雷科","110/07/13","華南永昌-朴子",1,60,-59
"5733","6207雷科","110/07/13","第一金-新興",20,0,20
"5734","6207雷科","110/07/13","元大-南海",0,36,-36
"5735","6207雷科","110/07/13","元富-三重",20,0,20
"5736","6207雷科","110/07/13","凱基-土城",0,35,-35
"5737","6207雷科","110/07/13","元大-林園",15,0,15
"5738","6207雷科","110/07/13","台灣企銀",0,20,-20
"5739","6207雷科","110/07/13","元大-金華",16,1,15
"5740","6207雷科","110/07/13","群益金鼎-丹鳳",0,20,-20
"5741","6207雷科","110/07/13","日盛證券",10,0,10
"5742","6207雷科","110/07/13","元大-博愛",0,17,-17
"5743","6207雷科","110/07/13","統一-台中",10,0,10
"5744","6207雷科","110/07/13","元大-北港",0,13,-13
"5745","6207雷科","110/07/13","群益金鼎-土城",10,0,10
"5746","6207雷科","110/07/13","新加坡商瑞銀",0,12,-12
"5747","6207雷科","110/07/13","群益金鼎-桃園",10,0,10
"5748","6207雷科","110/07/13","凱基-台北",4,16,-12
"5749","6207雷科","110/07/13","永豐金-新莊",10,0,10
"5750","6207雷科","110/07/13","日茂-埔里",0,11,-11
"5751","6207雷科","110/07/13","永豐金-新店",10,0,10
"5752","6207雷科","110/07/13","元大-莒光",0,11,-11
"5753","6207雷科","110/07/13","元大證券",9,0,9
"5754","6207雷科","110/07/13","統一-新竹",0,10,-10
"5755","6207雷科","110/07/13","日盛-木柵",9,1,8
"5756","6207雷科","110/07/13","元大-西螺",0,10,-10
"5757","6207雷科","110/07/13","兆豐-來福",8,0,8
"5758","6207雷科","110/07/13","康和-台中",0,8,-8
"5759","6207雷科","110/07/13","新光",7,0,7
"5760","6207雷科","110/07/13","兆豐-高雄",0,6,-6
"5761","3679新至陞","110/07/13","永豐金證券",50,0,50
"5762","3679新至陞","110/07/13","摩根大通",2,25,-23
"5763","3679新至陞","110/07/13","國泰-桃園",22,0,22
"5764","3679新至陞","110/07/13","元大-成功",0,22,-22
"5765","3679新至陞","110/07/13","台中銀-員林",11,0,11
"5766","3679新至陞","110/07/13","富邦-板橋",1,19,-18
"5767","3679新至陞","110/07/13","元大-文心興安",8,0,8
"5768","3679新至陞","110/07/13","日盛-新莊",0,10,-10
"5769","3679新至陞","110/07/13","美商高盛",6,0,6
"5770","3679新至陞","110/07/13","台新-台中",0,10,-10
"5771","3679新至陞","110/07/13","台新-高雄",6,0,6
"5772","3679新至陞","110/07/13","永豐金-新竹",0,8,-8
"5773","3679新至陞","110/07/13","凱基-台北",18,12,6
"5774","3679新至陞","110/07/13","瑞士信貸",12,19,-7
"5775","3679新至陞","110/07/13","日盛-復興",5,0,5
"5776","3679新至陞","110/07/13","統一-南京",0,7,-7
"5777","3679新至陞","110/07/13","(牛牛牛)亞-鑫豐",4,0,4
"5778","3679新至陞","110/07/13","凱基-新莊",0,7,-7
"5779","3679新至陞","110/07/13","元富-大昌",3,0,3
"5780","3679新至陞","110/07/13","新加坡商瑞銀",0,6,-6
"5781","3679新至陞","110/07/13","富邦-台北",3,0,3
"5782","3679新至陞","110/07/13","合庫-自強",0,5,-5
"5783","3679新至陞","110/07/13","日盛-樹林",2,0,2
"5784","3679新至陞","110/07/13","富邦-桃園",0,5,-5
"5785","3679新至陞","110/07/13","宏遠-光隆",2,0,2
"5786","3679新至陞","110/07/13","永豐金-潮州",0,4,-4
"5787","3679新至陞","110/07/13","美林",3,1,2
"5788","3679新至陞","110/07/13","臺銀-臺南",0,3,-3
"5789","3679新至陞","110/07/13","第一金-中壢",2,0,2
"5790","3679新至陞","110/07/13","元大-六合",0,3,-3
"5791","2727王品","110/07/13","富邦-台北",43,3,40
"5792","2727王品","110/07/13","台灣摩根士丹利",15,97,-82
"5793","2727王品","110/07/13","元大-基隆孝二",40,0,40
"5794","2727王品","110/07/13","玉山-台南",5,57,-52
"5795","2727王品","110/07/13","國票-新莊",40,1,39
"5796","2727王品","110/07/13","新加坡商瑞銀",0,48,-48
"5797","2727王品","110/07/13","第一金-豐原",66,42,24
"5798","2727王品","110/07/13","凱基-台北",41,77,-36
"5799","2727王品","110/07/13","永豐金-大園",34,10,24
"5800","2727王品","110/07/13","永豐金-永康",0,22,-22
"5801","2727王品","110/07/13","元大-北屯",22,0,22
"5802","2727王品","110/07/13","統一-台中",2,22,-20
"5803","2727王品","110/07/13","元大-東蘆",26,7,19
"5804","2727王品","110/07/13","國泰-台中",21,39,-18
"5805","2727王品","110/07/13","永豐金-萬盛",13,1,12
"5806","2727王品","110/07/13","合庫-彰化",3,20,-17
"5807","2727王品","110/07/13","日盛-嘉義",11,0,11
"5808","2727王品","110/07/13","港商野村",13,30,-17
"5809","2727王品","110/07/13","日盛-八德",11,0,11
"5810","2727王品","110/07/13","元大-楊梅",1,16,-15
"5811","2727王品","110/07/13","統一-竹南",11,0,11
"5812","2727王品","110/07/13","凱基-高美館",2,15,-13
"5813","2727王品","110/07/13","日盛-士林",12,2,10
"5814","2727王品","110/07/13","美商高盛",2,14,-12
"5815","2727王品","110/07/13","統一-敦南",10,0,10
"5816","2727王品","110/07/13","統一-平鎮",1,13,-12
"5817","2727王品","110/07/13","中國信託",15,5,10
"5818","2727王品","110/07/13","兆豐-台中港",4,16,-12
"5819","2727王品","110/07/13","兆豐-竹北",13,3,10
"5820","2727王品","110/07/13","凱基-八德",1,13,-12
"5821","1570力肯","110/07/13","新光",115,11,104
"5822","1570力肯","110/07/13","元大-北三重",0,162,-162
"5823","1570力肯","110/07/13","群益金鼎-高雄",54,0,54
"5824","1570力肯","110/07/13","元大-大灣",0,25,-25
"5825","1570力肯","110/07/13","國票-新莊",22,0,22
"5826","1570力肯","110/07/13","永豐金-苓雅",0,22,-22
"5827","1570力肯","110/07/13","日盛-桃園",12,0,12
"5828","1570力肯","110/07/13","永豐金-永康",0,19,-19
"5829","1570力肯","110/07/13","元大-高雄",12,0,12
"5830","1570力肯","110/07/13","富邦-員林",0,15,-15
"5831","1570力肯","110/07/13","合庫-自強",11,0,11
"5832","1570力肯","110/07/13","凱基-台南",0,11,-11
"5833","1570力肯","110/07/13","摩根大通",26,15,11
"5834","1570力肯","110/07/13","日盛-竹北",0,10,-10
"5835","1570力肯","110/07/13","永豐金-中盛",11,0,11
"5836","1570力肯","110/07/13","國票-九鼎",0,10,-10
"5837","1570力肯","110/07/13","兆豐-台中港",10,0,10
"5838","1570力肯","110/07/13","凱基-桃園",0,10,-10
"5839","1570力肯","110/07/13","國泰-松江",9,0,9
"5840","1570力肯","110/07/13","凱基-新豐",0,10,-10
"5841","1570力肯","110/07/13","元大-新盛",9,0,9
"5842","1570力肯","110/07/13","元大-學甲",0,10,-10
"5843","1570力肯","110/07/13","元富-緯城",6,0,6
"5844","1570力肯","110/07/13","群益金鼎-東湖",1,10,-9
"5845","1570力肯","110/07/13","統一-三重",5,0,5
"5846","1570力肯","110/07/13","大昌",0,6,-6
"5847","1570力肯","110/07/13","元大-前金",5,0,5
"5848","1570力肯","110/07/13","元大-土城學府",0,6,-6
"5849","1570力肯","110/07/13","永豐金證券",5,0,5
"5850","1570力肯","110/07/13","統一",0,5,-5
"5851","6180橘子","110/07/13","摩根大通",119,0,119
"5852","6180橘子","110/07/13","元大-崇德",2,61,-59
"5853","6180橘子","110/07/13","美商高盛",96,0,96
"5854","6180橘子","110/07/13","康和-台中",0,51,-51
"5855","6180橘子","110/07/13","新加坡商瑞銀",86,7,79
"5856","6180橘子","110/07/13","康和-台北",0,50,-50
"5857","6180橘子","110/07/13","元大-和平",40,0,40
"5858","6180橘子","110/07/13","元富-潮州",0,40,-40
"5859","6180橘子","110/07/13","凱基-台北",83,47,36
"5860","6180橘子","110/07/13","日盛-永康",0,26,-26
"5861","6180橘子","110/07/13","美林",39,5,34
"5862","6180橘子","110/07/13","永豐金-中正",0,24,-24
"5863","6180橘子","110/07/13","富邦-新竹華信",31,2,29
"5864","6180橘子","110/07/13","國泰-板橋",2,25,-23
"5865","6180橘子","110/07/13","統一-南京",21,0,21
"5866","6180橘子","110/07/13","日盛-大墩",0,20,-20
"5867","6180橘子","110/07/13","富邦-陽明",24,3,21
"5868","6180橘子","110/07/13","元大-草屯",13,32,-19
"5869","6180橘子","110/07/13","大昌-樹林",21,1,20
"5870","6180橘子","110/07/13","元富-林園",1,18,-17
"5871","6180橘子","110/07/13","花旗環球",19,0,19
"5872","6180橘子","110/07/13","新光-新竹",1,18,-17
"5873","6180橘子","110/07/13","華南永昌-台南",19,0,19
"5874","6180橘子","110/07/13","元大-土城永寧",0,17,-17
"5875","6180橘子","110/07/13","福勝",14,0,14
"5876","6180橘子","110/07/13","國泰-新莊",3,19,-16
"5877","6180橘子","110/07/13","富邦-嘉義",12,1,11
"5878","6180橘子","110/07/13","中國信託-永康",6,21,-15
"5879","6180橘子","110/07/13","元大-板橋三民",11,0,11
"5880","6180橘子","110/07/13","凱基-東港",1,15,-14
"5881","2390云辰","110/07/13","新加坡商瑞銀",562,75,487
"5882","2390云辰","110/07/13","大展-台南",0,532,-532
"5883","2390云辰","110/07/13","台灣摩根士丹利",330,155,175
"5884","2390云辰","110/07/13","凱基-台北",668,854,-186
"5885","2390云辰","110/07/13","兆豐-公益",126,25,101
"5886","2390云辰","110/07/13","凱基-三重",12,172,-160
"5887","2390云辰","110/07/13","元富-中港",100,2,98
"5888","2390云辰","110/07/13","兆豐-忠孝",4,161,-157
"5889","2390云辰","110/07/13","統一-新台中",106,9,97
"5890","2390云辰","110/07/13","元大-士林",19,170,-151
"5891","2390云辰","110/07/13","中國信託-松江",81,11,70
"5892","2390云辰","110/07/13","臺銀-新竹",14,117,-103
"5893","2390云辰","110/07/13","日盛-板橋",72,3,69
"5894","2390云辰","110/07/13","國票-台中",4,102,-98
"5895","2390云辰","110/07/13","日盛-和美",57,0,57
"5896","2390云辰","110/07/13","新光",147,232,-85
"5897","2390云辰","110/07/13","永豐金-桃園",88,36,52
"5898","2390云辰","110/07/13","致和-崇德",2,70,-68
"5899","2390云辰","110/07/13","玉山-士林",54,4,50
"5900","2390云辰","110/07/13","群益金鼎-屏東",2,70,-68
"5901","2390云辰","110/07/13","富邦-仁愛",56,6,50
"5902","2390云辰","110/07/13","元大-大里",35,98,-63
"5903","2390云辰","110/07/13","第一金-豐原",50,1,49
"5904","2390云辰","110/07/13","元大-萬華",35,94,-59
"5905","2390云辰","110/07/13","摩根大通",502,453,49
"5906","2390云辰","110/07/13","元富-吉利",2,60,-58
"5907","2390云辰","110/07/13","凱基-松山",61,13,48
"5908","2390云辰","110/07/13","兆豐-新竹",3,53,-50
"5909","2390云辰","110/07/13","大昌",64,22,42
"5910","2390云辰","110/07/13","富邦-嘉義",65,108,-43
"5911","2363矽統","110/07/12","凱基-幸福",4046,31,4015
"5912","2363矽統","110/07/12","台新證券",478,2105,-1627
"5913","2363矽統","110/07/12","統一",3504,120,3384
"5914","2363矽統","110/07/12","第一金-忠孝",4,1068,-1064
"5915","2363矽統","110/07/12","摩根大通",3006,2149,857
"5916","2363矽統","110/07/12","台新-台中",381,1003,-622
"5917","2363矽統","110/07/12","永豐金證券",1428,610,818
"5918","2363矽統","110/07/12","新光",1295,1822,-527
"5919","2363矽統","110/07/12","兆豐-復興",1936,1233,703
"5920","2363矽統","110/07/12","大昌-樹林",54,537,-483
"5921","2363矽統","110/07/12","台灣摩根士丹利",701,0,701
"5922","2363矽統","110/07/12","華南永昌-台中",90,549,-459
"5923","2363矽統","110/07/12","永豐金-南投",803,145,658
"5924","2363矽統","110/07/12","玉山-高雄",167,612,-445
"5925","2363矽統","110/07/12","統一-仁愛",1214,586,628
"5926","2363矽統","110/07/12","元富-同大",201,540,-339
"5927","2363矽統","110/07/12","統一-土城",688,75,613
"5928","2363矽統","110/07/12","華南永昌-東勢",31,367,-336
"5929","2363矽統","110/07/12","統一-城中",711,131,580
"5930","2363矽統","110/07/12","土銀-花蓮",9,333,-324
"5931","2363矽統","110/07/12","統一-敦南",632,54,578
"5932","2363矽統","110/07/12","凱基-豐中",120,434,-314
"5933","2363矽統","110/07/12","新加坡商瑞銀",1232,731,501
"5934","2363矽統","110/07/12","永豐金-竹科",54,323,-269
"5935","2363矽統","110/07/12","元富",2640,2142,498
"5936","2363矽統","110/07/12","元大-斗六",53,300,-247
"5937","2363矽統","110/07/12","凱基-永和",460,31,429
"5938","2363矽統","110/07/12","華南永昌-朴子",47,278,-231
"5939","2363矽統","110/07/12","第一金",380,22,358
"5940","2363矽統","110/07/12","永豐金-彰化",22,228,-206
"5941","8112至上","110/07/12","摩根大通",1167,290,877
"5942","8112至上","110/07/12","群益金鼎-新莊",1,156,-155
"5943","8112至上","110/07/12","凱基-台北",983,546,437
"5944","8112至上","110/07/12","國票-中港",0,131,-131
"5945","8112至上","110/07/12","新加坡商瑞銀",429,12,417
"5946","8112至上","110/07/12","元大證券",10,136,-126
"5947","8112至上","110/07/12","元大-屏南",360,2,358
"5948","8112至上","110/07/12","元大-中壢",11,135,-124
"5949","8112至上","110/07/12","美林",323,15,308
"5950","8112至上","110/07/12","合庫-基隆",0,122,-122
"5951","8112至上","110/07/12","台灣摩根士丹利",299,0,299
"5952","8112至上","110/07/12","群益金鼎-高盛",4,103,-99
"5953","8112至上","110/07/12","港商野村",267,28,239
"5954","8112至上","110/07/12","新光",110,202,-92
"5955","8112至上","110/07/12","大慶",165,3,162
"5956","8112至上","110/07/12","元大-府城",2,94,-92
"5957","8112至上","110/07/12","永豐金-台南",170,29,141
"5958","8112至上","110/07/12","富邦-板橋",5,92,-87
"5959","8112至上","110/07/12","華南永昌-長虹",128,2,126
"5960","8112至上","110/07/12","元大-土城",8,89,-81
"5961","8112至上","110/07/12","富邦-仁愛",157,51,106
"5962","8112至上","110/07/12","日盛-頭份",40,117,-77
"5963","8112至上","110/07/12","瑞士信貸",104,0,104
"5964","8112至上","110/07/12","玉山-嘉義",3,80,-77
"5965","8112至上","110/07/12","凱基-站前",100,11,89
"5966","8112至上","110/07/12","永豐金-松山",4,79,-75
"5967","8112至上","110/07/12","富邦-北港",90,3,87
"5968","8112至上","110/07/12","元大-敦南",3,75,-72
"5969","8112至上","110/07/12","元大-北港",101,20,81
"5970","8112至上","110/07/12","元富-大裕",6,77,-71
"5971","4903聯光通","110/07/12","台灣企銀-太平",19,0,19
"5972","4903聯光通","110/07/12","玉山-南京東路",0,16,-16
"5973","4903聯光通","110/07/12","統一-土城",17,0,17
"5974","4903聯光通","110/07/12","新光",0,14,-14
"5975","4903聯光通","110/07/12","國票-博愛",14,0,14
"5976","4903聯光通","110/07/12","兆豐-彰化",0,10,-10
"5977","4903聯光通","110/07/12","新光-台中",15,2,13
"5978","4903聯光通","110/07/12","國票",0,10,-10
"5979","4903聯光通","110/07/12","元大-彰化",11,0,11
"5980","4903聯光通","110/07/12","富邦-敦南",0,10,-10
"5981","4903聯光通","110/07/12","華南永昌-林口",10,0,10
"5982","4903聯光通","110/07/12","元大-前金",0,9,-9
"5983","4903聯光通","110/07/12","永豐金-南投",9,0,9
"5984","4903聯光通","110/07/12","日盛-頭份",0,8,-8
"5985","4903聯光通","110/07/12","元大-清水",8,0,8
"5986","4903聯光通","110/07/12","元大-太平",0,8,-8
"5987","4903聯光通","110/07/12","元大-博愛",8,0,8
"5988","4903聯光通","110/07/12","兆豐-埔墘",0,7,-7
"5989","4903聯光通","110/07/12","玉山-新莊",5,0,5
"5990","4903聯光通","110/07/12","臺銀-民權",0,5,-5
"5991","4903聯光通","110/07/12","凱基-士林",10,5,5
"5992","4903聯光通","110/07/12","富邦-板橋",0,5,-5
"5993","4903聯光通","110/07/12","元大-斗六",4,0,4
"5994","4903聯光通","110/07/12","元大-土城永寧",0,5,-5
"5995","4903聯光通","110/07/12","永豐金-羅東",4,0,4
"5996","4903聯光通","110/07/12","台新證券",0,4,-4
"5997","4903聯光通","110/07/12","日盛-樹林",3,0,3
"5998","4903聯光通","110/07/12","凱基-中壢",0,4,-4
"5999","4903聯光通","110/07/12","華南永昌-鶯歌",2,0,2
"6000","4903聯光通","110/07/12","元大-羅東",0,4,-4
"6001","2929淘帝","110/07/12","新光-台中",95,36,59
"6002","2929淘帝","110/07/12","華南永昌-林口",7,208,-201
"6003","2929淘帝","110/07/12","富邦-板橋",62,5,57
"6004","2929淘帝","110/07/12","富邦-台北",6,200,-194
"6005","2929淘帝","110/07/12","合庫-高雄",56,6,50
"6006","2929淘帝","110/07/12","元富-大裕",11,200,-189
"6007","2929淘帝","110/07/12","永興",41,0,41
"6008","2929淘帝","110/07/12","台中銀-台北",0,160,-160
"6009","2929淘帝","110/07/12","兆豐-忠孝",58,18,40
"6010","2929淘帝","110/07/12","日盛-園區",1,111,-110
"6011","2929淘帝","110/07/12","新光-高雄",39,3,36
"6012","2929淘帝","110/07/12","日盛-八德",0,88,-88
"6013","2929淘帝","110/07/12","凱基-豐中",36,0,36
"6014","2929淘帝","110/07/12","玉山-新竹",32,110,-78
"6015","2929淘帝","110/07/12","元大-民生",35,0,35
"6016","2929淘帝","110/07/12","元大-前金",0,72,-72
"6017","2929淘帝","110/07/12","臺銀-臺南",32,1,31
"6018","2929淘帝","110/07/12","元大-館前",12,83,-71
"6019","2929淘帝","110/07/12","台新證券",44,13,31
"6020","2929淘帝","110/07/12","華南永昌",1,57,-56
"6021","2929淘帝","110/07/12","新百王",30,0,30
"6022","2929淘帝","110/07/12","元大-南崁",4,59,-55
"6023","2929淘帝","110/07/12","群益金鼎-大興",30,0,30
"6024","2929淘帝","110/07/12","元大-嘉義",0,51,-51
"6025","2929淘帝","110/07/12","凱基-台北",32,5,27
"6026","2929淘帝","110/07/12","日茂",1,50,-49
"6027","2929淘帝","110/07/12","元富-城東",26,0,26
"6028","2929淘帝","110/07/12","新光",35,83,-48
"6029","2929淘帝","110/07/12","國泰-松江",26,0,26
"6030","2929淘帝","110/07/12","日盛-新竹",1,48,-47
"6031","5410國眾","110/07/12","群益金鼎-中壢",68,0,68
"6032","5410國眾","110/07/12","摩根大通",6,67,-61
"6033","5410國眾","110/07/12","凱基-市政",40,0,40
"6034","5410國眾","110/07/12","元富-嘉義",0,60,-60
"6035","5410國眾","110/07/12","凱基-竹北",38,0,38
"6036","5410國眾","110/07/12","凱基-台北",0,51,-51
"6037","5410國眾","110/07/12","華南永昌-三重",30,0,30
"6038","5410國眾","110/07/12","元富-大裕",0,33,-33
"6039","5410國眾","110/07/12","永興",20,0,20
"6040","5410國眾","110/07/12","日盛-木柵",0,15,-15
"6041","5410國眾","110/07/12","統一-新台中",20,0,20
"6042","5410國眾","110/07/12","群益金鼎-民權",0,15,-15
"6043","5410國眾","110/07/12","兆豐-三重",20,0,20
"6044","5410國眾","110/07/12","元富-緯城",0,14,-14
"6045","5410國眾","110/07/12","富邦-台中",20,0,20
"6046","5410國眾","110/07/12","元大-大同",0,12,-12
"6047","5410國眾","110/07/12","臺銀",15,0,15
"6048","5410國眾","110/07/12","元大-莒光",0,10,-10
"6049","5410國眾","110/07/12","新光-桃園",20,6,14
"6050","5410國眾","110/07/12","元大-博愛",0,10,-10
"6051","5410國眾","110/07/12","元大-員林",12,0,12
"6052","5410國眾","110/07/12","日盛-永康",0,8,-8
"6053","5410國眾","110/07/12","日盛-員林",10,0,10
"6054","5410國眾","110/07/12","元大-四維",5,13,-8
"6055","5410國眾","110/07/12","元大-新盛",10,0,10
"6056","5410國眾","110/07/12","新加坡商瑞銀",0,7,-7
"6057","5410國眾","110/07/12","永豐金-台南",10,0,10
"6058","5410國眾","110/07/12","致和-金華",0,7,-7
"6059","5410國眾","110/07/12","元富-新莊",8,0,8
"6060","5410國眾","110/07/12","新光-新竹",0,7,-7
"6061","2841台開","110/07/12","永豐金-敦南",139,26,113
"6062","2841台開","110/07/12","華南永昌-朴子",0,528,-528
"6063","2841台開","110/07/12","日盛-雙和",68,0,68
"6064","2841台開","110/07/12","元大-苑裡",2,50,-48
"6065","2841台開","110/07/12","台新證券",62,4,58
"6066","2841台開","110/07/12","群益金鼎-東湖",0,40,-40
"6067","2841台開","110/07/12","凱基-文心",50,0,50
"6068","2841台開","110/07/12","第一金-員林",0,30,-30
"6069","2841台開","110/07/12","第一金-台中",45,0,45
"6070","2841台開","110/07/12","德信-中正",0,20,-20
"6071","2841台開","110/07/12","富邦-嘉義",40,0,40
"6072","2841台開","110/07/12","兆豐-嘉義",0,20,-20
"6073","2841台開","110/07/12","日盛-木柵",30,0,30
"6074","2841台開","110/07/12","彰銀-七賢",0,15,-15
"6075","2841台開","110/07/12","中國信託-文心",31,3,28
"6076","2841台開","110/07/12","元大-承德",0,14,-14
"6077","2841台開","110/07/12","元大-福營",30,7,23
"6078","2841台開","110/07/12","元富",0,12,-12
"6079","2841台開","110/07/12","台中銀",20,0,20
"6080","2841台開","110/07/12","富邦-陽明",0,11,-11
"6081","2841台開","110/07/12","國泰-板橋",20,0,20
"6082","2841台開","110/07/12","元大證券",0,11,-11
"6083","2841台開","110/07/12","元大-前金",20,0,20
"6084","2841台開","110/07/12","元大-大甲",0,10,-10
"6085","2841台開","110/07/12","中國信託-高雄",16,1,15
"6086","2841台開","110/07/12","日盛-新竹",0,8,-8
"6087","2841台開","110/07/12","陽信-石牌",15,0,15
"6088","2841台開","110/07/12","元富-城東",0,8,-8
"6089","2841台開","110/07/12","永豐金-南投",15,0,15
"6090","2841台開","110/07/12","玉山-台南",2,10,-8
"6091","6207雷科","110/07/12","元大-高雄",34,0,34
"6092","6207雷科","110/07/12","永豐金-三重",1,32,-31
"6093","6207雷科","110/07/12","華南永昌-林口",16,1,15
"6094","6207雷科","110/07/12","永全-八德",0,30,-30
"6095","6207雷科","110/07/12","摩根大通",19,6,13
"6096","6207雷科","110/07/12","國泰-台中",0,14,-14
"6097","6207雷科","110/07/12","元富-埔里",10,0,10
"6098","6207雷科","110/07/12","第一金-澎湖",0,10,-10
"6099","6207雷科","110/07/12","凱基-台南",10,0,10
"6100","6207雷科","110/07/12","元富-林園",0,10,-10
"6101","6207雷科","110/07/12","新加坡商瑞銀",9,0,9
"6102","6207雷科","110/07/12","元大-東門",0,10,-10
"6103","6207雷科","110/07/12","瑞士信貸",8,0,8
"6104","6207雷科","110/07/12","兆豐-嘉義",0,4,-4
"6105","6207雷科","110/07/12","中國信託-高雄",9,1,8
"6106","6207雷科","110/07/12","新光",0,4,-4
"6107","6207雷科","110/07/12","凱基-高雄",6,0,6
"6108","6207雷科","110/07/12","新光-台中",0,4,-4
"6109","6207雷科","110/07/12","元大-六合",6,0,6
"6110","6207雷科","110/07/12","群益金鼎-開元",0,4,-4
"6111","6207雷科","110/07/12","永豐金-信義",6,0,6
"6112","6207雷科","110/07/12","凱基-桃園",0,4,-4
"6113","6207雷科","110/07/12","群益金鼎-土城",5,0,5
"6114","6207雷科","110/07/12","凱基-民權",0,4,-4
"6115","6207雷科","110/07/12","群益金鼎-竹南",5,0,5
"6116","6207雷科","110/07/12","玉山-新莊",0,3,-3
"6117","6207雷科","110/07/12","元大-大灣",5,1,4
"6118","6207雷科","110/07/12","國泰-松江",0,3,-3
"6119","6207雷科","110/07/12","永興",3,0,3
"6120","6207雷科","110/07/12","富邦-羅東",0,3,-3
"6121","3679新至陞","110/07/12","富邦-新竹華信",40,2,38
"6122","3679新至陞","110/07/12","瑞士信貸",0,45,-45
"6123","3679新至陞","110/07/12","台中銀-員林",28,2,26
"6124","3679新至陞","110/07/12","永豐金-天母",0,39,-39
"6125","3679新至陞","110/07/12","聯邦-大業",24,0,24
"6126","3679新至陞","110/07/12","摩根大通",7,35,-28
"6127","3679新至陞","110/07/12","永豐金證券",20,0,20
"6128","3679新至陞","110/07/12","凱基-台北",8,36,-28
"6129","3679新至陞","110/07/12","港商法國興業",14,0,14
"6130","3679新至陞","110/07/12","華南永昌-小港",1,23,-22
"6131","3679新至陞","110/07/12","日盛-樹林",13,1,12
"6132","3679新至陞","110/07/12","台新-台中",0,15,-15
"6133","3679新至陞","110/07/12","國泰-桃園",9,0,9
"6134","3679新至陞","110/07/12","統一-台中",0,12,-12
"6135","3679新至陞","110/07/12","宏遠-館前",8,0,8
"6136","3679新至陞","110/07/12","元大-成功",1,12,-11
"6137","3679新至陞","110/07/12","凱基",10,2,8
"6138","3679新至陞","110/07/12","康和-澎湖",0,8,-8
"6139","3679新至陞","110/07/12","(牛牛牛)亞-網路",7,0,7
"6140","3679新至陞","110/07/12","新加坡商瑞銀",0,7,-7
"6141","3679新至陞","110/07/12","兆豐-員林",7,0,7
"6142","3679新至陞","110/07/12","兆豐-來福",0,7,-7
"6143","3679新至陞","110/07/12","大慶-蘆洲",5,0,5
"6144","3679新至陞","110/07/12","元大-佳里",0,6,-6
"6145","3679新至陞","110/07/12","土銀-花蓮",4,0,4
"6146","3679新至陞","110/07/12","美商高盛",0,5,-5
"6147","3679新至陞","110/07/12","台新-高雄",5,1,4
"6148","3679新至陞","110/07/12","國票-新莊",0,5,-5
"6149","3679新至陞","110/07/12","元大-天母",4,0,4
"6150","3679新至陞","110/07/12","台新-屏東",0,5,-5
"6151","2727王品","110/07/12","凱基-台北",354,198,156
"6152","2727王品","110/07/12","台灣摩根士丹利",5,386,-381
"6153","2727王品","110/07/12","統一-城中",159,22,137
"6154","2727王品","110/07/12","元大-嘉義",4,60,-56
"6155","2727王品","110/07/12","日盛-忠孝",60,0,60
"6156","2727王品","110/07/12","元大-大同",2,44,-42
"6157","2727王品","110/07/12","永豐金-忠孝",45,5,40
"6158","2727王品","110/07/12","國泰-台中",32,73,-41
"6159","2727王品","110/07/12","合庫-新竹",31,0,31
"6160","2727王品","110/07/12","元大證券",127,163,-36
"6161","2727王品","110/07/12","富邦-台中",31,3,28
"6162","2727王品","110/07/12","凱基",1,33,-32
"6163","2727王品","110/07/12","元大-桃園",35,10,25
"6164","2727王品","110/07/12","永全-南崁",1,31,-30
"6165","2727王品","110/07/12","新加坡商瑞銀",28,4,24
"6166","2727王品","110/07/12","凱基-和平",2,32,-30
"6167","2727王品","110/07/12","群益金鼎-古亭",25,2,23
"6168","2727王品","110/07/12","永豐金-大園",8,38,-30
"6169","2727王品","110/07/12","元大-龍潭",29,7,22
"6170","2727王品","110/07/12","瑞士信貸",0,28,-28
"6171","2727王品","110/07/12","永豐金-永康",25,3,22
"6172","2727王品","110/07/12","元富",17,44,-27
"6173","2727王品","110/07/12","富邦-竹北",24,3,21
"6174","2727王品","110/07/12","元大-北屯",5,32,-27
"6175","2727王品","110/07/12","群益金鼎-松山",20,0,20
"6176","2727王品","110/07/12","華南永昌",3,28,-25
"6177","2727王品","110/07/12","元大-八德",20,0,20
"6178","2727王品","110/07/12","統一-竹南",1,23,-22
"6179","2727王品","110/07/12","元大-南京",25,6,19
"6180","2727王品","110/07/12","永豐金證券",4,26,-22
"6181","1570力肯","110/07/12","國票-北高雄",40,0,40
"6182","1570力肯","110/07/12","日盛-竹北",0,40,-40
"6183","1570力肯","110/07/12","摩根大通",16,0,16
"6184","1570力肯","110/07/12","第一金-華江",1,38,-37
"6185","1570力肯","110/07/12","新光",31,19,12
"6186","1570力肯","110/07/12","元大-永春",0,26,-26
"6187","1570力肯","110/07/12","元大-台中中港",12,0,12
"6188","1570力肯","110/07/12","元大-古亭",1,20,-19
"6189","1570力肯","110/07/12","日盛-高雄",10,0,10
"6190","1570力肯","110/07/12","國泰-松江",0,16,-16
"6191","1570力肯","110/07/12","第一金-路竹",10,0,10
"6192","1570力肯","110/07/12","台新-台南",0,15,-15
"6193","1570力肯","110/07/12","台新-新莊",10,0,10
"6194","1570力肯","110/07/12","康和-石牌",0,15,-15
"6195","1570力肯","110/07/12","元大-新盛",9,0,9
"6196","1570力肯","110/07/12","國泰-板橋",0,11,-11
"6197","1570力肯","110/07/12","凱基-台北",8,0,8
"6198","1570力肯","110/07/12","元大-高雄",0,11,-11
"6199","1570力肯","110/07/12","彰銀-七賢",6,0,6
"6200","1570力肯","110/07/12","兆豐-桃園",0,10,-10
"6201","1570力肯","110/07/12","元富-緯城",6,0,6
"6202","1570力肯","110/07/12","元大-大益",0,10,-10
"6203","1570力肯","110/07/12","華南永昌-古亭",6,0,6
"6204","1570力肯","110/07/12","中國信託-文心",0,5,-5
"6205","1570力肯","110/07/12","富邦-陽明",6,0,6
"6206","1570力肯","110/07/12","光和",0,5,-5
"6207","1570力肯","110/07/12","臺銀-臺南",5,0,5
"6208","1570力肯","110/07/12","陽信-石牌",0,5,-5
"6209","1570力肯","110/07/12","宏遠-館前",5,0,5
"6210","1570力肯","110/07/12","國泰-高雄",0,5,-5
"6211","6180橘子","110/07/12","康和-台中",32,2,30
"6212","6180橘子","110/07/12","新百王",1,40,-39
"6213","6180橘子","110/07/12","美林",32,3,29
"6214","6180橘子","110/07/12","富邦-陽明",4,42,-38
"6215","6180橘子","110/07/12","元大-羅東",21,0,21
"6216","6180橘子","110/07/12","新光",3,32,-29
"6217","6180橘子","110/07/12","兆豐-埔墘",16,0,16
"6218","6180橘子","110/07/12","日盛-文化",4,20,-16
"6219","6180橘子","110/07/12","元大-雙和",12,0,12
"6220","6180橘子","110/07/12","華南永昌-鶯歌",0,15,-15
"6221","6180橘子","110/07/12","美商高盛",18,7,11
"6222","6180橘子","110/07/12","中國信託-忠孝",7,20,-13
"6223","6180橘子","110/07/12","台新證券",14,3,11
"6224","6180橘子","110/07/12","凱基-台北",5,17,-12
"6225","6180橘子","110/07/12","元大-中壢",12,1,11
"6226","6180橘子","110/07/12","凱基-高雄",0,11,-11
"6227","6180橘子","110/07/12","統一-南京",10,0,10
"6228","6180橘子","110/07/12","凱基-大安",0,10,-10
"6229","6180橘子","110/07/12","致和-崇德",10,0,10
"6230","6180橘子","110/07/12","元大-北屯",0,10,-10
"6231","6180橘子","110/07/12","玉山-板橋",10,0,10
"6232","6180橘子","110/07/12","元大-南京",0,9,-9
"6233","6180橘子","110/07/12","富邦-仁愛",10,0,10
"6234","6180橘子","110/07/12","元大-台南",1,10,-9
"6235","6180橘子","110/07/12","摩根大通",10,1,9
"6236","6180橘子","110/07/12","康和-澎湖",0,8,-8
"6237","6180橘子","110/07/12","元富-林園",8,0,8
"6238","6180橘子","110/07/12","第一金-台中",0,7,-7
"6239","6180橘子","110/07/12","大慶-富順",7,0,7
"6240","6180橘子","110/07/12","台新-台南",1,8,-7
"6241","2390云辰","110/07/12","統一-新台中",170,0,170
"6242","2390云辰","110/07/12","元大-天母",2,450,-448
"6243","2390云辰","110/07/12","華南永昌-麻豆",137,2,135
"6244","2390云辰","110/07/12","國泰-忠孝",1,143,-142
"6245","2390云辰","110/07/12","元富-成功",103,14,89
"6246","2390云辰","110/07/12","摩根大通",377,512,-135
"6247","2390云辰","110/07/12","元大-土城學府",146,69,77
"6248","2390云辰","110/07/12","台灣摩根士丹利",0,91,-91
"6249","2390云辰","110/07/12","永豐金-永康",76,4,72
"6250","2390云辰","110/07/12","美林",84,146,-62
"6251","2390云辰","110/07/12","台中銀",73,2,71
"6252","2390云辰","110/07/12","華南永昌-嘉義",2,61,-59
"6253","2390云辰","110/07/12","大昌",63,3,60
"6254","2390云辰","110/07/12","永豐金-羅東",0,49,-49
"6255","2390云辰","110/07/12","合庫-三重",50,0,50
"6256","2390云辰","110/07/12","玉山-台中",6,53,-47
"6257","2390云辰","110/07/12","元富-高雄",93,50,43
"6258","2390云辰","110/07/12","玉山-新莊",2,48,-46
"6259","2390云辰","110/07/12","元大-館前",40,4,36
"6260","2390云辰","110/07/12","元大-大里",7,52,-45
"6261","2390云辰","110/07/12","港商野村",143,109,34
"6262","2390云辰","110/07/12","元大-內湖",3,48,-45
"6263","2390云辰","110/07/12","元大-雙和",34,0,34
"6264","2390云辰","110/07/12","永豐金-市政",1,42,-41
"6265","2390云辰","110/07/12","群益金鼎-民權",33,2,31
"6266","2390云辰","110/07/12","元大-學甲",1,41,-40
"6267","2390云辰","110/07/12","日盛-八德",40,10,30
"6268","2390云辰","110/07/12","兆豐-高雄",2,41,-39
"6269","2390云辰","110/07/12","國票-嘉義",30,0,30
"6270","2390云辰","110/07/12","新加坡商瑞銀",21,59,-38
"6271","4903聯光通","110/07/12","台灣企銀-太平",19,0,19
"6272","4903聯光通","110/07/12","玉山-南京東路",0,16,-16
"6273","4903聯光通","110/07/12","統一-土城",17,0,17
"6274","4903聯光通","110/07/12","新光",0,14,-14
"6275","4903聯光通","110/07/12","國票-博愛",14,0,14
"6276","4903聯光通","110/07/12","兆豐-彰化",0,10,-10
"6277","4903聯光通","110/07/12","新光-台中",15,2,13
"6278","4903聯光通","110/07/12","國票",0,10,-10
"6279","4903聯光通","110/07/12","元大-彰化",11,0,11
"6280","4903聯光通","110/07/12","富邦-敦南",0,10,-10
"6281","4903聯光通","110/07/12","華南永昌-林口",10,0,10
"6282","4903聯光通","110/07/12","元大-前金",0,9,-9
"6283","4903聯光通","110/07/12","永豐金-南投",9,0,9
"6284","4903聯光通","110/07/12","日盛-頭份",0,8,-8
"6285","4903聯光通","110/07/12","元大-清水",8,0,8
"6286","4903聯光通","110/07/12","元大-太平",0,8,-8
"6287","4903聯光通","110/07/12","元大-博愛",8,0,8
"6288","4903聯光通","110/07/12","兆豐-埔墘",0,7,-7
"6289","4903聯光通","110/07/12","玉山-新莊",5,0,5
"6290","4903聯光通","110/07/12","臺銀-民權",0,5,-5
"6291","4903聯光通","110/07/12","凱基-士林",10,5,5
"6292","4903聯光通","110/07/12","富邦-板橋",0,5,-5
"6293","4903聯光通","110/07/12","元大-斗六",4,0,4
"6294","4903聯光通","110/07/12","元大-土城永寧",0,5,-5
"6295","4903聯光通","110/07/12","永豐金-羅東",4,0,4
"6296","4903聯光通","110/07/12","台新證券",0,4,-4
"6297","4903聯光通","110/07/12","日盛-樹林",3,0,3
"6298","4903聯光通","110/07/12","凱基-中壢",0,4,-4
"6299","4903聯光通","110/07/12","華南永昌-鶯歌",2,0,2
"6300","4903聯光通","110/07/12","元大-羅東",0,4,-4
"6301","2929淘帝","110/07/12","新光-台中",95,36,59
"6302","2929淘帝","110/07/12","華南永昌-林口",7,208,-201
"6303","2929淘帝","110/07/12","富邦-板橋",62,5,57
"6304","2929淘帝","110/07/12","富邦-台北",6,200,-194
"6305","2929淘帝","110/07/12","合庫-高雄",56,6,50
"6306","2929淘帝","110/07/12","元富-大裕",11,200,-189
"6307","2929淘帝","110/07/12","永興",41,0,41
"6308","2929淘帝","110/07/12","台中銀-台北",0,160,-160
"6309","2929淘帝","110/07/12","兆豐-忠孝",58,18,40
"6310","2929淘帝","110/07/12","日盛-園區",1,111,-110
"6311","2929淘帝","110/07/12","新光-高雄",39,3,36
"6312","2929淘帝","110/07/12","日盛-八德",0,88,-88
"6313","2929淘帝","110/07/12","凱基-豐中",36,0,36
"6314","2929淘帝","110/07/12","玉山-新竹",32,110,-78
"6315","2929淘帝","110/07/12","元大-民生",35,0,35
"6316","2929淘帝","110/07/12","元大-前金",0,72,-72
"6317","2929淘帝","110/07/12","臺銀-臺南",32,1,31
"6318","2929淘帝","110/07/12","元大-館前",12,83,-71
"6319","2929淘帝","110/07/12","台新證券",44,13,31
"6320","2929淘帝","110/07/12","華南永昌",1,57,-56
"6321","2929淘帝","110/07/12","新百王",30,0,30
"6322","2929淘帝","110/07/12","元大-南崁",4,59,-55
"6323","2929淘帝","110/07/12","群益金鼎-大興",30,0,30
"6324","2929淘帝","110/07/12","元大-嘉義",0,51,-51
"6325","2929淘帝","110/07/12","凱基-台北",32,5,27
"6326","2929淘帝","110/07/12","日茂",1,50,-49
"6327","2929淘帝","110/07/12","元富-城東",26,0,26
"6328","2929淘帝","110/07/12","新光",35,83,-48
"6329","2929淘帝","110/07/12","國泰-松江",26,0,26
"6330","2929淘帝","110/07/12","日盛-新竹",1,48,-47
"6331","5410國眾","110/07/12","群益金鼎-中壢",68,0,68
"6332","5410國眾","110/07/12","摩根大通",6,67,-61
"6333","5410國眾","110/07/12","凱基-市政",40,0,40
"6334","5410國眾","110/07/12","元富-嘉義",0,60,-60
"6335","5410國眾","110/07/12","凱基-竹北",38,0,38
"6336","5410國眾","110/07/12","凱基-台北",0,51,-51
"6337","5410國眾","110/07/12","華南永昌-三重",30,0,30
"6338","5410國眾","110/07/12","元富-大裕",0,33,-33
"6339","5410國眾","110/07/12","永興",20,0,20
"6340","5410國眾","110/07/12","日盛-木柵",0,15,-15
"6341","5410國眾","110/07/12","統一-新台中",20,0,20
"6342","5410國眾","110/07/12","群益金鼎-民權",0,15,-15
"6343","5410國眾","110/07/12","兆豐-三重",20,0,20
"6344","5410國眾","110/07/12","元富-緯城",0,14,-14
"6345","5410國眾","110/07/12","富邦-台中",20,0,20
"6346","5410國眾","110/07/12","元大-大同",0,12,-12
"6347","5410國眾","110/07/12","臺銀",15,0,15
"6348","5410國眾","110/07/12","元大-莒光",0,10,-10
"6349","5410國眾","110/07/12","新光-桃園",20,6,14
"6350","5410國眾","110/07/12","元大-博愛",0,10,-10
"6351","5410國眾","110/07/12","元大-員林",12,0,12
"6352","5410國眾","110/07/12","日盛-永康",0,8,-8
"6353","5410國眾","110/07/12","日盛-員林",10,0,10
"6354","5410國眾","110/07/12","元大-四維",5,13,-8
"6355","5410國眾","110/07/12","元大-新盛",10,0,10
"6356","5410國眾","110/07/12","新加坡商瑞銀",0,7,-7
"6357","5410國眾","110/07/12","永豐金-台南",10,0,10
"6358","5410國眾","110/07/12","致和-金華",0,7,-7
"6359","5410國眾","110/07/12","元富-新莊",8,0,8
"6360","5410國眾","110/07/12","新光-新竹",0,7,-7
"6361","2841台開","110/07/12","永豐金-敦南",139,26,113
"6362","2841台開","110/07/12","華南永昌-朴子",0,528,-528
"6363","2841台開","110/07/12","日盛-雙和",68,0,68
"6364","2841台開","110/07/12","元大-苑裡",2,50,-48
"6365","2841台開","110/07/12","台新證券",62,4,58
"6366","2841台開","110/07/12","群益金鼎-東湖",0,40,-40
"6367","2841台開","110/07/12","凱基-文心",50,0,50
"6368","2841台開","110/07/12","第一金-員林",0,30,-30
"6369","2841台開","110/07/12","第一金-台中",45,0,45
"6370","2841台開","110/07/12","德信-中正",0,20,-20
"6371","2841台開","110/07/12","富邦-嘉義",40,0,40
"6372","2841台開","110/07/12","兆豐-嘉義",0,20,-20
"6373","2841台開","110/07/12","日盛-木柵",30,0,30
"6374","2841台開","110/07/12","彰銀-七賢",0,15,-15
"6375","2841台開","110/07/12","中國信託-文心",31,3,28
"6376","2841台開","110/07/12","元大-承德",0,14,-14
"6377","2841台開","110/07/12","元大-福營",30,7,23
"6378","2841台開","110/07/12","元富",0,12,-12
"6379","2841台開","110/07/12","台中銀",20,0,20
"6380","2841台開","110/07/12","富邦-陽明",0,11,-11
"6381","2841台開","110/07/12","國泰-板橋",20,0,20
"6382","2841台開","110/07/12","元大證券",0,11,-11
"6383","2841台開","110/07/12","元大-前金",20,0,20
"6384","2841台開","110/07/12","元大-大甲",0,10,-10
"6385","2841台開","110/07/12","中國信託-高雄",16,1,15
"6386","2841台開","110/07/12","日盛-新竹",0,8,-8
"6387","2841台開","110/07/12","陽信-石牌",15,0,15
"6388","2841台開","110/07/12","元富-城東",0,8,-8
"6389","2841台開","110/07/12","永豐金-南投",15,0,15
"6390","2841台開","110/07/12","玉山-台南",2,10,-8
"6391","6207雷科","110/07/12","元大-高雄",34,0,34
"6392","6207雷科","110/07/12","永豐金-三重",1,32,-31
"6393","6207雷科","110/07/12","華南永昌-林口",16,1,15
"6394","6207雷科","110/07/12","永全-八德",0,30,-30
"6395","6207雷科","110/07/12","摩根大通",19,6,13
"6396","6207雷科","110/07/12","國泰-台中",0,14,-14
"6397","6207雷科","110/07/12","元富-埔里",10,0,10
"6398","6207雷科","110/07/12","第一金-澎湖",0,10,-10
"6399","6207雷科","110/07/12","凱基-台南",10,0,10
"6400","6207雷科","110/07/12","元富-林園",0,10,-10
"6401","6207雷科","110/07/12","新加坡商瑞銀",9,0,9
"6402","6207雷科","110/07/12","元大-東門",0,10,-10
"6403","6207雷科","110/07/12","瑞士信貸",8,0,8
"6404","6207雷科","110/07/12","兆豐-嘉義",0,4,-4
"6405","6207雷科","110/07/12","中國信託-高雄",9,1,8
"6406","6207雷科","110/07/12","新光",0,4,-4
"6407","6207雷科","110/07/12","凱基-高雄",6,0,6
"6408","6207雷科","110/07/12","新光-台中",0,4,-4
"6409","6207雷科","110/07/12","元大-六合",6,0,6
"6410","6207雷科","110/07/12","群益金鼎-開元",0,4,-4
"6411","6207雷科","110/07/12","永豐金-信義",6,0,6
"6412","6207雷科","110/07/12","凱基-桃園",0,4,-4
"6413","6207雷科","110/07/12","群益金鼎-土城",5,0,5
"6414","6207雷科","110/07/12","凱基-民權",0,4,-4
"6415","6207雷科","110/07/12","群益金鼎-竹南",5,0,5
"6416","6207雷科","110/07/12","玉山-新莊",0,3,-3
"6417","6207雷科","110/07/12","元大-大灣",5,1,4
"6418","6207雷科","110/07/12","國泰-松江",0,3,-3
"6419","6207雷科","110/07/12","永興",3,0,3
"6420","6207雷科","110/07/12","富邦-羅東",0,3,-3
"6421","3679新至陞","110/07/12","富邦-新竹華信",40,2,38
"6422","3679新至陞","110/07/12","瑞士信貸",0,45,-45
"6423","3679新至陞","110/07/12","台中銀-員林",28,2,26
"6424","3679新至陞","110/07/12","永豐金-天母",0,39,-39
"6425","3679新至陞","110/07/12","聯邦-大業",24,0,24
"6426","3679新至陞","110/07/12","摩根大通",7,35,-28
"6427","3679新至陞","110/07/12","永豐金證券",20,0,20
"6428","3679新至陞","110/07/12","凱基-台北",8,36,-28
"6429","3679新至陞","110/07/12","港商法國興業",14,0,14
"6430","3679新至陞","110/07/12","華南永昌-小港",1,23,-22
"6431","3679新至陞","110/07/12","日盛-樹林",13,1,12
"6432","3679新至陞","110/07/12","台新-台中",0,15,-15
"6433","3679新至陞","110/07/12","國泰-桃園",9,0,9
"6434","3679新至陞","110/07/12","統一-台中",0,12,-12
"6435","3679新至陞","110/07/12","宏遠-館前",8,0,8
"6436","3679新至陞","110/07/12","元大-成功",1,12,-11
"6437","3679新至陞","110/07/12","凱基",10,2,8
"6438","3679新至陞","110/07/12","康和-澎湖",0,8,-8
"6439","3679新至陞","110/07/12","(牛牛牛)亞-網路",7,0,7
"6440","3679新至陞","110/07/12","新加坡商瑞銀",0,7,-7
"6441","3679新至陞","110/07/12","兆豐-員林",7,0,7
"6442","3679新至陞","110/07/12","兆豐-來福",0,7,-7
"6443","3679新至陞","110/07/12","大慶-蘆洲",5,0,5
"6444","3679新至陞","110/07/12","元大-佳里",0,6,-6
"6445","3679新至陞","110/07/12","土銀-花蓮",4,0,4
"6446","3679新至陞","110/07/12","美商高盛",0,5,-5
"6447","3679新至陞","110/07/12","台新-高雄",5,1,4
"6448","3679新至陞","110/07/12","國票-新莊",0,5,-5
"6449","3679新至陞","110/07/12","元大-天母",4,0,4
"6450","3679新至陞","110/07/12","台新-屏東",0,5,-5
"6451","2727王品","110/07/12","凱基-台北",354,198,156
"6452","2727王品","110/07/12","台灣摩根士丹利",5,386,-381
"6453","2727王品","110/07/12","統一-城中",159,22,137
"6454","2727王品","110/07/12","元大-嘉義",4,60,-56
"6455","2727王品","110/07/12","日盛-忠孝",60,0,60
"6456","2727王品","110/07/12","元大-大同",2,44,-42
"6457","2727王品","110/07/12","永豐金-忠孝",45,5,40
"6458","2727王品","110/07/12","國泰-台中",32,73,-41
"6459","2727王品","110/07/12","合庫-新竹",31,0,31
"6460","2727王品","110/07/12","元大證券",127,163,-36
"6461","2727王品","110/07/12","富邦-台中",31,3,28
"6462","2727王品","110/07/12","凱基",1,33,-32
"6463","2727王品","110/07/12","元大-桃園",35,10,25
"6464","2727王品","110/07/12","永全-南崁",1,31,-30
"6465","2727王品","110/07/12","新加坡商瑞銀",28,4,24
"6466","2727王品","110/07/12","凱基-和平",2,32,-30
"6467","2727王品","110/07/12","群益金鼎-古亭",25,2,23
"6468","2727王品","110/07/12","永豐金-大園",8,38,-30
"6469","2727王品","110/07/12","元大-龍潭",29,7,22
"6470","2727王品","110/07/12","瑞士信貸",0,28,-28
"6471","2727王品","110/07/12","永豐金-永康",25,3,22
"6472","2727王品","110/07/12","元富",17,44,-27
"6473","2727王品","110/07/12","富邦-竹北",24,3,21
"6474","2727王品","110/07/12","元大-北屯",5,32,-27
"6475","2727王品","110/07/12","群益金鼎-松山",20,0,20
"6476","2727王品","110/07/12","華南永昌",3,28,-25
"6477","2727王品","110/07/12","元大-八德",20,0,20
"6478","2727王品","110/07/12","統一-竹南",1,23,-22
"6479","2727王品","110/07/12","元大-南京",25,6,19
"6480","2727王品","110/07/12","永豐金證券",4,26,-22
"6481","1570力肯","110/07/12","國票-北高雄",40,0,40
"6482","1570力肯","110/07/12","日盛-竹北",0,40,-40
"6483","1570力肯","110/07/12","摩根大通",16,0,16
"6484","1570力肯","110/07/12","第一金-華江",1,38,-37
"6485","1570力肯","110/07/12","新光",31,19,12
"6486","1570力肯","110/07/12","元大-永春",0,26,-26
"6487","1570力肯","110/07/12","元大-台中中港",12,0,12
"6488","1570力肯","110/07/12","元大-古亭",1,20,-19
"6489","1570力肯","110/07/12","日盛-高雄",10,0,10
"6490","1570力肯","110/07/12","國泰-松江",0,16,-16
"6491","1570力肯","110/07/12","第一金-路竹",10,0,10
"6492","1570力肯","110/07/12","台新-台南",0,15,-15
"6493","1570力肯","110/07/12","台新-新莊",10,0,10
"6494","1570力肯","110/07/12","康和-石牌",0,15,-15
"6495","1570力肯","110/07/12","元大-新盛",9,0,9
"6496","1570力肯","110/07/12","國泰-板橋",0,11,-11
"6497","1570力肯","110/07/12","凱基-台北",8,0,8
"6498","1570力肯","110/07/12","元大-高雄",0,11,-11
"6499","1570力肯","110/07/12","彰銀-七賢",6,0,6
"6500","1570力肯","110/07/12","兆豐-桃園",0,10,-10
"6501","1570力肯","110/07/12","元富-緯城",6,0,6
"6502","1570力肯","110/07/12","元大-大益",0,10,-10
"6503","1570力肯","110/07/12","華南永昌-古亭",6,0,6
"6504","1570力肯","110/07/12","中國信託-文心",0,5,-5
"6505","1570力肯","110/07/12","富邦-陽明",6,0,6
"6506","1570力肯","110/07/12","光和",0,5,-5
"6507","1570力肯","110/07/12","臺銀-臺南",5,0,5
"6508","1570力肯","110/07/12","陽信-石牌",0,5,-5
"6509","1570力肯","110/07/12","宏遠-館前",5,0,5
"6510","1570力肯","110/07/12","國泰-高雄",0,5,-5
"6511","6180橘子","110/07/12","康和-台中",32,2,30
"6512","6180橘子","110/07/12","新百王",1,40,-39
"6513","6180橘子","110/07/12","美林",32,3,29
"6514","6180橘子","110/07/12","富邦-陽明",4,42,-38
"6515","6180橘子","110/07/12","元大-羅東",21,0,21
"6516","6180橘子","110/07/12","新光",3,32,-29
"6517","6180橘子","110/07/12","兆豐-埔墘",16,0,16
"6518","6180橘子","110/07/12","日盛-文化",4,20,-16
"6519","6180橘子","110/07/12","元大-雙和",12,0,12
"6520","6180橘子","110/07/12","華南永昌-鶯歌",0,15,-15
"6521","6180橘子","110/07/12","美商高盛",18,7,11
"6522","6180橘子","110/07/12","中國信託-忠孝",7,20,-13
"6523","6180橘子","110/07/12","台新證券",14,3,11
"6524","6180橘子","110/07/12","凱基-台北",5,17,-12
"6525","6180橘子","110/07/12","元大-中壢",12,1,11
"6526","6180橘子","110/07/12","凱基-高雄",0,11,-11
"6527","6180橘子","110/07/12","統一-南京",10,0,10
"6528","6180橘子","110/07/12","凱基-大安",0,10,-10
"6529","6180橘子","110/07/12","致和-崇德",10,0,10
"6530","6180橘子","110/07/12","元大-北屯",0,10,-10
"6531","6180橘子","110/07/12","玉山-板橋",10,0,10
"6532","6180橘子","110/07/12","元大-南京",0,9,-9
"6533","6180橘子","110/07/12","富邦-仁愛",10,0,10
"6534","6180橘子","110/07/12","元大-台南",1,10,-9
"6535","6180橘子","110/07/12","摩根大通",10,1,9
"6536","6180橘子","110/07/12","康和-澎湖",0,8,-8
"6537","6180橘子","110/07/12","元富-林園",8,0,8
"6538","6180橘子","110/07/12","第一金-台中",0,7,-7
"6539","6180橘子","110/07/12","大慶-富順",7,0,7
"6540","6180橘子","110/07/12","台新-台南",1,8,-7
"6541","2390云辰","110/07/12","統一-新台中",170,0,170
"6542","2390云辰","110/07/12","元大-天母",2,450,-448
"6543","2390云辰","110/07/12","華南永昌-麻豆",137,2,135
"6544","2390云辰","110/07/12","國泰-忠孝",1,143,-142
"6545","2390云辰","110/07/12","元富-成功",103,14,89
"6546","2390云辰","110/07/12","摩根大通",377,512,-135
"6547","2390云辰","110/07/12","元大-土城學府",146,69,77
"6548","2390云辰","110/07/12","台灣摩根士丹利",0,91,-91
"6549","2390云辰","110/07/12","永豐金-永康",76,4,72
"6550","2390云辰","110/07/12","美林",84,146,-62
"6551","2390云辰","110/07/12","台中銀",73,2,71
"6552","2390云辰","110/07/12","華南永昌-嘉義",2,61,-59
"6553","2390云辰","110/07/12","大昌",63,3,60
"6554","2390云辰","110/07/12","永豐金-羅東",0,49,-49
"6555","2390云辰","110/07/12","合庫-三重",50,0,50
"6556","2390云辰","110/07/12","玉山-台中",6,53,-47
"6557","2390云辰","110/07/12","元富-高雄",93,50,43
"6558","2390云辰","110/07/12","玉山-新莊",2,48,-46
"6559","2390云辰","110/07/12","元大-館前",40,4,36
"6560","2390云辰","110/07/12","元大-大里",7,52,-45
"6561","2390云辰","110/07/12","港商野村",143,109,34
"6562","2390云辰","110/07/12","元大-內湖",3,48,-45
"6563","2390云辰","110/07/12","元大-雙和",34,0,34
"6564","2390云辰","110/07/12","永豐金-市政",1,42,-41
"6565","2390云辰","110/07/12","群益金鼎-民權",33,2,31
"6566","2390云辰","110/07/12","元大-學甲",1,41,-40
"6567","2390云辰","110/07/12","日盛-八德",40,10,30
"6568","2390云辰","110/07/12","兆豐-高雄",2,41,-39
"6569","2390云辰","110/07/12","國票-嘉義",30,0,30
"6570","2390云辰","110/07/12","新加坡商瑞銀",21,59,-38
"6571","4903聯光通","110/07/09","元大-敦南",10,0,10
"6572","4903聯光通","110/07/09","第一金-台中",0,12,-12
"6573","4903聯光通","110/07/09","凱基-士林",5,0,5
"6574","4903聯光通","110/07/09","日盛-忠孝",0,3,-3
"6575","4903聯光通","110/07/09","元大-苗栗",5,0,5
"6576","4903聯光通","110/07/09","群益金鼎-崇德",0,3,-3
"6577","4903聯光通","110/07/09","元大-屏南",3,0,3
"6578","4903聯光通","110/07/09","國票-內壢",0,2,-2
"6579","4903聯光通","110/07/09","中國信託-永康",1,0,1
"6580","4903聯光通","110/07/09","康和-南崁",0,2,-2
"6581","4903聯光通","110/07/09","玉山證券",1,0,1
"6582","4903聯光通","110/07/09","新光-台中",0,2,-2
"6583","4903聯光通","110/07/09","元大-太平",4,3,1
"6584","4903聯光通","110/07/09","玉山-城中",0,2,-2
"6585","4903聯光通","110/07/09","永豐金-嘉義",1,0,1
"6586","4903聯光通","110/07/09","中國信託-文心",0,1,-1
"6587","4903聯光通","110/07/09","大昌",0,0,0
"6588","4903聯光通","110/07/09","大昌",0,0,0
"6589","4903聯光通","110/07/09","中農",0,0,0
"6590","4903聯光通","110/07/09","中農",0,0,0
"6591","4903聯光通","110/07/09","",NA,NA,NA
"6592","4903聯光通","110/07/09","",NA,NA,NA
"6593","4903聯光通","110/07/09","",NA,NA,NA
"6594","4903聯光通","110/07/09","",NA,NA,NA
"6595","4903聯光通","110/07/09","",NA,NA,NA
"6596","4903聯光通","110/07/09","",NA,NA,NA
"6597","4903聯光通","110/07/09","",NA,NA,NA
"6598","4903聯光通","110/07/09","",NA,NA,NA
"6599","4903聯光通","110/07/09","",NA,NA,NA
"6600","4903聯光通","110/07/09","",NA,NA,NA
"6601","2929淘帝","110/07/09","台中銀-台北",110,0,110
"6602","2929淘帝","110/07/09","新光",2,82,-80
"6603","2929淘帝","110/07/09","華南永昌-頭份",72,0,72
"6604","2929淘帝","110/07/09","摩根大通",2,63,-61
"6605","2929淘帝","110/07/09","合庫-高雄",71,0,71
"6606","2929淘帝","110/07/09","第一金-路竹",0,50,-50
"6607","2929淘帝","110/07/09","高橋-龍潭",37,0,37
"6608","2929淘帝","110/07/09","港商麥格理",0,42,-42
"6609","2929淘帝","110/07/09","新光-台中",60,26,34
"6610","2929淘帝","110/07/09","陽信-石牌",0,40,-40
"6611","2929淘帝","110/07/09","元富-大裕",22,1,21
"6612","2929淘帝","110/07/09","台新-左楠",1,39,-38
"6613","2929淘帝","110/07/09","合庫-鳳山",20,0,20
"6614","2929淘帝","110/07/09","凱基-桃園",3,29,-26
"6615","2929淘帝","110/07/09","元大-員林",22,2,20
"6616","2929淘帝","110/07/09","兆豐-內湖",0,25,-25
"6617","2929淘帝","110/07/09","台新-建北",15,0,15
"6618","2929淘帝","110/07/09","元大-北港",0,20,-20
"6619","2929淘帝","110/07/09","兆豐-桃園",13,0,13
"6620","2929淘帝","110/07/09","富邦-北港",0,19,-19
"6621","2929淘帝","110/07/09","兆豐-忠孝",10,0,10
"6622","2929淘帝","110/07/09","富邦-花蓮",0,17,-17
"6623","2929淘帝","110/07/09","國票-敦北法人",10,0,10
"6624","2929淘帝","110/07/09","國泰-台中",2,17,-15
"6625","2929淘帝","110/07/09","永豐金-博愛",10,0,10
"6626","2929淘帝","110/07/09","群益金鼎-彰化",0,15,-15
"6627","2929淘帝","110/07/09","群益金鼎-潭子",8,0,8
"6628","2929淘帝","110/07/09","元大-博愛",0,14,-14
"6629","2929淘帝","110/07/09","富邦-南屯",8,0,8
"6630","2929淘帝","110/07/09","日盛-板橋",0,13,-13
"6631","5410國眾","110/07/09","元大-新盛",14,0,14
"6632","5410國眾","110/07/09","(牛牛牛)亞-鑫豐",1,41,-40
"6633","5410國眾","110/07/09","台灣企銀-民雄",10,0,10
"6634","5410國眾","110/07/09","元富-嘉義",0,25,-25
"6635","5410國眾","110/07/09","元富-虎尾",9,0,9
"6636","5410國眾","110/07/09","凱基-高美館",0,10,-10
"6637","5410國眾","110/07/09","摩根大通",10,1,9
"6638","5410國眾","110/07/09","凱基-城中",0,10,-10
"6639","5410國眾","110/07/09","兆豐-北高雄",7,0,7
"6640","5410國眾","110/07/09","元大-頭份",0,10,-10
"6641","5410國眾","110/07/09","凱基-台北",8,1,7
"6642","5410國眾","110/07/09","群益金鼎-丹鳳",0,7,-7
"6643","5410國眾","110/07/09","華南永昌-公誠",7,0,7
"6644","5410國眾","110/07/09","凱基-復興",0,7,-7
"6645","5410國眾","110/07/09","香港上海匯豐",6,0,6
"6646","5410國眾","110/07/09","元大-員林",0,7,-7
"6647","5410國眾","110/07/09","凱基-中壢",6,0,6
"6648","5410國眾","110/07/09","富邦-竹東",0,6,-6
"6649","5410國眾","110/07/09","華南永昌-南京",6,0,6
"6650","5410國眾","110/07/09","亞東-高雄",0,5,-5
"6651","5410國眾","110/07/09","統一-三重",5,0,5
"6652","5410國眾","110/07/09","大慶-中壢",1,6,-5
"6653","5410國眾","110/07/09","富邦-宜蘭",5,0,5
"6654","5410國眾","110/07/09","群益金鼎-中港",0,5,-5
"6655","5410國眾","110/07/09","元大-崇德",5,0,5
"6656","5410國眾","110/07/09","元大-八德",0,5,-5
"6657","5410國眾","110/07/09","元大-博愛",5,0,5
"6658","5410國眾","110/07/09","富邦-基隆",0,4,-4
"6659","5410國眾","110/07/09","元大-龍潭",5,0,5
"6660","5410國眾","110/07/09","臺銀-新竹",0,3,-3
"6661","2841台開","110/07/09","日盛-雙和",102,0,102
"6662","2841台開","110/07/09","港商野村",0,129,-129
"6663","2841台開","110/07/09","元大-館前",70,0,70
"6664","2841台開","110/07/09","兆豐-永和",0,100,-100
"6665","2841台開","110/07/09","凱基-文心",50,0,50
"6666","2841台開","110/07/09","台新證券",7,28,-21
"6667","2841台開","110/07/09","富邦-嘉義",40,0,40
"6668","2841台開","110/07/09","國票-北高雄",0,20,-20
"6669","2841台開","110/07/09","美商高盛",15,0,15
"6670","2841台開","110/07/09","永豐金-敦南",29,46,-17
"6671","2841台開","110/07/09","台中銀",15,0,15
"6672","2841台開","110/07/09","合庫-基隆",0,12,-12
"6673","2841台開","110/07/09","新光",11,0,11
"6674","2841台開","110/07/09","中國信託-松江",0,12,-12
"6675","2841台開","110/07/09","華南永昌-長虹",10,0,10
"6676","2841台開","110/07/09","兆豐-城中",0,12,-12
"6677","2841台開","110/07/09","永豐金-南投",10,0,10
"6678","2841台開","110/07/09","台中銀-豐原",0,10,-10
"6679","2841台開","110/07/09","合庫-桃園",7,0,7
"6680","2841台開","110/07/09","兆豐-景美",0,10,-10
"6681","2841台開","110/07/09","群益金鼎-古亭",7,0,7
"6682","2841台開","110/07/09","群益金鼎-基隆",0,10,-10
"6683","2841台開","110/07/09","國泰-敦南",6,0,6
"6684","2841台開","110/07/09","元大-北三重",0,10,-10
"6685","2841台開","110/07/09","凱基-桃園",8,2,6
"6686","2841台開","110/07/09","(牛牛牛)亞-網路",0,9,-9
"6687","2841台開","110/07/09","日盛證券",5,0,5
"6688","2841台開","110/07/09","台新-高雄",1,10,-9
"6689","2841台開","110/07/09","元富-文心",5,0,5
"6690","2841台開","110/07/09","凱基-台北",0,7,-7
"6691","6207雷科","110/07/09","群益金鼎-新竹",47,0,47
"6692","6207雷科","110/07/09","新光",7,24,-17
"6693","6207雷科","110/07/09","永豐金-三重",31,0,31
"6694","6207雷科","110/07/09","日盛-和美",0,15,-15
"6695","6207雷科","110/07/09","新加坡商瑞銀",33,5,28
"6696","6207雷科","110/07/09","國泰-台南",0,15,-15
"6697","6207雷科","110/07/09","元大-高雄",26,0,26
"6698","6207雷科","110/07/09","華南永昌-古亭",0,14,-14
"6699","6207雷科","110/07/09","統一-員林",22,0,22
"6700","6207雷科","110/07/09","土銀-白河",0,11,-11
"6701","6207雷科","110/07/09","台新-高雄",22,0,22
"6702","6207雷科","110/07/09","日盛-台南",0,10,-10
"6703","6207雷科","110/07/09","摩根大通",34,17,17
"6704","6207雷科","110/07/09","元富-林園",0,10,-10
"6705","6207雷科","110/07/09","元大-博愛",17,1,16
"6706","6207雷科","110/07/09","富邦-園區",0,10,-10
"6707","6207雷科","110/07/09","日茂-埔里",12,0,12
"6708","6207雷科","110/07/09","元大-上新莊",0,10,-10
"6709","6207雷科","110/07/09","國泰-台中",17,6,11
"6710","6207雷科","110/07/09","永豐金-南京",0,10,-10
"6711","6207雷科","110/07/09","富邦-三重",10,0,10
"6712","6207雷科","110/07/09","兆豐-小港",0,6,-6
"6713","6207雷科","110/07/09","元大-沙鹿",10,0,10
"6714","6207雷科","110/07/09","富邦-羅東",1,7,-6
"6715","6207雷科","110/07/09","元大-八德",10,0,10
"6716","6207雷科","110/07/09","元大-土城永寧",0,6,-6
"6717","6207雷科","110/07/09","第一金-路竹",11,2,9
"6718","6207雷科","110/07/09","永豐金-板盛",0,6,-6
"6719","6207雷科","110/07/09","統一-南京",5,0,5
"6720","6207雷科","110/07/09","日盛-板橋",0,5,-5
"6721","3679新至陞","110/07/09","元大-大天母",10,0,10
"6722","3679新至陞","110/07/09","第一金-光復",0,11,-11
"6723","3679新至陞","110/07/09","日盛-樹林",9,0,9
"6724","3679新至陞","110/07/09","瑞士信貸",0,8,-8
"6725","3679新至陞","110/07/09","凱基-台北",11,2,9
"6726","3679新至陞","110/07/09","大慶-苗栗",0,5,-5
"6727","3679新至陞","110/07/09","華南永昌-小港",8,0,8
"6728","3679新至陞","110/07/09","元大-永春",0,5,-5
"6729","3679新至陞","110/07/09","兆豐-來福",7,0,7
"6730","3679新至陞","110/07/09","日盛-和美",0,4,-4
"6731","3679新至陞","110/07/09","香港上海匯豐",5,0,5
"6732","3679新至陞","110/07/09","元大-雙和",0,3,-3
"6733","3679新至陞","110/07/09","台中銀-員林",3,0,3
"6734","3679新至陞","110/07/09","永豐金-屏東",0,3,-3
"6735","3679新至陞","110/07/09","新光",3,0,3
"6736","3679新至陞","110/07/09","彰銀",0,2,-2
"6737","3679新至陞","110/07/09","土銀-花蓮",2,0,2
"6738","3679新至陞","110/07/09","宏遠-館前",0,2,-2
"6739","3679新至陞","110/07/09","第一金-澎湖",2,0,2
"6740","3679新至陞","110/07/09","港商野村",0,2,-2
"6741","3679新至陞","110/07/09","摩根大通",2,0,2
"6742","3679新至陞","110/07/09","大昌-新店",0,2,-2
"6743","3679新至陞","110/07/09","國泰-敦南",2,0,2
"6744","3679新至陞","110/07/09","元大-新莊",0,2,-2
"6745","3679新至陞","110/07/09","元大-淡水",4,2,2
"6746","3679新至陞","110/07/09","元大-板橋",0,2,-2
"6747","3679新至陞","110/07/09","日盛-士林",1,0,1
"6748","3679新至陞","110/07/09","台灣摩根士丹利",0,1,-1
"6749","3679新至陞","110/07/09","日盛-信義",1,0,1
"6750","3679新至陞","110/07/09","第一金-高雄",0,1,-1
"6751","2727王品","110/07/09","台灣匯立證券",90,0,90
"6752","2727王品","110/07/09","台灣摩根士丹利",0,267,-267
"6753","2727王品","110/07/09","國泰-敦南",166,84,82
"6754","2727王品","110/07/09","富邦-台北",35,299,-264
"6755","2727王品","110/07/09","富邦-仁愛",56,12,44
"6756","2727王品","110/07/09","凱基-台北",174,296,-122
"6757","2727王品","110/07/09","台新證券",109,66,43
"6758","2727王品","110/07/09","第一金",2,102,-100
"6759","2727王品","110/07/09","新光",117,87,30
"6760","2727王品","110/07/09","群益金鼎-大安",0,80,-80
"6761","2727王品","110/07/09","臺銀-臺中",35,6,29
"6762","2727王品","110/07/09","兆豐-大安",7,60,-53
"6763","2727王品","110/07/09","元大-桃園",32,3,29
"6764","2727王品","110/07/09","永豐金-南投",0,50,-50
"6765","2727王品","110/07/09","元富-宜蘭",34,6,28
"6766","2727王品","110/07/09","新加坡商瑞銀",6,46,-40
"6767","2727王品","110/07/09","玉山-台中",34,8,26
"6768","2727王品","110/07/09","合庫-彰化",11,50,-39
"6769","2727王品","110/07/09","群益金鼎-宜蘭",30,4,26
"6770","2727王品","110/07/09","永豐金-萬盛",13,52,-39
"6771","2727王品","110/07/09","富邦-台中",42,16,26
"6772","2727王品","110/07/09","瑞士信貸",0,34,-34
"6773","2727王品","110/07/09","第一金-豐原",25,1,24
"6774","2727王品","110/07/09","元大-和平",4,35,-31
"6775","2727王品","110/07/09","臺銀",30,8,22
"6776","2727王品","110/07/09","美林",14,44,-30
"6777","2727王品","110/07/09","兆豐-來福",23,1,22
"6778","2727王品","110/07/09","元大-員林",9,38,-29
"6779","2727王品","110/07/09","玉山-士林",22,2,20
"6780","2727王品","110/07/09","元富-西松",4,31,-27
"6781","1570力肯","110/07/09","凱基-台北",30,1,29
"6782","1570力肯","110/07/09","群益金鼎-彰化",0,20,-20
"6783","1570力肯","110/07/09","新光-台南",20,0,20
"6784","1570力肯","110/07/09","元大-土城學府",0,20,-20
"6785","1570力肯","110/07/09","元大-高雄",20,0,20
"6786","1570力肯","110/07/09","元大-大統",0,16,-16
"6787","1570力肯","110/07/09","國票-中正",12,0,12
"6788","1570力肯","110/07/09","元大-新營",0,11,-11
"6789","1570力肯","110/07/09","日盛-高雄",6,0,6
"6790","1570力肯","110/07/09","元大-和平",0,10,-10
"6791","1570力肯","110/07/09","元富-緯城",6,0,6
"6792","1570力肯","110/07/09","元大-草屯",0,10,-10
"6793","1570力肯","110/07/09","群益金鼎-台南",6,0,6
"6794","1570力肯","110/07/09","元大-鹿港",0,9,-9
"6795","1570力肯","110/07/09","華南永昌-岡山",6,0,6
"6796","1570力肯","110/07/09","合庫-基隆",0,7,-7
"6797","1570力肯","110/07/09","統一-中壢",5,0,5
"6798","1570力肯","110/07/09","摩根大通",2,8,-6
"6799","1570力肯","110/07/09","凱基-三峽",5,0,5
"6800","1570力肯","110/07/09","台灣企銀-豐原",0,4,-4
"6801","1570力肯","110/07/09","大昌-樹林",4,0,4
"6802","1570力肯","110/07/09","日盛-桃園",0,4,-4
"6803","1570力肯","110/07/09","新光",3,0,3
"6804","1570力肯","110/07/09","國泰-高雄",0,3,-3
"6805","1570力肯","110/07/09","富邦-新竹華信",3,0,3
"6806","1570力肯","110/07/09","永豐金-敦南",0,3,-3
"6807","1570力肯","110/07/09","合庫-台中",2,0,2
"6808","1570力肯","110/07/09","土銀-彰化",0,2,-2
"6809","1570力肯","110/07/09","臺銀-臺中",2,0,2
"6810","1570力肯","110/07/09","臺銀-鳳山",0,2,-2
"6811","6180橘子","110/07/09","摩根大通",63,1,62
"6812","6180橘子","110/07/09","元大-南京",1,32,-31
"6813","6180橘子","110/07/09","富邦-陽明",73,33,40
"6814","6180橘子","110/07/09","群益金鼎-台北",0,25,-25
"6815","6180橘子","110/07/09","新加坡商瑞銀",31,0,31
"6816","6180橘子","110/07/09","兆豐-復興",0,21,-21
"6817","6180橘子","110/07/09","美商高盛",25,0,25
"6818","6180橘子","110/07/09","永豐金-嘉義",0,21,-21
"6819","6180橘子","110/07/09","凱基-台北",26,10,16
"6820","6180橘子","110/07/09","凱基-中壢",8,24,-16
"6821","6180橘子","110/07/09","華南永昌-楠梓",13,0,13
"6822","6180橘子","110/07/09","致和-崇德",0,15,-15
"6823","6180橘子","110/07/09","華南永昌-朴子",11,0,11
"6824","6180橘子","110/07/09","群益金鼎-屏東",0,15,-15
"6825","6180橘子","110/07/09","元大-北港",11,0,11
"6826","6180橘子","110/07/09","群益金鼎-中山",0,15,-15
"6827","6180橘子","110/07/09","元大-成功",10,1,9
"6828","6180橘子","110/07/09","瑞士信貸",1,15,-14
"6829","6180橘子","110/07/09","新光",26,18,8
"6830","6180橘子","110/07/09","日盛-二林",0,10,-10
"6831","6180橘子","110/07/09","統一-三重",6,0,6
"6832","6180橘子","110/07/09","凱基-東門",0,10,-10
"6833","6180橘子","110/07/09","群益金鼎-嘉義",6,0,6
"6834","6180橘子","110/07/09","華南永昌-三重",0,10,-10
"6835","6180橘子","110/07/09","元大-員林中山",6,0,6
"6836","6180橘子","110/07/09","元大-彰化民生",1,11,-10
"6837","6180橘子","110/07/09","合庫-鳳山",5,0,5
"6838","6180橘子","110/07/09","永豐金-新店",1,11,-10
"6839","6180橘子","110/07/09","富邦-建國",6,1,5
"6840","6180橘子","110/07/09","群益金鼎-丹鳳",0,8,-8
"6841","2390云辰","110/07/09","摩根大通",279,56,223
"6842","2390云辰","110/07/09","元大-天母",0,127,-127
"6843","2390云辰","110/07/09","日盛-鳳山",110,2,108
"6844","2390云辰","110/07/09","中國信託-文心",5,109,-104
"6845","2390云辰","110/07/09","宏遠證券",100,0,100
"6846","2390云辰","110/07/09","永豐金-復興",0,55,-55
"6847","2390云辰","110/07/09","元大-大里",63,6,57
"6848","2390云辰","110/07/09","凱基-台北",239,286,-47
"6849","2390云辰","110/07/09","凱基-八德",59,10,49
"6850","2390云辰","110/07/09","德信",2,32,-30
"6851","2390云辰","110/07/09","合庫-新竹",40,0,40
"6852","2390云辰","110/07/09","兆豐-桃鶯",2,32,-30
"6853","2390云辰","110/07/09","國票",40,1,39
"6854","2390云辰","110/07/09","致和-南京",0,30,-30
"6855","2390云辰","110/07/09","新加坡商瑞銀",49,13,36
"6856","2390云辰","110/07/09","富邦-虎尾",1,31,-30
"6857","2390云辰","110/07/09","統一-新台中",36,2,34
"6858","2390云辰","110/07/09","元大-善化",2,31,-29
"6859","2390云辰","110/07/09","國票-嘉義",31,0,31
"6860","2390云辰","110/07/09","富邦-板橋",0,27,-27
"6861","2390云辰","110/07/09","華南永昌",35,7,28
"6862","2390云辰","110/07/09","富邦-永和",3,28,-25
"6863","2390云辰","110/07/09","玉山-台中",49,22,27
"6864","2390云辰","110/07/09","第一金-自由",20,44,-24
"6865","2390云辰","110/07/09","華南永昌-敦南",25,0,25
"6866","2390云辰","110/07/09","凱基-內湖",0,24,-24
"6867","2390云辰","110/07/09","新光-高雄",27,4,23
"6868","2390云辰","110/07/09","元大-汐止",1,24,-23
"6869","2390云辰","110/07/09","台灣摩根士丹利",85,63,22
"6870","2390云辰","110/07/09","新光-台中",12,33,-21
"6871","4903聯光通","110/07/09","元大-敦南",10,0,10
"6872","4903聯光通","110/07/09","第一金-台中",0,12,-12
"6873","4903聯光通","110/07/09","凱基-士林",5,0,5
"6874","4903聯光通","110/07/09","日盛-忠孝",0,3,-3
"6875","4903聯光通","110/07/09","元大-苗栗",5,0,5
"6876","4903聯光通","110/07/09","群益金鼎-崇德",0,3,-3
"6877","4903聯光通","110/07/09","元大-屏南",3,0,3
"6878","4903聯光通","110/07/09","國票-內壢",0,2,-2
"6879","4903聯光通","110/07/09","中國信託-永康",1,0,1
"6880","4903聯光通","110/07/09","康和-南崁",0,2,-2
"6881","4903聯光通","110/07/09","玉山證券",1,0,1
"6882","4903聯光通","110/07/09","新光-台中",0,2,-2
"6883","4903聯光通","110/07/09","元大-太平",4,3,1
"6884","4903聯光通","110/07/09","玉山-城中",0,2,-2
"6885","4903聯光通","110/07/09","永豐金-嘉義",1,0,1
"6886","4903聯光通","110/07/09","中國信託-文心",0,1,-1
"6887","4903聯光通","110/07/09","大昌",0,0,0
"6888","4903聯光通","110/07/09","大昌",0,0,0
"6889","4903聯光通","110/07/09","中農",0,0,0
"6890","4903聯光通","110/07/09","中農",0,0,0
"6891","4903聯光通","110/07/09","",NA,NA,NA
"6892","4903聯光通","110/07/09","",NA,NA,NA
"6893","4903聯光通","110/07/09","",NA,NA,NA
"6894","4903聯光通","110/07/09","",NA,NA,NA
"6895","4903聯光通","110/07/09","",NA,NA,NA
"6896","4903聯光通","110/07/09","",NA,NA,NA
"6897","4903聯光通","110/07/09","",NA,NA,NA
"6898","4903聯光通","110/07/09","",NA,NA,NA
"6899","4903聯光通","110/07/09","",NA,NA,NA
"6900","4903聯光通","110/07/09","",NA,NA,NA
"6901","2929淘帝","110/07/09","台中銀-台北",110,0,110
"6902","2929淘帝","110/07/09","新光",2,82,-80
"6903","2929淘帝","110/07/09","華南永昌-頭份",72,0,72
"6904","2929淘帝","110/07/09","摩根大通",2,63,-61
"6905","2929淘帝","110/07/09","合庫-高雄",71,0,71
"6906","2929淘帝","110/07/09","第一金-路竹",0,50,-50
"6907","2929淘帝","110/07/09","高橋-龍潭",37,0,37
"6908","2929淘帝","110/07/09","港商麥格理",0,42,-42
"6909","2929淘帝","110/07/09","新光-台中",60,26,34
"6910","2929淘帝","110/07/09","陽信-石牌",0,40,-40
"6911","2929淘帝","110/07/09","元富-大裕",22,1,21
"6912","2929淘帝","110/07/09","台新-左楠",1,39,-38
"6913","2929淘帝","110/07/09","合庫-鳳山",20,0,20
"6914","2929淘帝","110/07/09","凱基-桃園",3,29,-26
"6915","2929淘帝","110/07/09","元大-員林",22,2,20
"6916","2929淘帝","110/07/09","兆豐-內湖",0,25,-25
"6917","2929淘帝","110/07/09","台新-建北",15,0,15
"6918","2929淘帝","110/07/09","元大-北港",0,20,-20
"6919","2929淘帝","110/07/09","兆豐-桃園",13,0,13
"6920","2929淘帝","110/07/09","富邦-北港",0,19,-19
"6921","2929淘帝","110/07/09","兆豐-忠孝",10,0,10
"6922","2929淘帝","110/07/09","富邦-花蓮",0,17,-17
"6923","2929淘帝","110/07/09","國票-敦北法人",10,0,10
"6924","2929淘帝","110/07/09","國泰-台中",2,17,-15
"6925","2929淘帝","110/07/09","永豐金-博愛",10,0,10
"6926","2929淘帝","110/07/09","群益金鼎-彰化",0,15,-15
"6927","2929淘帝","110/07/09","群益金鼎-潭子",8,0,8
"6928","2929淘帝","110/07/09","元大-博愛",0,14,-14
"6929","2929淘帝","110/07/09","富邦-南屯",8,0,8
"6930","2929淘帝","110/07/09","日盛-板橋",0,13,-13
"6931","5410國眾","110/07/09","元大-新盛",14,0,14
"6932","5410國眾","110/07/09","(牛牛牛)亞-鑫豐",1,41,-40
"6933","5410國眾","110/07/09","台灣企銀-民雄",10,0,10
"6934","5410國眾","110/07/09","元富-嘉義",0,25,-25
"6935","5410國眾","110/07/09","元富-虎尾",9,0,9
"6936","5410國眾","110/07/09","凱基-高美館",0,10,-10
"6937","5410國眾","110/07/09","摩根大通",10,1,9
"6938","5410國眾","110/07/09","凱基-城中",0,10,-10
"6939","5410國眾","110/07/09","兆豐-北高雄",7,0,7
"6940","5410國眾","110/07/09","元大-頭份",0,10,-10
"6941","5410國眾","110/07/09","凱基-台北",8,1,7
"6942","5410國眾","110/07/09","群益金鼎-丹鳳",0,7,-7
"6943","5410國眾","110/07/09","華南永昌-公誠",7,0,7
"6944","5410國眾","110/07/09","凱基-復興",0,7,-7
"6945","5410國眾","110/07/09","香港上海匯豐",6,0,6
"6946","5410國眾","110/07/09","元大-員林",0,7,-7
"6947","5410國眾","110/07/09","凱基-中壢",6,0,6
"6948","5410國眾","110/07/09","富邦-竹東",0,6,-6
"6949","5410國眾","110/07/09","華南永昌-南京",6,0,6
"6950","5410國眾","110/07/09","亞東-高雄",0,5,-5
"6951","5410國眾","110/07/09","統一-三重",5,0,5
"6952","5410國眾","110/07/09","大慶-中壢",1,6,-5
"6953","5410國眾","110/07/09","富邦-宜蘭",5,0,5
"6954","5410國眾","110/07/09","群益金鼎-中港",0,5,-5
"6955","5410國眾","110/07/09","元大-崇德",5,0,5
"6956","5410國眾","110/07/09","元大-八德",0,5,-5
"6957","5410國眾","110/07/09","元大-博愛",5,0,5
"6958","5410國眾","110/07/09","富邦-基隆",0,4,-4
"6959","5410國眾","110/07/09","元大-龍潭",5,0,5
"6960","5410國眾","110/07/09","臺銀-新竹",0,3,-3
"6961","2841台開","110/07/09","日盛-雙和",102,0,102
"6962","2841台開","110/07/09","港商野村",0,129,-129
"6963","2841台開","110/07/09","元大-館前",70,0,70
"6964","2841台開","110/07/09","兆豐-永和",0,100,-100
"6965","2841台開","110/07/09","凱基-文心",50,0,50
"6966","2841台開","110/07/09","台新證券",7,28,-21
"6967","2841台開","110/07/09","富邦-嘉義",40,0,40
"6968","2841台開","110/07/09","國票-北高雄",0,20,-20
"6969","2841台開","110/07/09","美商高盛",15,0,15
"6970","2841台開","110/07/09","永豐金-敦南",29,46,-17
"6971","2841台開","110/07/09","台中銀",15,0,15
"6972","2841台開","110/07/09","合庫-基隆",0,12,-12
"6973","2841台開","110/07/09","新光",11,0,11
"6974","2841台開","110/07/09","中國信託-松江",0,12,-12
"6975","2841台開","110/07/09","華南永昌-長虹",10,0,10
"6976","2841台開","110/07/09","兆豐-城中",0,12,-12
"6977","2841台開","110/07/09","永豐金-南投",10,0,10
"6978","2841台開","110/07/09","台中銀-豐原",0,10,-10
"6979","2841台開","110/07/09","合庫-桃園",7,0,7
"6980","2841台開","110/07/09","兆豐-景美",0,10,-10
"6981","2841台開","110/07/09","群益金鼎-古亭",7,0,7
"6982","2841台開","110/07/09","群益金鼎-基隆",0,10,-10
"6983","2841台開","110/07/09","國泰-敦南",6,0,6
"6984","2841台開","110/07/09","元大-北三重",0,10,-10
"6985","2841台開","110/07/09","凱基-桃園",8,2,6
"6986","2841台開","110/07/09","(牛牛牛)亞-網路",0,9,-9
"6987","2841台開","110/07/09","日盛證券",5,0,5
"6988","2841台開","110/07/09","台新-高雄",1,10,-9
"6989","2841台開","110/07/09","元富-文心",5,0,5
"6990","2841台開","110/07/09","凱基-台北",0,7,-7
"6991","6207雷科","110/07/09","群益金鼎-新竹",47,0,47
"6992","6207雷科","110/07/09","新光",7,24,-17
"6993","6207雷科","110/07/09","永豐金-三重",31,0,31
"6994","6207雷科","110/07/09","日盛-和美",0,15,-15
"6995","6207雷科","110/07/09","新加坡商瑞銀",33,5,28
"6996","6207雷科","110/07/09","國泰-台南",0,15,-15
"6997","6207雷科","110/07/09","元大-高雄",26,0,26
"6998","6207雷科","110/07/09","華南永昌-古亭",0,14,-14
"6999","6207雷科","110/07/09","統一-員林",22,0,22
"7000","6207雷科","110/07/09","土銀-白河",0,11,-11
"7001","6207雷科","110/07/09","台新-高雄",22,0,22
"7002","6207雷科","110/07/09","日盛-台南",0,10,-10
"7003","6207雷科","110/07/09","摩根大通",34,17,17
"7004","6207雷科","110/07/09","元富-林園",0,10,-10
"7005","6207雷科","110/07/09","元大-博愛",17,1,16
"7006","6207雷科","110/07/09","富邦-園區",0,10,-10
"7007","6207雷科","110/07/09","日茂-埔里",12,0,12
"7008","6207雷科","110/07/09","元大-上新莊",0,10,-10
"7009","6207雷科","110/07/09","國泰-台中",17,6,11
"7010","6207雷科","110/07/09","永豐金-南京",0,10,-10
"7011","6207雷科","110/07/09","富邦-三重",10,0,10
"7012","6207雷科","110/07/09","兆豐-小港",0,6,-6
"7013","6207雷科","110/07/09","元大-沙鹿",10,0,10
"7014","6207雷科","110/07/09","富邦-羅東",1,7,-6
"7015","6207雷科","110/07/09","元大-八德",10,0,10
"7016","6207雷科","110/07/09","元大-土城永寧",0,6,-6
"7017","6207雷科","110/07/09","第一金-路竹",11,2,9
"7018","6207雷科","110/07/09","永豐金-板盛",0,6,-6
"7019","6207雷科","110/07/09","統一-南京",5,0,5
"7020","6207雷科","110/07/09","日盛-板橋",0,5,-5
"7021","3679新至陞","110/07/09","元大-大天母",10,0,10
"7022","3679新至陞","110/07/09","第一金-光復",0,11,-11
"7023","3679新至陞","110/07/09","日盛-樹林",9,0,9
"7024","3679新至陞","110/07/09","瑞士信貸",0,8,-8
"7025","3679新至陞","110/07/09","凱基-台北",11,2,9
"7026","3679新至陞","110/07/09","大慶-苗栗",0,5,-5
"7027","3679新至陞","110/07/09","華南永昌-小港",8,0,8
"7028","3679新至陞","110/07/09","元大-永春",0,5,-5
"7029","3679新至陞","110/07/09","兆豐-來福",7,0,7
"7030","3679新至陞","110/07/09","日盛-和美",0,4,-4
"7031","3679新至陞","110/07/09","香港上海匯豐",5,0,5
"7032","3679新至陞","110/07/09","元大-雙和",0,3,-3
"7033","3679新至陞","110/07/09","台中銀-員林",3,0,3
"7034","3679新至陞","110/07/09","永豐金-屏東",0,3,-3
"7035","3679新至陞","110/07/09","新光",3,0,3
"7036","3679新至陞","110/07/09","彰銀",0,2,-2
"7037","3679新至陞","110/07/09","土銀-花蓮",2,0,2
"7038","3679新至陞","110/07/09","宏遠-館前",0,2,-2
"7039","3679新至陞","110/07/09","第一金-澎湖",2,0,2
"7040","3679新至陞","110/07/09","港商野村",0,2,-2
"7041","3679新至陞","110/07/09","摩根大通",2,0,2
"7042","3679新至陞","110/07/09","大昌-新店",0,2,-2
"7043","3679新至陞","110/07/09","國泰-敦南",2,0,2
"7044","3679新至陞","110/07/09","元大-新莊",0,2,-2
"7045","3679新至陞","110/07/09","元大-淡水",4,2,2
"7046","3679新至陞","110/07/09","元大-板橋",0,2,-2
"7047","3679新至陞","110/07/09","日盛-士林",1,0,1
"7048","3679新至陞","110/07/09","台灣摩根士丹利",0,1,-1
"7049","3679新至陞","110/07/09","日盛-信義",1,0,1
"7050","3679新至陞","110/07/09","第一金-高雄",0,1,-1
"7051","2727王品","110/07/09","台灣匯立證券",90,0,90
"7052","2727王品","110/07/09","台灣摩根士丹利",0,267,-267
"7053","2727王品","110/07/09","國泰-敦南",166,84,82
"7054","2727王品","110/07/09","富邦-台北",35,299,-264
"7055","2727王品","110/07/09","富邦-仁愛",56,12,44
"7056","2727王品","110/07/09","凱基-台北",174,296,-122
"7057","2727王品","110/07/09","台新證券",109,66,43
"7058","2727王品","110/07/09","第一金",2,102,-100
"7059","2727王品","110/07/09","新光",117,87,30
"7060","2727王品","110/07/09","群益金鼎-大安",0,80,-80
"7061","2727王品","110/07/09","臺銀-臺中",35,6,29
"7062","2727王品","110/07/09","兆豐-大安",7,60,-53
"7063","2727王品","110/07/09","元大-桃園",32,3,29
"7064","2727王品","110/07/09","永豐金-南投",0,50,-50
"7065","2727王品","110/07/09","元富-宜蘭",34,6,28
"7066","2727王品","110/07/09","新加坡商瑞銀",6,46,-40
"7067","2727王品","110/07/09","玉山-台中",34,8,26
"7068","2727王品","110/07/09","合庫-彰化",11,50,-39
"7069","2727王品","110/07/09","群益金鼎-宜蘭",30,4,26
"7070","2727王品","110/07/09","永豐金-萬盛",13,52,-39
"7071","2727王品","110/07/09","富邦-台中",42,16,26
"7072","2727王品","110/07/09","瑞士信貸",0,34,-34
"7073","2727王品","110/07/09","第一金-豐原",25,1,24
"7074","2727王品","110/07/09","元大-和平",4,35,-31
"7075","2727王品","110/07/09","臺銀",30,8,22
"7076","2727王品","110/07/09","美林",14,44,-30
"7077","2727王品","110/07/09","兆豐-來福",23,1,22
"7078","2727王品","110/07/09","元大-員林",9,38,-29
"7079","2727王品","110/07/09","玉山-士林",22,2,20
"7080","2727王品","110/07/09","元富-西松",4,31,-27
"7081","1570力肯","110/07/09","凱基-台北",30,1,29
"7082","1570力肯","110/07/09","群益金鼎-彰化",0,20,-20
"7083","1570力肯","110/07/09","新光-台南",20,0,20
"7084","1570力肯","110/07/09","元大-土城學府",0,20,-20
"7085","1570力肯","110/07/09","元大-高雄",20,0,20
"7086","1570力肯","110/07/09","元大-大統",0,16,-16
"7087","1570力肯","110/07/09","國票-中正",12,0,12
"7088","1570力肯","110/07/09","元大-新營",0,11,-11
"7089","1570力肯","110/07/09","日盛-高雄",6,0,6
"7090","1570力肯","110/07/09","元大-和平",0,10,-10
"7091","1570力肯","110/07/09","元富-緯城",6,0,6
"7092","1570力肯","110/07/09","元大-草屯",0,10,-10
"7093","1570力肯","110/07/09","群益金鼎-台南",6,0,6
"7094","1570力肯","110/07/09","元大-鹿港",0,9,-9
"7095","1570力肯","110/07/09","華南永昌-岡山",6,0,6
"7096","1570力肯","110/07/09","合庫-基隆",0,7,-7
"7097","1570力肯","110/07/09","統一-中壢",5,0,5
"7098","1570力肯","110/07/09","摩根大通",2,8,-6
"7099","1570力肯","110/07/09","凱基-三峽",5,0,5
"7100","1570力肯","110/07/09","台灣企銀-豐原",0,4,-4
"7101","1570力肯","110/07/09","大昌-樹林",4,0,4
"7102","1570力肯","110/07/09","日盛-桃園",0,4,-4
"7103","1570力肯","110/07/09","新光",3,0,3
"7104","1570力肯","110/07/09","國泰-高雄",0,3,-3
"7105","1570力肯","110/07/09","富邦-新竹華信",3,0,3
"7106","1570力肯","110/07/09","永豐金-敦南",0,3,-3
"7107","1570力肯","110/07/09","合庫-台中",2,0,2
"7108","1570力肯","110/07/09","土銀-彰化",0,2,-2
"7109","1570力肯","110/07/09","臺銀-臺中",2,0,2
"7110","1570力肯","110/07/09","臺銀-鳳山",0,2,-2
"7111","6180橘子","110/07/09","摩根大通",63,1,62
"7112","6180橘子","110/07/09","元大-南京",1,32,-31
"7113","6180橘子","110/07/09","富邦-陽明",73,33,40
"7114","6180橘子","110/07/09","群益金鼎-台北",0,25,-25
"7115","6180橘子","110/07/09","新加坡商瑞銀",31,0,31
"7116","6180橘子","110/07/09","兆豐-復興",0,21,-21
"7117","6180橘子","110/07/09","美商高盛",25,0,25
"7118","6180橘子","110/07/09","永豐金-嘉義",0,21,-21
"7119","6180橘子","110/07/09","凱基-台北",26,10,16
"7120","6180橘子","110/07/09","凱基-中壢",8,24,-16
"7121","6180橘子","110/07/09","華南永昌-楠梓",13,0,13
"7122","6180橘子","110/07/09","致和-崇德",0,15,-15
"7123","6180橘子","110/07/09","華南永昌-朴子",11,0,11
"7124","6180橘子","110/07/09","群益金鼎-屏東",0,15,-15
"7125","6180橘子","110/07/09","元大-北港",11,0,11
"7126","6180橘子","110/07/09","群益金鼎-中山",0,15,-15
"7127","6180橘子","110/07/09","元大-成功",10,1,9
"7128","6180橘子","110/07/09","瑞士信貸",1,15,-14
"7129","6180橘子","110/07/09","新光",26,18,8
"7130","6180橘子","110/07/09","日盛-二林",0,10,-10
"7131","6180橘子","110/07/09","統一-三重",6,0,6
"7132","6180橘子","110/07/09","凱基-東門",0,10,-10
"7133","6180橘子","110/07/09","群益金鼎-嘉義",6,0,6
"7134","6180橘子","110/07/09","華南永昌-三重",0,10,-10
"7135","6180橘子","110/07/09","元大-員林中山",6,0,6
"7136","6180橘子","110/07/09","元大-彰化民生",1,11,-10
"7137","6180橘子","110/07/09","合庫-鳳山",5,0,5
"7138","6180橘子","110/07/09","永豐金-新店",1,11,-10
"7139","6180橘子","110/07/09","富邦-建國",6,1,5
"7140","6180橘子","110/07/09","群益金鼎-丹鳳",0,8,-8
"7141","2390云辰","110/07/09","摩根大通",279,56,223
"7142","2390云辰","110/07/09","元大-天母",0,127,-127
"7143","2390云辰","110/07/09","日盛-鳳山",110,2,108
"7144","2390云辰","110/07/09","中國信託-文心",5,109,-104
"7145","2390云辰","110/07/09","宏遠證券",100,0,100
"7146","2390云辰","110/07/09","永豐金-復興",0,55,-55
"7147","2390云辰","110/07/09","元大-大里",63,6,57
"7148","2390云辰","110/07/09","凱基-台北",239,286,-47
"7149","2390云辰","110/07/09","凱基-八德",59,10,49
"7150","2390云辰","110/07/09","德信",2,32,-30
"7151","2390云辰","110/07/09","合庫-新竹",40,0,40
"7152","2390云辰","110/07/09","兆豐-桃鶯",2,32,-30
"7153","2390云辰","110/07/09","國票",40,1,39
"7154","2390云辰","110/07/09","致和-南京",0,30,-30
"7155","2390云辰","110/07/09","新加坡商瑞銀",49,13,36
"7156","2390云辰","110/07/09","富邦-虎尾",1,31,-30
"7157","2390云辰","110/07/09","統一-新台中",36,2,34
"7158","2390云辰","110/07/09","元大-善化",2,31,-29
"7159","2390云辰","110/07/09","國票-嘉義",31,0,31
"7160","2390云辰","110/07/09","富邦-板橋",0,27,-27
"7161","2390云辰","110/07/09","華南永昌",35,7,28
"7162","2390云辰","110/07/09","富邦-永和",3,28,-25
"7163","2390云辰","110/07/09","玉山-台中",49,22,27
"7164","2390云辰","110/07/09","第一金-自由",20,44,-24
"7165","2390云辰","110/07/09","華南永昌-敦南",25,0,25
"7166","2390云辰","110/07/09","凱基-內湖",0,24,-24
"7167","2390云辰","110/07/09","新光-高雄",27,4,23
"7168","2390云辰","110/07/09","元大-汐止",1,24,-23
"7169","2390云辰","110/07/09","台灣摩根士丹利",85,63,22
"7170","2390云辰","110/07/09","新光-台中",12,33,-21
"7171","4903聯光通","110/07/09","元大-敦南",10,0,10
"7172","4903聯光通","110/07/09","第一金-台中",0,12,-12
"7173","4903聯光通","110/07/09","凱基-士林",5,0,5
"7174","4903聯光通","110/07/09","日盛-忠孝",0,3,-3
"7175","4903聯光通","110/07/09","元大-苗栗",5,0,5
"7176","4903聯光通","110/07/09","群益金鼎-崇德",0,3,-3
"7177","4903聯光通","110/07/09","元大-屏南",3,0,3
"7178","4903聯光通","110/07/09","國票-內壢",0,2,-2
"7179","4903聯光通","110/07/09","中國信託-永康",1,0,1
"7180","4903聯光通","110/07/09","康和-南崁",0,2,-2
"7181","4903聯光通","110/07/09","玉山證券",1,0,1
"7182","4903聯光通","110/07/09","新光-台中",0,2,-2
"7183","4903聯光通","110/07/09","元大-太平",4,3,1
"7184","4903聯光通","110/07/09","玉山-城中",0,2,-2
"7185","4903聯光通","110/07/09","永豐金-嘉義",1,0,1
"7186","4903聯光通","110/07/09","中國信託-文心",0,1,-1
"7187","4903聯光通","110/07/09","大昌",0,0,0
"7188","4903聯光通","110/07/09","大昌",0,0,0
"7189","4903聯光通","110/07/09","中農",0,0,0
"7190","4903聯光通","110/07/09","中農",0,0,0
"7191","4903聯光通","110/07/09","",NA,NA,NA
"7192","4903聯光通","110/07/09","",NA,NA,NA
"7193","4903聯光通","110/07/09","",NA,NA,NA
"7194","4903聯光通","110/07/09","",NA,NA,NA
"7195","4903聯光通","110/07/09","",NA,NA,NA
"7196","4903聯光通","110/07/09","",NA,NA,NA
"7197","4903聯光通","110/07/09","",NA,NA,NA
"7198","4903聯光通","110/07/09","",NA,NA,NA
"7199","4903聯光通","110/07/09","",NA,NA,NA
"7200","4903聯光通","110/07/09","",NA,NA,NA
"7201","2929淘帝","110/07/09","台中銀-台北",110,0,110
"7202","2929淘帝","110/07/09","新光",2,82,-80
"7203","2929淘帝","110/07/09","華南永昌-頭份",72,0,72
"7204","2929淘帝","110/07/09","摩根大通",2,63,-61
"7205","2929淘帝","110/07/09","合庫-高雄",71,0,71
"7206","2929淘帝","110/07/09","第一金-路竹",0,50,-50
"7207","2929淘帝","110/07/09","高橋-龍潭",37,0,37
"7208","2929淘帝","110/07/09","港商麥格理",0,42,-42
"7209","2929淘帝","110/07/09","新光-台中",60,26,34
"7210","2929淘帝","110/07/09","陽信-石牌",0,40,-40
"7211","2929淘帝","110/07/09","元富-大裕",22,1,21
"7212","2929淘帝","110/07/09","台新-左楠",1,39,-38
"7213","2929淘帝","110/07/09","合庫-鳳山",20,0,20
"7214","2929淘帝","110/07/09","凱基-桃園",3,29,-26
"7215","2929淘帝","110/07/09","元大-員林",22,2,20
"7216","2929淘帝","110/07/09","兆豐-內湖",0,25,-25
"7217","2929淘帝","110/07/09","台新-建北",15,0,15
"7218","2929淘帝","110/07/09","元大-北港",0,20,-20
"7219","2929淘帝","110/07/09","兆豐-桃園",13,0,13
"7220","2929淘帝","110/07/09","富邦-北港",0,19,-19
"7221","2929淘帝","110/07/09","兆豐-忠孝",10,0,10
"7222","2929淘帝","110/07/09","富邦-花蓮",0,17,-17
"7223","2929淘帝","110/07/09","國票-敦北法人",10,0,10
"7224","2929淘帝","110/07/09","國泰-台中",2,17,-15
"7225","2929淘帝","110/07/09","永豐金-博愛",10,0,10
"7226","2929淘帝","110/07/09","群益金鼎-彰化",0,15,-15
"7227","2929淘帝","110/07/09","群益金鼎-潭子",8,0,8
"7228","2929淘帝","110/07/09","元大-博愛",0,14,-14
"7229","2929淘帝","110/07/09","富邦-南屯",8,0,8
"7230","2929淘帝","110/07/09","日盛-板橋",0,13,-13
"7231","5410國眾","110/07/09","元大-新盛",14,0,14
"7232","5410國眾","110/07/09","(牛牛牛)亞-鑫豐",1,41,-40
"7233","5410國眾","110/07/09","台灣企銀-民雄",10,0,10
"7234","5410國眾","110/07/09","元富-嘉義",0,25,-25
"7235","5410國眾","110/07/09","元富-虎尾",9,0,9
"7236","5410國眾","110/07/09","凱基-高美館",0,10,-10
"7237","5410國眾","110/07/09","摩根大通",10,1,9
"7238","5410國眾","110/07/09","凱基-城中",0,10,-10
"7239","5410國眾","110/07/09","兆豐-北高雄",7,0,7
"7240","5410國眾","110/07/09","元大-頭份",0,10,-10
"7241","5410國眾","110/07/09","凱基-台北",8,1,7
"7242","5410國眾","110/07/09","群益金鼎-丹鳳",0,7,-7
"7243","5410國眾","110/07/09","華南永昌-公誠",7,0,7
"7244","5410國眾","110/07/09","凱基-復興",0,7,-7
"7245","5410國眾","110/07/09","香港上海匯豐",6,0,6
"7246","5410國眾","110/07/09","元大-員林",0,7,-7
"7247","5410國眾","110/07/09","凱基-中壢",6,0,6
"7248","5410國眾","110/07/09","富邦-竹東",0,6,-6
"7249","5410國眾","110/07/09","華南永昌-南京",6,0,6
"7250","5410國眾","110/07/09","亞東-高雄",0,5,-5
"7251","5410國眾","110/07/09","統一-三重",5,0,5
"7252","5410國眾","110/07/09","大慶-中壢",1,6,-5
"7253","5410國眾","110/07/09","富邦-宜蘭",5,0,5
"7254","5410國眾","110/07/09","群益金鼎-中港",0,5,-5
"7255","5410國眾","110/07/09","元大-崇德",5,0,5
"7256","5410國眾","110/07/09","元大-八德",0,5,-5
"7257","5410國眾","110/07/09","元大-博愛",5,0,5
"7258","5410國眾","110/07/09","富邦-基隆",0,4,-4
"7259","5410國眾","110/07/09","元大-龍潭",5,0,5
"7260","5410國眾","110/07/09","臺銀-新竹",0,3,-3
"7261","2841台開","110/07/09","日盛-雙和",102,0,102
"7262","2841台開","110/07/09","港商野村",0,129,-129
"7263","2841台開","110/07/09","元大-館前",70,0,70
"7264","2841台開","110/07/09","兆豐-永和",0,100,-100
"7265","2841台開","110/07/09","凱基-文心",50,0,50
"7266","2841台開","110/07/09","台新證券",7,28,-21
"7267","2841台開","110/07/09","富邦-嘉義",40,0,40
"7268","2841台開","110/07/09","國票-北高雄",0,20,-20
"7269","2841台開","110/07/09","美商高盛",15,0,15
"7270","2841台開","110/07/09","永豐金-敦南",29,46,-17
"7271","2841台開","110/07/09","台中銀",15,0,15
"7272","2841台開","110/07/09","合庫-基隆",0,12,-12
"7273","2841台開","110/07/09","新光",11,0,11
"7274","2841台開","110/07/09","中國信託-松江",0,12,-12
"7275","2841台開","110/07/09","華南永昌-長虹",10,0,10
"7276","2841台開","110/07/09","兆豐-城中",0,12,-12
"7277","2841台開","110/07/09","永豐金-南投",10,0,10
"7278","2841台開","110/07/09","台中銀-豐原",0,10,-10
"7279","2841台開","110/07/09","合庫-桃園",7,0,7
"7280","2841台開","110/07/09","兆豐-景美",0,10,-10
"7281","2841台開","110/07/09","群益金鼎-古亭",7,0,7
"7282","2841台開","110/07/09","群益金鼎-基隆",0,10,-10
"7283","2841台開","110/07/09","國泰-敦南",6,0,6
"7284","2841台開","110/07/09","元大-北三重",0,10,-10
"7285","2841台開","110/07/09","凱基-桃園",8,2,6
"7286","2841台開","110/07/09","(牛牛牛)亞-網路",0,9,-9
"7287","2841台開","110/07/09","日盛證券",5,0,5
"7288","2841台開","110/07/09","台新-高雄",1,10,-9
"7289","2841台開","110/07/09","元富-文心",5,0,5
"7290","2841台開","110/07/09","凱基-台北",0,7,-7
"7291","6207雷科","110/07/09","群益金鼎-新竹",47,0,47
"7292","6207雷科","110/07/09","新光",7,24,-17
"7293","6207雷科","110/07/09","永豐金-三重",31,0,31
"7294","6207雷科","110/07/09","日盛-和美",0,15,-15
"7295","6207雷科","110/07/09","新加坡商瑞銀",33,5,28
"7296","6207雷科","110/07/09","國泰-台南",0,15,-15
"7297","6207雷科","110/07/09","元大-高雄",26,0,26
"7298","6207雷科","110/07/09","華南永昌-古亭",0,14,-14
"7299","6207雷科","110/07/09","統一-員林",22,0,22
"7300","6207雷科","110/07/09","土銀-白河",0,11,-11
"7301","6207雷科","110/07/09","台新-高雄",22,0,22
"7302","6207雷科","110/07/09","日盛-台南",0,10,-10
"7303","6207雷科","110/07/09","摩根大通",34,17,17
"7304","6207雷科","110/07/09","元富-林園",0,10,-10
"7305","6207雷科","110/07/09","元大-博愛",17,1,16
"7306","6207雷科","110/07/09","富邦-園區",0,10,-10
"7307","6207雷科","110/07/09","日茂-埔里",12,0,12
"7308","6207雷科","110/07/09","元大-上新莊",0,10,-10
"7309","6207雷科","110/07/09","國泰-台中",17,6,11
"7310","6207雷科","110/07/09","永豐金-南京",0,10,-10
"7311","6207雷科","110/07/09","富邦-三重",10,0,10
"7312","6207雷科","110/07/09","兆豐-小港",0,6,-6
"7313","6207雷科","110/07/09","元大-沙鹿",10,0,10
"7314","6207雷科","110/07/09","富邦-羅東",1,7,-6
"7315","6207雷科","110/07/09","元大-八德",10,0,10
"7316","6207雷科","110/07/09","元大-土城永寧",0,6,-6
"7317","6207雷科","110/07/09","第一金-路竹",11,2,9
"7318","6207雷科","110/07/09","永豐金-板盛",0,6,-6
"7319","6207雷科","110/07/09","統一-南京",5,0,5
"7320","6207雷科","110/07/09","日盛-板橋",0,5,-5
"7321","3679新至陞","110/07/09","元大-大天母",10,0,10
"7322","3679新至陞","110/07/09","第一金-光復",0,11,-11
"7323","3679新至陞","110/07/09","日盛-樹林",9,0,9
"7324","3679新至陞","110/07/09","瑞士信貸",0,8,-8
"7325","3679新至陞","110/07/09","凱基-台北",11,2,9
"7326","3679新至陞","110/07/09","大慶-苗栗",0,5,-5
"7327","3679新至陞","110/07/09","華南永昌-小港",8,0,8
"7328","3679新至陞","110/07/09","元大-永春",0,5,-5
"7329","3679新至陞","110/07/09","兆豐-來福",7,0,7
"7330","3679新至陞","110/07/09","日盛-和美",0,4,-4
"7331","3679新至陞","110/07/09","香港上海匯豐",5,0,5
"7332","3679新至陞","110/07/09","元大-雙和",0,3,-3
"7333","3679新至陞","110/07/09","台中銀-員林",3,0,3
"7334","3679新至陞","110/07/09","永豐金-屏東",0,3,-3
"7335","3679新至陞","110/07/09","新光",3,0,3
"7336","3679新至陞","110/07/09","彰銀",0,2,-2
"7337","3679新至陞","110/07/09","土銀-花蓮",2,0,2
"7338","3679新至陞","110/07/09","宏遠-館前",0,2,-2
"7339","3679新至陞","110/07/09","第一金-澎湖",2,0,2
"7340","3679新至陞","110/07/09","港商野村",0,2,-2
"7341","3679新至陞","110/07/09","摩根大通",2,0,2
"7342","3679新至陞","110/07/09","大昌-新店",0,2,-2
"7343","3679新至陞","110/07/09","國泰-敦南",2,0,2
"7344","3679新至陞","110/07/09","元大-新莊",0,2,-2
"7345","3679新至陞","110/07/09","元大-淡水",4,2,2
"7346","3679新至陞","110/07/09","元大-板橋",0,2,-2
"7347","3679新至陞","110/07/09","日盛-士林",1,0,1
"7348","3679新至陞","110/07/09","台灣摩根士丹利",0,1,-1
"7349","3679新至陞","110/07/09","日盛-信義",1,0,1
"7350","3679新至陞","110/07/09","第一金-高雄",0,1,-1
"7351","2727王品","110/07/09","台灣匯立證券",90,0,90
"7352","2727王品","110/07/09","台灣摩根士丹利",0,267,-267
"7353","2727王品","110/07/09","國泰-敦南",166,84,82
"7354","2727王品","110/07/09","富邦-台北",35,299,-264
"7355","2727王品","110/07/09","富邦-仁愛",56,12,44
"7356","2727王品","110/07/09","凱基-台北",174,296,-122
"7357","2727王品","110/07/09","台新證券",109,66,43
"7358","2727王品","110/07/09","第一金",2,102,-100
"7359","2727王品","110/07/09","新光",117,87,30
"7360","2727王品","110/07/09","群益金鼎-大安",0,80,-80
"7361","2727王品","110/07/09","臺銀-臺中",35,6,29
"7362","2727王品","110/07/09","兆豐-大安",7,60,-53
"7363","2727王品","110/07/09","元大-桃園",32,3,29
"7364","2727王品","110/07/09","永豐金-南投",0,50,-50
"7365","2727王品","110/07/09","元富-宜蘭",34,6,28
"7366","2727王品","110/07/09","新加坡商瑞銀",6,46,-40
"7367","2727王品","110/07/09","玉山-台中",34,8,26
"7368","2727王品","110/07/09","合庫-彰化",11,50,-39
"7369","2727王品","110/07/09","群益金鼎-宜蘭",30,4,26
"7370","2727王品","110/07/09","永豐金-萬盛",13,52,-39
"7371","2727王品","110/07/09","富邦-台中",42,16,26
"7372","2727王品","110/07/09","瑞士信貸",0,34,-34
"7373","2727王品","110/07/09","第一金-豐原",25,1,24
"7374","2727王品","110/07/09","元大-和平",4,35,-31
"7375","2727王品","110/07/09","臺銀",30,8,22
"7376","2727王品","110/07/09","美林",14,44,-30
"7377","2727王品","110/07/09","兆豐-來福",23,1,22
"7378","2727王品","110/07/09","元大-員林",9,38,-29
"7379","2727王品","110/07/09","玉山-士林",22,2,20
"7380","2727王品","110/07/09","元富-西松",4,31,-27
"7381","1570力肯","110/07/09","凱基-台北",30,1,29
"7382","1570力肯","110/07/09","群益金鼎-彰化",0,20,-20
"7383","1570力肯","110/07/09","新光-台南",20,0,20
"7384","1570力肯","110/07/09","元大-土城學府",0,20,-20
"7385","1570力肯","110/07/09","元大-高雄",20,0,20
"7386","1570力肯","110/07/09","元大-大統",0,16,-16
"7387","1570力肯","110/07/09","國票-中正",12,0,12
"7388","1570力肯","110/07/09","元大-新營",0,11,-11
"7389","1570力肯","110/07/09","日盛-高雄",6,0,6
"7390","1570力肯","110/07/09","元大-和平",0,10,-10
"7391","1570力肯","110/07/09","元富-緯城",6,0,6
"7392","1570力肯","110/07/09","元大-草屯",0,10,-10
"7393","1570力肯","110/07/09","群益金鼎-台南",6,0,6
"7394","1570力肯","110/07/09","元大-鹿港",0,9,-9
"7395","1570力肯","110/07/09","華南永昌-岡山",6,0,6
"7396","1570力肯","110/07/09","合庫-基隆",0,7,-7
"7397","1570力肯","110/07/09","統一-中壢",5,0,5
"7398","1570力肯","110/07/09","摩根大通",2,8,-6
"7399","1570力肯","110/07/09","凱基-三峽",5,0,5
"7400","1570力肯","110/07/09","台灣企銀-豐原",0,4,-4
"7401","1570力肯","110/07/09","大昌-樹林",4,0,4
"7402","1570力肯","110/07/09","日盛-桃園",0,4,-4
"7403","1570力肯","110/07/09","新光",3,0,3
"7404","1570力肯","110/07/09","國泰-高雄",0,3,-3
"7405","1570力肯","110/07/09","富邦-新竹華信",3,0,3
"7406","1570力肯","110/07/09","永豐金-敦南",0,3,-3
"7407","1570力肯","110/07/09","合庫-台中",2,0,2
"7408","1570力肯","110/07/09","土銀-彰化",0,2,-2
"7409","1570力肯","110/07/09","臺銀-臺中",2,0,2
"7410","1570力肯","110/07/09","臺銀-鳳山",0,2,-2
"7411","6180橘子","110/07/09","摩根大通",63,1,62
"7412","6180橘子","110/07/09","元大-南京",1,32,-31
"7413","6180橘子","110/07/09","富邦-陽明",73,33,40
"7414","6180橘子","110/07/09","群益金鼎-台北",0,25,-25
"7415","6180橘子","110/07/09","新加坡商瑞銀",31,0,31
"7416","6180橘子","110/07/09","兆豐-復興",0,21,-21
"7417","6180橘子","110/07/09","美商高盛",25,0,25
"7418","6180橘子","110/07/09","永豐金-嘉義",0,21,-21
"7419","6180橘子","110/07/09","凱基-台北",26,10,16
"7420","6180橘子","110/07/09","凱基-中壢",8,24,-16
"7421","6180橘子","110/07/09","華南永昌-楠梓",13,0,13
"7422","6180橘子","110/07/09","致和-崇德",0,15,-15
"7423","6180橘子","110/07/09","華南永昌-朴子",11,0,11
"7424","6180橘子","110/07/09","群益金鼎-屏東",0,15,-15
"7425","6180橘子","110/07/09","元大-北港",11,0,11
"7426","6180橘子","110/07/09","群益金鼎-中山",0,15,-15
"7427","6180橘子","110/07/09","元大-成功",10,1,9
"7428","6180橘子","110/07/09","瑞士信貸",1,15,-14
"7429","6180橘子","110/07/09","新光",26,18,8
"7430","6180橘子","110/07/09","日盛-二林",0,10,-10
"7431","6180橘子","110/07/09","統一-三重",6,0,6
"7432","6180橘子","110/07/09","凱基-東門",0,10,-10
"7433","6180橘子","110/07/09","群益金鼎-嘉義",6,0,6
"7434","6180橘子","110/07/09","華南永昌-三重",0,10,-10
"7435","6180橘子","110/07/09","元大-員林中山",6,0,6
"7436","6180橘子","110/07/09","元大-彰化民生",1,11,-10
"7437","6180橘子","110/07/09","合庫-鳳山",5,0,5
"7438","6180橘子","110/07/09","永豐金-新店",1,11,-10
"7439","6180橘子","110/07/09","富邦-建國",6,1,5
"7440","6180橘子","110/07/09","群益金鼎-丹鳳",0,8,-8
"7441","2390云辰","110/07/09","摩根大通",279,56,223
"7442","2390云辰","110/07/09","元大-天母",0,127,-127
"7443","2390云辰","110/07/09","日盛-鳳山",110,2,108
"7444","2390云辰","110/07/09","中國信託-文心",5,109,-104
"7445","2390云辰","110/07/09","宏遠證券",100,0,100
"7446","2390云辰","110/07/09","永豐金-復興",0,55,-55
"7447","2390云辰","110/07/09","元大-大里",63,6,57
"7448","2390云辰","110/07/09","凱基-台北",239,286,-47
"7449","2390云辰","110/07/09","凱基-八德",59,10,49
"7450","2390云辰","110/07/09","德信",2,32,-30
"7451","2390云辰","110/07/09","合庫-新竹",40,0,40
"7452","2390云辰","110/07/09","兆豐-桃鶯",2,32,-30
"7453","2390云辰","110/07/09","國票",40,1,39
"7454","2390云辰","110/07/09","致和-南京",0,30,-30
"7455","2390云辰","110/07/09","新加坡商瑞銀",49,13,36
"7456","2390云辰","110/07/09","富邦-虎尾",1,31,-30
"7457","2390云辰","110/07/09","統一-新台中",36,2,34
"7458","2390云辰","110/07/09","元大-善化",2,31,-29
"7459","2390云辰","110/07/09","國票-嘉義",31,0,31
"7460","2390云辰","110/07/09","富邦-板橋",0,27,-27
"7461","2390云辰","110/07/09","華南永昌",35,7,28
"7462","2390云辰","110/07/09","富邦-永和",3,28,-25
"7463","2390云辰","110/07/09","玉山-台中",49,22,27
"7464","2390云辰","110/07/09","第一金-自由",20,44,-24
"7465","2390云辰","110/07/09","華南永昌-敦南",25,0,25
"7466","2390云辰","110/07/09","凱基-內湖",0,24,-24
"7467","2390云辰","110/07/09","新光-高雄",27,4,23
"7468","2390云辰","110/07/09","元大-汐止",1,24,-23
"7469","2390云辰","110/07/09","台灣摩根士丹利",85,63,22
"7470","2390云辰","110/07/09","新光-台中",12,33,-21
"7471","4903聯光通","110/07/09","元大-敦南",10,0,10
"7472","4903聯光通","110/07/09","第一金-台中",0,12,-12
"7473","4903聯光通","110/07/09","凱基-士林",5,0,5
"7474","4903聯光通","110/07/09","日盛-忠孝",0,3,-3
"7475","4903聯光通","110/07/09","元大-苗栗",5,0,5
"7476","4903聯光通","110/07/09","群益金鼎-崇德",0,3,-3
"7477","4903聯光通","110/07/09","元大-屏南",3,0,3
"7478","4903聯光通","110/07/09","國票-內壢",0,2,-2
"7479","4903聯光通","110/07/09","中國信託-永康",1,0,1
"7480","4903聯光通","110/07/09","康和-南崁",0,2,-2
"7481","4903聯光通","110/07/09","玉山證券",1,0,1
"7482","4903聯光通","110/07/09","新光-台中",0,2,-2
"7483","4903聯光通","110/07/09","元大-太平",4,3,1
"7484","4903聯光通","110/07/09","玉山-城中",0,2,-2
"7485","4903聯光通","110/07/09","永豐金-嘉義",1,0,1
"7486","4903聯光通","110/07/09","中國信託-文心",0,1,-1
"7487","4903聯光通","110/07/09","大昌",0,0,0
"7488","4903聯光通","110/07/09","大昌",0,0,0
"7489","4903聯光通","110/07/09","中農",0,0,0
"7490","4903聯光通","110/07/09","中農",0,0,0
"7491","4903聯光通","110/07/09","",NA,NA,NA
"7492","4903聯光通","110/07/09","",NA,NA,NA
"7493","4903聯光通","110/07/09","",NA,NA,NA
"7494","4903聯光通","110/07/09","",NA,NA,NA
"7495","4903聯光通","110/07/09","",NA,NA,NA
"7496","4903聯光通","110/07/09","",NA,NA,NA
"7497","4903聯光通","110/07/09","",NA,NA,NA
"7498","4903聯光通","110/07/09","",NA,NA,NA
"7499","4903聯光通","110/07/09","",NA,NA,NA
"7500","4903聯光通","110/07/09","",NA,NA,NA
"7501","2929淘帝","110/07/09","台中銀-台北",110,0,110
"7502","2929淘帝","110/07/09","新光",2,82,-80
"7503","2929淘帝","110/07/09","華南永昌-頭份",72,0,72
"7504","2929淘帝","110/07/09","摩根大通",2,63,-61
"7505","2929淘帝","110/07/09","合庫-高雄",71,0,71
"7506","2929淘帝","110/07/09","第一金-路竹",0,50,-50
"7507","2929淘帝","110/07/09","高橋-龍潭",37,0,37
"7508","2929淘帝","110/07/09","港商麥格理",0,42,-42
"7509","2929淘帝","110/07/09","新光-台中",60,26,34
"7510","2929淘帝","110/07/09","陽信-石牌",0,40,-40
"7511","2929淘帝","110/07/09","元富-大裕",22,1,21
"7512","2929淘帝","110/07/09","台新-左楠",1,39,-38
"7513","2929淘帝","110/07/09","合庫-鳳山",20,0,20
"7514","2929淘帝","110/07/09","凱基-桃園",3,29,-26
"7515","2929淘帝","110/07/09","元大-員林",22,2,20
"7516","2929淘帝","110/07/09","兆豐-內湖",0,25,-25
"7517","2929淘帝","110/07/09","台新-建北",15,0,15
"7518","2929淘帝","110/07/09","元大-北港",0,20,-20
"7519","2929淘帝","110/07/09","兆豐-桃園",13,0,13
"7520","2929淘帝","110/07/09","富邦-北港",0,19,-19
"7521","2929淘帝","110/07/09","兆豐-忠孝",10,0,10
"7522","2929淘帝","110/07/09","富邦-花蓮",0,17,-17
"7523","2929淘帝","110/07/09","國票-敦北法人",10,0,10
"7524","2929淘帝","110/07/09","國泰-台中",2,17,-15
"7525","2929淘帝","110/07/09","永豐金-博愛",10,0,10
"7526","2929淘帝","110/07/09","群益金鼎-彰化",0,15,-15
"7527","2929淘帝","110/07/09","群益金鼎-潭子",8,0,8
"7528","2929淘帝","110/07/09","元大-博愛",0,14,-14
"7529","2929淘帝","110/07/09","富邦-南屯",8,0,8
"7530","2929淘帝","110/07/09","日盛-板橋",0,13,-13
"7531","5410國眾","110/07/09","元大-新盛",14,0,14
"7532","5410國眾","110/07/09","(牛牛牛)亞-鑫豐",1,41,-40
"7533","5410國眾","110/07/09","台灣企銀-民雄",10,0,10
"7534","5410國眾","110/07/09","元富-嘉義",0,25,-25
"7535","5410國眾","110/07/09","元富-虎尾",9,0,9
"7536","5410國眾","110/07/09","凱基-高美館",0,10,-10
"7537","5410國眾","110/07/09","摩根大通",10,1,9
"7538","5410國眾","110/07/09","凱基-城中",0,10,-10
"7539","5410國眾","110/07/09","兆豐-北高雄",7,0,7
"7540","5410國眾","110/07/09","元大-頭份",0,10,-10
"7541","5410國眾","110/07/09","凱基-台北",8,1,7
"7542","5410國眾","110/07/09","群益金鼎-丹鳳",0,7,-7
"7543","5410國眾","110/07/09","華南永昌-公誠",7,0,7
"7544","5410國眾","110/07/09","凱基-復興",0,7,-7
"7545","5410國眾","110/07/09","香港上海匯豐",6,0,6
"7546","5410國眾","110/07/09","元大-員林",0,7,-7
"7547","5410國眾","110/07/09","凱基-中壢",6,0,6
"7548","5410國眾","110/07/09","富邦-竹東",0,6,-6
"7549","5410國眾","110/07/09","華南永昌-南京",6,0,6
"7550","5410國眾","110/07/09","亞東-高雄",0,5,-5
"7551","5410國眾","110/07/09","統一-三重",5,0,5
"7552","5410國眾","110/07/09","大慶-中壢",1,6,-5
"7553","5410國眾","110/07/09","富邦-宜蘭",5,0,5
"7554","5410國眾","110/07/09","群益金鼎-中港",0,5,-5
"7555","5410國眾","110/07/09","元大-崇德",5,0,5
"7556","5410國眾","110/07/09","元大-八德",0,5,-5
"7557","5410國眾","110/07/09","元大-博愛",5,0,5
"7558","5410國眾","110/07/09","富邦-基隆",0,4,-4
"7559","5410國眾","110/07/09","元大-龍潭",5,0,5
"7560","5410國眾","110/07/09","臺銀-新竹",0,3,-3
"7561","2841台開","110/07/09","日盛-雙和",102,0,102
"7562","2841台開","110/07/09","港商野村",0,129,-129
"7563","2841台開","110/07/09","元大-館前",70,0,70
"7564","2841台開","110/07/09","兆豐-永和",0,100,-100
"7565","2841台開","110/07/09","凱基-文心",50,0,50
"7566","2841台開","110/07/09","台新證券",7,28,-21
"7567","2841台開","110/07/09","富邦-嘉義",40,0,40
"7568","2841台開","110/07/09","國票-北高雄",0,20,-20
"7569","2841台開","110/07/09","美商高盛",15,0,15
"7570","2841台開","110/07/09","永豐金-敦南",29,46,-17
"7571","2841台開","110/07/09","台中銀",15,0,15
"7572","2841台開","110/07/09","合庫-基隆",0,12,-12
"7573","2841台開","110/07/09","新光",11,0,11
"7574","2841台開","110/07/09","中國信託-松江",0,12,-12
"7575","2841台開","110/07/09","華南永昌-長虹",10,0,10
"7576","2841台開","110/07/09","兆豐-城中",0,12,-12
"7577","2841台開","110/07/09","永豐金-南投",10,0,10
"7578","2841台開","110/07/09","台中銀-豐原",0,10,-10
"7579","2841台開","110/07/09","合庫-桃園",7,0,7
"7580","2841台開","110/07/09","兆豐-景美",0,10,-10
"7581","2841台開","110/07/09","群益金鼎-古亭",7,0,7
"7582","2841台開","110/07/09","群益金鼎-基隆",0,10,-10
"7583","2841台開","110/07/09","國泰-敦南",6,0,6
"7584","2841台開","110/07/09","元大-北三重",0,10,-10
"7585","2841台開","110/07/09","凱基-桃園",8,2,6
"7586","2841台開","110/07/09","(牛牛牛)亞-網路",0,9,-9
"7587","2841台開","110/07/09","日盛證券",5,0,5
"7588","2841台開","110/07/09","台新-高雄",1,10,-9
"7589","2841台開","110/07/09","元富-文心",5,0,5
"7590","2841台開","110/07/09","凱基-台北",0,7,-7
"7591","6207雷科","110/07/09","群益金鼎-新竹",47,0,47
"7592","6207雷科","110/07/09","新光",7,24,-17
"7593","6207雷科","110/07/09","永豐金-三重",31,0,31
"7594","6207雷科","110/07/09","日盛-和美",0,15,-15
"7595","6207雷科","110/07/09","新加坡商瑞銀",33,5,28
"7596","6207雷科","110/07/09","國泰-台南",0,15,-15
"7597","6207雷科","110/07/09","元大-高雄",26,0,26
"7598","6207雷科","110/07/09","華南永昌-古亭",0,14,-14
"7599","6207雷科","110/07/09","統一-員林",22,0,22
"7600","6207雷科","110/07/09","土銀-白河",0,11,-11
"7601","6207雷科","110/07/09","台新-高雄",22,0,22
"7602","6207雷科","110/07/09","日盛-台南",0,10,-10
"7603","6207雷科","110/07/09","摩根大通",34,17,17
"7604","6207雷科","110/07/09","元富-林園",0,10,-10
"7605","6207雷科","110/07/09","元大-博愛",17,1,16
"7606","6207雷科","110/07/09","富邦-園區",0,10,-10
"7607","6207雷科","110/07/09","日茂-埔里",12,0,12
"7608","6207雷科","110/07/09","元大-上新莊",0,10,-10
"7609","6207雷科","110/07/09","國泰-台中",17,6,11
"7610","6207雷科","110/07/09","永豐金-南京",0,10,-10
"7611","6207雷科","110/07/09","富邦-三重",10,0,10
"7612","6207雷科","110/07/09","兆豐-小港",0,6,-6
"7613","6207雷科","110/07/09","元大-沙鹿",10,0,10
"7614","6207雷科","110/07/09","富邦-羅東",1,7,-6
"7615","6207雷科","110/07/09","元大-八德",10,0,10
"7616","6207雷科","110/07/09","元大-土城永寧",0,6,-6
"7617","6207雷科","110/07/09","第一金-路竹",11,2,9
"7618","6207雷科","110/07/09","永豐金-板盛",0,6,-6
"7619","6207雷科","110/07/09","統一-南京",5,0,5
"7620","6207雷科","110/07/09","日盛-板橋",0,5,-5
"7621","3679新至陞","110/07/09","元大-大天母",10,0,10
"7622","3679新至陞","110/07/09","第一金-光復",0,11,-11
"7623","3679新至陞","110/07/09","日盛-樹林",9,0,9
"7624","3679新至陞","110/07/09","瑞士信貸",0,8,-8
"7625","3679新至陞","110/07/09","凱基-台北",11,2,9
"7626","3679新至陞","110/07/09","大慶-苗栗",0,5,-5
"7627","3679新至陞","110/07/09","華南永昌-小港",8,0,8
"7628","3679新至陞","110/07/09","元大-永春",0,5,-5
"7629","3679新至陞","110/07/09","兆豐-來福",7,0,7
"7630","3679新至陞","110/07/09","日盛-和美",0,4,-4
"7631","3679新至陞","110/07/09","香港上海匯豐",5,0,5
"7632","3679新至陞","110/07/09","元大-雙和",0,3,-3
"7633","3679新至陞","110/07/09","台中銀-員林",3,0,3
"7634","3679新至陞","110/07/09","永豐金-屏東",0,3,-3
"7635","3679新至陞","110/07/09","新光",3,0,3
"7636","3679新至陞","110/07/09","彰銀",0,2,-2
"7637","3679新至陞","110/07/09","土銀-花蓮",2,0,2
"7638","3679新至陞","110/07/09","宏遠-館前",0,2,-2
"7639","3679新至陞","110/07/09","第一金-澎湖",2,0,2
"7640","3679新至陞","110/07/09","港商野村",0,2,-2
"7641","3679新至陞","110/07/09","摩根大通",2,0,2
"7642","3679新至陞","110/07/09","大昌-新店",0,2,-2
"7643","3679新至陞","110/07/09","國泰-敦南",2,0,2
"7644","3679新至陞","110/07/09","元大-新莊",0,2,-2
"7645","3679新至陞","110/07/09","元大-淡水",4,2,2
"7646","3679新至陞","110/07/09","元大-板橋",0,2,-2
"7647","3679新至陞","110/07/09","日盛-士林",1,0,1
"7648","3679新至陞","110/07/09","台灣摩根士丹利",0,1,-1
"7649","3679新至陞","110/07/09","日盛-信義",1,0,1
"7650","3679新至陞","110/07/09","第一金-高雄",0,1,-1
"7651","2727王品","110/07/09","台灣匯立證券",90,0,90
"7652","2727王品","110/07/09","台灣摩根士丹利",0,267,-267
"7653","2727王品","110/07/09","國泰-敦南",166,84,82
"7654","2727王品","110/07/09","富邦-台北",35,299,-264
"7655","2727王品","110/07/09","富邦-仁愛",56,12,44
"7656","2727王品","110/07/09","凱基-台北",174,296,-122
"7657","2727王品","110/07/09","台新證券",109,66,43
"7658","2727王品","110/07/09","第一金",2,102,-100
"7659","2727王品","110/07/09","新光",117,87,30
"7660","2727王品","110/07/09","群益金鼎-大安",0,80,-80
"7661","2727王品","110/07/09","臺銀-臺中",35,6,29
"7662","2727王品","110/07/09","兆豐-大安",7,60,-53
"7663","2727王品","110/07/09","元大-桃園",32,3,29
"7664","2727王品","110/07/09","永豐金-南投",0,50,-50
"7665","2727王品","110/07/09","元富-宜蘭",34,6,28
"7666","2727王品","110/07/09","新加坡商瑞銀",6,46,-40
"7667","2727王品","110/07/09","玉山-台中",34,8,26
"7668","2727王品","110/07/09","合庫-彰化",11,50,-39
"7669","2727王品","110/07/09","群益金鼎-宜蘭",30,4,26
"7670","2727王品","110/07/09","永豐金-萬盛",13,52,-39
"7671","2727王品","110/07/09","富邦-台中",42,16,26
"7672","2727王品","110/07/09","瑞士信貸",0,34,-34
"7673","2727王品","110/07/09","第一金-豐原",25,1,24
"7674","2727王品","110/07/09","元大-和平",4,35,-31
"7675","2727王品","110/07/09","臺銀",30,8,22
"7676","2727王品","110/07/09","美林",14,44,-30
"7677","2727王品","110/07/09","兆豐-來福",23,1,22
"7678","2727王品","110/07/09","元大-員林",9,38,-29
"7679","2727王品","110/07/09","玉山-士林",22,2,20
"7680","2727王品","110/07/09","元富-西松",4,31,-27
"7681","1570力肯","110/07/09","凱基-台北",30,1,29
"7682","1570力肯","110/07/09","群益金鼎-彰化",0,20,-20
"7683","1570力肯","110/07/09","新光-台南",20,0,20
"7684","1570力肯","110/07/09","元大-土城學府",0,20,-20
"7685","1570力肯","110/07/09","元大-高雄",20,0,20
"7686","1570力肯","110/07/09","元大-大統",0,16,-16
"7687","1570力肯","110/07/09","國票-中正",12,0,12
"7688","1570力肯","110/07/09","元大-新營",0,11,-11
"7689","1570力肯","110/07/09","日盛-高雄",6,0,6
"7690","1570力肯","110/07/09","元大-和平",0,10,-10
"7691","1570力肯","110/07/09","元富-緯城",6,0,6
"7692","1570力肯","110/07/09","元大-草屯",0,10,-10
"7693","1570力肯","110/07/09","群益金鼎-台南",6,0,6
"7694","1570力肯","110/07/09","元大-鹿港",0,9,-9
"7695","1570力肯","110/07/09","華南永昌-岡山",6,0,6
"7696","1570力肯","110/07/09","合庫-基隆",0,7,-7
"7697","1570力肯","110/07/09","統一-中壢",5,0,5
"7698","1570力肯","110/07/09","摩根大通",2,8,-6
"7699","1570力肯","110/07/09","凱基-三峽",5,0,5
"7700","1570力肯","110/07/09","台灣企銀-豐原",0,4,-4
"7701","1570力肯","110/07/09","大昌-樹林",4,0,4
"7702","1570力肯","110/07/09","日盛-桃園",0,4,-4
"7703","1570力肯","110/07/09","新光",3,0,3
"7704","1570力肯","110/07/09","國泰-高雄",0,3,-3
"7705","1570力肯","110/07/09","富邦-新竹華信",3,0,3
"7706","1570力肯","110/07/09","永豐金-敦南",0,3,-3
"7707","1570力肯","110/07/09","合庫-台中",2,0,2
"7708","1570力肯","110/07/09","土銀-彰化",0,2,-2
"7709","1570力肯","110/07/09","臺銀-臺中",2,0,2
"7710","1570力肯","110/07/09","臺銀-鳳山",0,2,-2
"7711","6180橘子","110/07/09","摩根大通",63,1,62
"7712","6180橘子","110/07/09","元大-南京",1,32,-31
"7713","6180橘子","110/07/09","富邦-陽明",73,33,40
"7714","6180橘子","110/07/09","群益金鼎-台北",0,25,-25
"7715","6180橘子","110/07/09","新加坡商瑞銀",31,0,31
"7716","6180橘子","110/07/09","兆豐-復興",0,21,-21
"7717","6180橘子","110/07/09","美商高盛",25,0,25
"7718","6180橘子","110/07/09","永豐金-嘉義",0,21,-21
"7719","6180橘子","110/07/09","凱基-台北",26,10,16
"7720","6180橘子","110/07/09","凱基-中壢",8,24,-16
"7721","6180橘子","110/07/09","華南永昌-楠梓",13,0,13
"7722","6180橘子","110/07/09","致和-崇德",0,15,-15
"7723","6180橘子","110/07/09","華南永昌-朴子",11,0,11
"7724","6180橘子","110/07/09","群益金鼎-屏東",0,15,-15
"7725","6180橘子","110/07/09","元大-北港",11,0,11
"7726","6180橘子","110/07/09","群益金鼎-中山",0,15,-15
"7727","6180橘子","110/07/09","元大-成功",10,1,9
"7728","6180橘子","110/07/09","瑞士信貸",1,15,-14
"7729","6180橘子","110/07/09","新光",26,18,8
"7730","6180橘子","110/07/09","日盛-二林",0,10,-10
"7731","6180橘子","110/07/09","統一-三重",6,0,6
"7732","6180橘子","110/07/09","凱基-東門",0,10,-10
"7733","6180橘子","110/07/09","群益金鼎-嘉義",6,0,6
"7734","6180橘子","110/07/09","華南永昌-三重",0,10,-10
"7735","6180橘子","110/07/09","元大-員林中山",6,0,6
"7736","6180橘子","110/07/09","元大-彰化民生",1,11,-10
"7737","6180橘子","110/07/09","合庫-鳳山",5,0,5
"7738","6180橘子","110/07/09","永豐金-新店",1,11,-10
"7739","6180橘子","110/07/09","富邦-建國",6,1,5
"7740","6180橘子","110/07/09","群益金鼎-丹鳳",0,8,-8
"7741","2390云辰","110/07/09","摩根大通",279,56,223
"7742","2390云辰","110/07/09","元大-天母",0,127,-127
"7743","2390云辰","110/07/09","日盛-鳳山",110,2,108
"7744","2390云辰","110/07/09","中國信託-文心",5,109,-104
"7745","2390云辰","110/07/09","宏遠證券",100,0,100
"7746","2390云辰","110/07/09","永豐金-復興",0,55,-55
"7747","2390云辰","110/07/09","元大-大里",63,6,57
"7748","2390云辰","110/07/09","凱基-台北",239,286,-47
"7749","2390云辰","110/07/09","凱基-八德",59,10,49
"7750","2390云辰","110/07/09","德信",2,32,-30
"7751","2390云辰","110/07/09","合庫-新竹",40,0,40
"7752","2390云辰","110/07/09","兆豐-桃鶯",2,32,-30
"7753","2390云辰","110/07/09","國票",40,1,39
"7754","2390云辰","110/07/09","致和-南京",0,30,-30
"7755","2390云辰","110/07/09","新加坡商瑞銀",49,13,36
"7756","2390云辰","110/07/09","富邦-虎尾",1,31,-30
"7757","2390云辰","110/07/09","統一-新台中",36,2,34
"7758","2390云辰","110/07/09","元大-善化",2,31,-29
"7759","2390云辰","110/07/09","國票-嘉義",31,0,31
"7760","2390云辰","110/07/09","富邦-板橋",0,27,-27
"7761","2390云辰","110/07/09","華南永昌",35,7,28
"7762","2390云辰","110/07/09","富邦-永和",3,28,-25
"7763","2390云辰","110/07/09","玉山-台中",49,22,27
"7764","2390云辰","110/07/09","第一金-自由",20,44,-24
"7765","2390云辰","110/07/09","華南永昌-敦南",25,0,25
"7766","2390云辰","110/07/09","凱基-內湖",0,24,-24
"7767","2390云辰","110/07/09","新光-高雄",27,4,23
"7768","2390云辰","110/07/09","元大-汐止",1,24,-23
"7769","2390云辰","110/07/09","台灣摩根士丹利",85,63,22
"7770","2390云辰","110/07/09","新光-台中",12,33,-21
"7771","4903聯光通","110/07/09","元大-敦南",10,0,10
"7772","4903聯光通","110/07/09","第一金-台中",0,12,-12
"7773","4903聯光通","110/07/09","凱基-士林",5,0,5
"7774","4903聯光通","110/07/09","日盛-忠孝",0,3,-3
"7775","4903聯光通","110/07/09","元大-苗栗",5,0,5
"7776","4903聯光通","110/07/09","群益金鼎-崇德",0,3,-3
"7777","4903聯光通","110/07/09","元大-屏南",3,0,3
"7778","4903聯光通","110/07/09","國票-內壢",0,2,-2
"7779","4903聯光通","110/07/09","中國信託-永康",1,0,1
"7780","4903聯光通","110/07/09","康和-南崁",0,2,-2
"7781","4903聯光通","110/07/09","玉山證券",1,0,1
"7782","4903聯光通","110/07/09","新光-台中",0,2,-2
"7783","4903聯光通","110/07/09","元大-太平",4,3,1
"7784","4903聯光通","110/07/09","玉山-城中",0,2,-2
"7785","4903聯光通","110/07/09","永豐金-嘉義",1,0,1
"7786","4903聯光通","110/07/09","中國信託-文心",0,1,-1
"7787","4903聯光通","110/07/09","大昌",0,0,0
"7788","4903聯光通","110/07/09","大昌",0,0,0
"7789","4903聯光通","110/07/09","中農",0,0,0
"7790","4903聯光通","110/07/09","中農",0,0,0
"7791","4903聯光通","110/07/09","",NA,NA,NA
"7792","4903聯光通","110/07/09","",NA,NA,NA
"7793","4903聯光通","110/07/09","",NA,NA,NA
"7794","4903聯光通","110/07/09","",NA,NA,NA
"7795","4903聯光通","110/07/09","",NA,NA,NA
"7796","4903聯光通","110/07/09","",NA,NA,NA
"7797","4903聯光通","110/07/09","",NA,NA,NA
"7798","4903聯光通","110/07/09","",NA,NA,NA
"7799","4903聯光通","110/07/09","",NA,NA,NA
"7800","4903聯光通","110/07/09","",NA,NA,NA
"7801","2929淘帝","110/07/09","台中銀-台北",110,0,110
"7802","2929淘帝","110/07/09","新光",2,82,-80
"7803","2929淘帝","110/07/09","華南永昌-頭份",72,0,72
"7804","2929淘帝","110/07/09","摩根大通",2,63,-61
"7805","2929淘帝","110/07/09","合庫-高雄",71,0,71
"7806","2929淘帝","110/07/09","第一金-路竹",0,50,-50
"7807","2929淘帝","110/07/09","高橋-龍潭",37,0,37
"7808","2929淘帝","110/07/09","港商麥格理",0,42,-42
"7809","2929淘帝","110/07/09","新光-台中",60,26,34
"7810","2929淘帝","110/07/09","陽信-石牌",0,40,-40
"7811","2929淘帝","110/07/09","元富-大裕",22,1,21
"7812","2929淘帝","110/07/09","台新-左楠",1,39,-38
"7813","2929淘帝","110/07/09","合庫-鳳山",20,0,20
"7814","2929淘帝","110/07/09","凱基-桃園",3,29,-26
"7815","2929淘帝","110/07/09","元大-員林",22,2,20
"7816","2929淘帝","110/07/09","兆豐-內湖",0,25,-25
"7817","2929淘帝","110/07/09","台新-建北",15,0,15
"7818","2929淘帝","110/07/09","元大-北港",0,20,-20
"7819","2929淘帝","110/07/09","兆豐-桃園",13,0,13
"7820","2929淘帝","110/07/09","富邦-北港",0,19,-19
"7821","2929淘帝","110/07/09","兆豐-忠孝",10,0,10
"7822","2929淘帝","110/07/09","富邦-花蓮",0,17,-17
"7823","2929淘帝","110/07/09","國票-敦北法人",10,0,10
"7824","2929淘帝","110/07/09","國泰-台中",2,17,-15
"7825","2929淘帝","110/07/09","永豐金-博愛",10,0,10
"7826","2929淘帝","110/07/09","群益金鼎-彰化",0,15,-15
"7827","2929淘帝","110/07/09","群益金鼎-潭子",8,0,8
"7828","2929淘帝","110/07/09","元大-博愛",0,14,-14
"7829","2929淘帝","110/07/09","富邦-南屯",8,0,8
"7830","2929淘帝","110/07/09","日盛-板橋",0,13,-13
"7831","5410國眾","110/07/09","元大-新盛",14,0,14
"7832","5410國眾","110/07/09","(牛牛牛)亞-鑫豐",1,41,-40
"7833","5410國眾","110/07/09","台灣企銀-民雄",10,0,10
"7834","5410國眾","110/07/09","元富-嘉義",0,25,-25
"7835","5410國眾","110/07/09","元富-虎尾",9,0,9
"7836","5410國眾","110/07/09","凱基-高美館",0,10,-10
"7837","5410國眾","110/07/09","摩根大通",10,1,9
"7838","5410國眾","110/07/09","凱基-城中",0,10,-10
"7839","5410國眾","110/07/09","兆豐-北高雄",7,0,7
"7840","5410國眾","110/07/09","元大-頭份",0,10,-10
"7841","5410國眾","110/07/09","凱基-台北",8,1,7
"7842","5410國眾","110/07/09","群益金鼎-丹鳳",0,7,-7
"7843","5410國眾","110/07/09","華南永昌-公誠",7,0,7
"7844","5410國眾","110/07/09","凱基-復興",0,7,-7
"7845","5410國眾","110/07/09","香港上海匯豐",6,0,6
"7846","5410國眾","110/07/09","元大-員林",0,7,-7
"7847","5410國眾","110/07/09","凱基-中壢",6,0,6
"7848","5410國眾","110/07/09","富邦-竹東",0,6,-6
"7849","5410國眾","110/07/09","華南永昌-南京",6,0,6
"7850","5410國眾","110/07/09","亞東-高雄",0,5,-5
"7851","5410國眾","110/07/09","統一-三重",5,0,5
"7852","5410國眾","110/07/09","大慶-中壢",1,6,-5
"7853","5410國眾","110/07/09","富邦-宜蘭",5,0,5
"7854","5410國眾","110/07/09","群益金鼎-中港",0,5,-5
"7855","5410國眾","110/07/09","元大-崇德",5,0,5
"7856","5410國眾","110/07/09","元大-八德",0,5,-5
"7857","5410國眾","110/07/09","元大-博愛",5,0,5
"7858","5410國眾","110/07/09","富邦-基隆",0,4,-4
"7859","5410國眾","110/07/09","元大-龍潭",5,0,5
"7860","5410國眾","110/07/09","臺銀-新竹",0,3,-3
"7861","2841台開","110/07/09","日盛-雙和",102,0,102
"7862","2841台開","110/07/09","港商野村",0,129,-129
"7863","2841台開","110/07/09","元大-館前",70,0,70
"7864","2841台開","110/07/09","兆豐-永和",0,100,-100
"7865","2841台開","110/07/09","凱基-文心",50,0,50
"7866","2841台開","110/07/09","台新證券",7,28,-21
"7867","2841台開","110/07/09","富邦-嘉義",40,0,40
"7868","2841台開","110/07/09","國票-北高雄",0,20,-20
"7869","2841台開","110/07/09","美商高盛",15,0,15
"7870","2841台開","110/07/09","永豐金-敦南",29,46,-17
"7871","2841台開","110/07/09","台中銀",15,0,15
"7872","2841台開","110/07/09","合庫-基隆",0,12,-12
"7873","2841台開","110/07/09","新光",11,0,11
"7874","2841台開","110/07/09","中國信託-松江",0,12,-12
"7875","2841台開","110/07/09","華南永昌-長虹",10,0,10
"7876","2841台開","110/07/09","兆豐-城中",0,12,-12
"7877","2841台開","110/07/09","永豐金-南投",10,0,10
"7878","2841台開","110/07/09","台中銀-豐原",0,10,-10
"7879","2841台開","110/07/09","合庫-桃園",7,0,7
"7880","2841台開","110/07/09","兆豐-景美",0,10,-10
"7881","2841台開","110/07/09","群益金鼎-古亭",7,0,7
"7882","2841台開","110/07/09","群益金鼎-基隆",0,10,-10
"7883","2841台開","110/07/09","國泰-敦南",6,0,6
"7884","2841台開","110/07/09","元大-北三重",0,10,-10
"7885","2841台開","110/07/09","凱基-桃園",8,2,6
"7886","2841台開","110/07/09","(牛牛牛)亞-網路",0,9,-9
"7887","2841台開","110/07/09","日盛證券",5,0,5
"7888","2841台開","110/07/09","台新-高雄",1,10,-9
"7889","2841台開","110/07/09","元富-文心",5,0,5
"7890","2841台開","110/07/09","凱基-台北",0,7,-7
"7891","6207雷科","110/07/09","群益金鼎-新竹",47,0,47
"7892","6207雷科","110/07/09","新光",7,24,-17
"7893","6207雷科","110/07/09","永豐金-三重",31,0,31
"7894","6207雷科","110/07/09","日盛-和美",0,15,-15
"7895","6207雷科","110/07/09","新加坡商瑞銀",33,5,28
"7896","6207雷科","110/07/09","國泰-台南",0,15,-15
"7897","6207雷科","110/07/09","元大-高雄",26,0,26
"7898","6207雷科","110/07/09","華南永昌-古亭",0,14,-14
"7899","6207雷科","110/07/09","統一-員林",22,0,22
"7900","6207雷科","110/07/09","土銀-白河",0,11,-11
"7901","6207雷科","110/07/09","台新-高雄",22,0,22
"7902","6207雷科","110/07/09","日盛-台南",0,10,-10
"7903","6207雷科","110/07/09","摩根大通",34,17,17
"7904","6207雷科","110/07/09","元富-林園",0,10,-10
"7905","6207雷科","110/07/09","元大-博愛",17,1,16
"7906","6207雷科","110/07/09","富邦-園區",0,10,-10
"7907","6207雷科","110/07/09","日茂-埔里",12,0,12
"7908","6207雷科","110/07/09","元大-上新莊",0,10,-10
"7909","6207雷科","110/07/09","國泰-台中",17,6,11
"7910","6207雷科","110/07/09","永豐金-南京",0,10,-10
"7911","6207雷科","110/07/09","富邦-三重",10,0,10
"7912","6207雷科","110/07/09","兆豐-小港",0,6,-6
"7913","6207雷科","110/07/09","元大-沙鹿",10,0,10
"7914","6207雷科","110/07/09","富邦-羅東",1,7,-6
"7915","6207雷科","110/07/09","元大-八德",10,0,10
"7916","6207雷科","110/07/09","元大-土城永寧",0,6,-6
"7917","6207雷科","110/07/09","第一金-路竹",11,2,9
"7918","6207雷科","110/07/09","永豐金-板盛",0,6,-6
"7919","6207雷科","110/07/09","統一-南京",5,0,5
"7920","6207雷科","110/07/09","日盛-板橋",0,5,-5
"7921","3679新至陞","110/07/09","元大-大天母",10,0,10
"7922","3679新至陞","110/07/09","第一金-光復",0,11,-11
"7923","3679新至陞","110/07/09","日盛-樹林",9,0,9
"7924","3679新至陞","110/07/09","瑞士信貸",0,8,-8
"7925","3679新至陞","110/07/09","凱基-台北",11,2,9
"7926","3679新至陞","110/07/09","大慶-苗栗",0,5,-5
"7927","3679新至陞","110/07/09","華南永昌-小港",8,0,8
"7928","3679新至陞","110/07/09","元大-永春",0,5,-5
"7929","3679新至陞","110/07/09","兆豐-來福",7,0,7
"7930","3679新至陞","110/07/09","日盛-和美",0,4,-4
"7931","3679新至陞","110/07/09","香港上海匯豐",5,0,5
"7932","3679新至陞","110/07/09","元大-雙和",0,3,-3
"7933","3679新至陞","110/07/09","台中銀-員林",3,0,3
"7934","3679新至陞","110/07/09","永豐金-屏東",0,3,-3
"7935","3679新至陞","110/07/09","新光",3,0,3
"7936","3679新至陞","110/07/09","彰銀",0,2,-2
"7937","3679新至陞","110/07/09","土銀-花蓮",2,0,2
"7938","3679新至陞","110/07/09","宏遠-館前",0,2,-2
"7939","3679新至陞","110/07/09","第一金-澎湖",2,0,2
"7940","3679新至陞","110/07/09","港商野村",0,2,-2
"7941","3679新至陞","110/07/09","摩根大通",2,0,2
"7942","3679新至陞","110/07/09","大昌-新店",0,2,-2
"7943","3679新至陞","110/07/09","國泰-敦南",2,0,2
"7944","3679新至陞","110/07/09","元大-新莊",0,2,-2
"7945","3679新至陞","110/07/09","元大-淡水",4,2,2
"7946","3679新至陞","110/07/09","元大-板橋",0,2,-2
"7947","3679新至陞","110/07/09","日盛-士林",1,0,1
"7948","3679新至陞","110/07/09","台灣摩根士丹利",0,1,-1
"7949","3679新至陞","110/07/09","日盛-信義",1,0,1
"7950","3679新至陞","110/07/09","第一金-高雄",0,1,-1
"7951","2727王品","110/07/09","台灣匯立證券",90,0,90
"7952","2727王品","110/07/09","台灣摩根士丹利",0,267,-267
"7953","2727王品","110/07/09","國泰-敦南",166,84,82
"7954","2727王品","110/07/09","富邦-台北",35,299,-264
"7955","2727王品","110/07/09","富邦-仁愛",56,12,44
"7956","2727王品","110/07/09","凱基-台北",174,296,-122
"7957","2727王品","110/07/09","台新證券",109,66,43
"7958","2727王品","110/07/09","第一金",2,102,-100
"7959","2727王品","110/07/09","新光",117,87,30
"7960","2727王品","110/07/09","群益金鼎-大安",0,80,-80
"7961","2727王品","110/07/09","臺銀-臺中",35,6,29
"7962","2727王品","110/07/09","兆豐-大安",7,60,-53
"7963","2727王品","110/07/09","元大-桃園",32,3,29
"7964","2727王品","110/07/09","永豐金-南投",0,50,-50
"7965","2727王品","110/07/09","元富-宜蘭",34,6,28
"7966","2727王品","110/07/09","新加坡商瑞銀",6,46,-40
"7967","2727王品","110/07/09","玉山-台中",34,8,26
"7968","2727王品","110/07/09","合庫-彰化",11,50,-39
"7969","2727王品","110/07/09","群益金鼎-宜蘭",30,4,26
"7970","2727王品","110/07/09","永豐金-萬盛",13,52,-39
"7971","2727王品","110/07/09","富邦-台中",42,16,26
"7972","2727王品","110/07/09","瑞士信貸",0,34,-34
"7973","2727王品","110/07/09","第一金-豐原",25,1,24
"7974","2727王品","110/07/09","元大-和平",4,35,-31
"7975","2727王品","110/07/09","臺銀",30,8,22
"7976","2727王品","110/07/09","美林",14,44,-30
"7977","2727王品","110/07/09","兆豐-來福",23,1,22
"7978","2727王品","110/07/09","元大-員林",9,38,-29
"7979","2727王品","110/07/09","玉山-士林",22,2,20
"7980","2727王品","110/07/09","元富-西松",4,31,-27
"7981","1570力肯","110/07/09","凱基-台北",30,1,29
"7982","1570力肯","110/07/09","群益金鼎-彰化",0,20,-20
"7983","1570力肯","110/07/09","新光-台南",20,0,20
"7984","1570力肯","110/07/09","元大-土城學府",0,20,-20
"7985","1570力肯","110/07/09","元大-高雄",20,0,20
"7986","1570力肯","110/07/09","元大-大統",0,16,-16
"7987","1570力肯","110/07/09","國票-中正",12,0,12
"7988","1570力肯","110/07/09","元大-新營",0,11,-11
"7989","1570力肯","110/07/09","日盛-高雄",6,0,6
"7990","1570力肯","110/07/09","元大-和平",0,10,-10
"7991","1570力肯","110/07/09","元富-緯城",6,0,6
"7992","1570力肯","110/07/09","元大-草屯",0,10,-10
"7993","1570力肯","110/07/09","群益金鼎-台南",6,0,6
"7994","1570力肯","110/07/09","元大-鹿港",0,9,-9
"7995","1570力肯","110/07/09","華南永昌-岡山",6,0,6
"7996","1570力肯","110/07/09","合庫-基隆",0,7,-7
"7997","1570力肯","110/07/09","統一-中壢",5,0,5
"7998","1570力肯","110/07/09","摩根大通",2,8,-6
"7999","1570力肯","110/07/09","凱基-三峽",5,0,5
"8000","1570力肯","110/07/09","台灣企銀-豐原",0,4,-4
"8001","1570力肯","110/07/09","大昌-樹林",4,0,4
"8002","1570力肯","110/07/09","日盛-桃園",0,4,-4
"8003","1570力肯","110/07/09","新光",3,0,3
"8004","1570力肯","110/07/09","國泰-高雄",0,3,-3
"8005","1570力肯","110/07/09","富邦-新竹華信",3,0,3
"8006","1570力肯","110/07/09","永豐金-敦南",0,3,-3
"8007","1570力肯","110/07/09","合庫-台中",2,0,2
"8008","1570力肯","110/07/09","土銀-彰化",0,2,-2
"8009","1570力肯","110/07/09","臺銀-臺中",2,0,2
"8010","1570力肯","110/07/09","臺銀-鳳山",0,2,-2
"8011","6180橘子","110/07/09","摩根大通",63,1,62
"8012","6180橘子","110/07/09","元大-南京",1,32,-31
"8013","6180橘子","110/07/09","富邦-陽明",73,33,40
"8014","6180橘子","110/07/09","群益金鼎-台北",0,25,-25
"8015","6180橘子","110/07/09","新加坡商瑞銀",31,0,31
"8016","6180橘子","110/07/09","兆豐-復興",0,21,-21
"8017","6180橘子","110/07/09","美商高盛",25,0,25
"8018","6180橘子","110/07/09","永豐金-嘉義",0,21,-21
"8019","6180橘子","110/07/09","凱基-台北",26,10,16
"8020","6180橘子","110/07/09","凱基-中壢",8,24,-16
"8021","6180橘子","110/07/09","華南永昌-楠梓",13,0,13
"8022","6180橘子","110/07/09","致和-崇德",0,15,-15
"8023","6180橘子","110/07/09","華南永昌-朴子",11,0,11
"8024","6180橘子","110/07/09","群益金鼎-屏東",0,15,-15
"8025","6180橘子","110/07/09","元大-北港",11,0,11
"8026","6180橘子","110/07/09","群益金鼎-中山",0,15,-15
"8027","6180橘子","110/07/09","元大-成功",10,1,9
"8028","6180橘子","110/07/09","瑞士信貸",1,15,-14
"8029","6180橘子","110/07/09","新光",26,18,8
"8030","6180橘子","110/07/09","日盛-二林",0,10,-10
"8031","6180橘子","110/07/09","統一-三重",6,0,6
"8032","6180橘子","110/07/09","凱基-東門",0,10,-10
"8033","6180橘子","110/07/09","群益金鼎-嘉義",6,0,6
"8034","6180橘子","110/07/09","華南永昌-三重",0,10,-10
"8035","6180橘子","110/07/09","元大-員林中山",6,0,6
"8036","6180橘子","110/07/09","元大-彰化民生",1,11,-10
"8037","6180橘子","110/07/09","合庫-鳳山",5,0,5
"8038","6180橘子","110/07/09","永豐金-新店",1,11,-10
"8039","6180橘子","110/07/09","富邦-建國",6,1,5
"8040","6180橘子","110/07/09","群益金鼎-丹鳳",0,8,-8
"8041","2390云辰","110/07/09","摩根大通",279,56,223
"8042","2390云辰","110/07/09","元大-天母",0,127,-127
"8043","2390云辰","110/07/09","日盛-鳳山",110,2,108
"8044","2390云辰","110/07/09","中國信託-文心",5,109,-104
"8045","2390云辰","110/07/09","宏遠證券",100,0,100
"8046","2390云辰","110/07/09","永豐金-復興",0,55,-55
"8047","2390云辰","110/07/09","元大-大里",63,6,57
"8048","2390云辰","110/07/09","凱基-台北",239,286,-47
"8049","2390云辰","110/07/09","凱基-八德",59,10,49
"8050","2390云辰","110/07/09","德信",2,32,-30
"8051","2390云辰","110/07/09","合庫-新竹",40,0,40
"8052","2390云辰","110/07/09","兆豐-桃鶯",2,32,-30
"8053","2390云辰","110/07/09","國票",40,1,39
"8054","2390云辰","110/07/09","致和-南京",0,30,-30
"8055","2390云辰","110/07/09","新加坡商瑞銀",49,13,36
"8056","2390云辰","110/07/09","富邦-虎尾",1,31,-30
"8057","2390云辰","110/07/09","統一-新台中",36,2,34
"8058","2390云辰","110/07/09","元大-善化",2,31,-29
"8059","2390云辰","110/07/09","國票-嘉義",31,0,31
"8060","2390云辰","110/07/09","富邦-板橋",0,27,-27
"8061","2390云辰","110/07/09","華南永昌",35,7,28
"8062","2390云辰","110/07/09","富邦-永和",3,28,-25
"8063","2390云辰","110/07/09","玉山-台中",49,22,27
"8064","2390云辰","110/07/09","第一金-自由",20,44,-24
"8065","2390云辰","110/07/09","華南永昌-敦南",25,0,25
"8066","2390云辰","110/07/09","凱基-內湖",0,24,-24
"8067","2390云辰","110/07/09","新光-高雄",27,4,23
"8068","2390云辰","110/07/09","元大-汐止",1,24,-23
"8069","2390云辰","110/07/09","台灣摩根士丹利",85,63,22
"8070","2390云辰","110/07/09","新光-台中",12,33,-21
"8071","4903聯光通","110/07/09","元大-敦南",10,0,10
"8072","4903聯光通","110/07/09","第一金-台中",0,12,-12
"8073","4903聯光通","110/07/09","凱基-士林",5,0,5
"8074","4903聯光通","110/07/09","日盛-忠孝",0,3,-3
"8075","4903聯光通","110/07/09","元大-苗栗",5,0,5
"8076","4903聯光通","110/07/09","群益金鼎-崇德",0,3,-3
"8077","4903聯光通","110/07/09","元大-屏南",3,0,3
"8078","4903聯光通","110/07/09","國票-內壢",0,2,-2
"8079","4903聯光通","110/07/09","中國信託-永康",1,0,1
"8080","4903聯光通","110/07/09","康和-南崁",0,2,-2
"8081","4903聯光通","110/07/09","玉山證券",1,0,1
"8082","4903聯光通","110/07/09","新光-台中",0,2,-2
"8083","4903聯光通","110/07/09","元大-太平",4,3,1
"8084","4903聯光通","110/07/09","玉山-城中",0,2,-2
"8085","4903聯光通","110/07/09","永豐金-嘉義",1,0,1
"8086","4903聯光通","110/07/09","中國信託-文心",0,1,-1
"8087","4903聯光通","110/07/09","大昌",0,0,0
"8088","4903聯光通","110/07/09","大昌",0,0,0
"8089","4903聯光通","110/07/09","中農",0,0,0
"8090","4903聯光通","110/07/09","中農",0,0,0
"8091","4903聯光通","110/07/09","",NA,NA,NA
"8092","4903聯光通","110/07/09","",NA,NA,NA
"8093","4903聯光通","110/07/09","",NA,NA,NA
"8094","4903聯光通","110/07/09","",NA,NA,NA
"8095","4903聯光通","110/07/09","",NA,NA,NA
"8096","4903聯光通","110/07/09","",NA,NA,NA
"8097","4903聯光通","110/07/09","",NA,NA,NA
"8098","4903聯光通","110/07/09","",NA,NA,NA
"8099","4903聯光通","110/07/09","",NA,NA,NA
"8100","4903聯光通","110/07/09","",NA,NA,NA
"8101","2929淘帝","110/07/09","台中銀-台北",110,0,110
"8102","2929淘帝","110/07/09","新光",2,82,-80
"8103","2929淘帝","110/07/09","華南永昌-頭份",72,0,72
"8104","2929淘帝","110/07/09","摩根大通",2,63,-61
"8105","2929淘帝","110/07/09","合庫-高雄",71,0,71
"8106","2929淘帝","110/07/09","第一金-路竹",0,50,-50
"8107","2929淘帝","110/07/09","高橋-龍潭",37,0,37
"8108","2929淘帝","110/07/09","港商麥格理",0,42,-42
"8109","2929淘帝","110/07/09","新光-台中",60,26,34
"8110","2929淘帝","110/07/09","陽信-石牌",0,40,-40
"8111","2929淘帝","110/07/09","元富-大裕",22,1,21
"8112","2929淘帝","110/07/09","台新-左楠",1,39,-38
"8113","2929淘帝","110/07/09","合庫-鳳山",20,0,20
"8114","2929淘帝","110/07/09","凱基-桃園",3,29,-26
"8115","2929淘帝","110/07/09","元大-員林",22,2,20
"8116","2929淘帝","110/07/09","兆豐-內湖",0,25,-25
"8117","2929淘帝","110/07/09","台新-建北",15,0,15
"8118","2929淘帝","110/07/09","元大-北港",0,20,-20
"8119","2929淘帝","110/07/09","兆豐-桃園",13,0,13
"8120","2929淘帝","110/07/09","富邦-北港",0,19,-19
"8121","2929淘帝","110/07/09","兆豐-忠孝",10,0,10
"8122","2929淘帝","110/07/09","富邦-花蓮",0,17,-17
"8123","2929淘帝","110/07/09","國票-敦北法人",10,0,10
"8124","2929淘帝","110/07/09","國泰-台中",2,17,-15
"8125","2929淘帝","110/07/09","永豐金-博愛",10,0,10
"8126","2929淘帝","110/07/09","群益金鼎-彰化",0,15,-15
"8127","2929淘帝","110/07/09","群益金鼎-潭子",8,0,8
"8128","2929淘帝","110/07/09","元大-博愛",0,14,-14
"8129","2929淘帝","110/07/09","富邦-南屯",8,0,8
"8130","2929淘帝","110/07/09","日盛-板橋",0,13,-13
"8131","5410國眾","110/07/09","元大-新盛",14,0,14
"8132","5410國眾","110/07/09","(牛牛牛)亞-鑫豐",1,41,-40
"8133","5410國眾","110/07/09","台灣企銀-民雄",10,0,10
"8134","5410國眾","110/07/09","元富-嘉義",0,25,-25
"8135","5410國眾","110/07/09","元富-虎尾",9,0,9
"8136","5410國眾","110/07/09","凱基-高美館",0,10,-10
"8137","5410國眾","110/07/09","摩根大通",10,1,9
"8138","5410國眾","110/07/09","凱基-城中",0,10,-10
"8139","5410國眾","110/07/09","兆豐-北高雄",7,0,7
"8140","5410國眾","110/07/09","元大-頭份",0,10,-10
"8141","5410國眾","110/07/09","凱基-台北",8,1,7
"8142","5410國眾","110/07/09","群益金鼎-丹鳳",0,7,-7
"8143","5410國眾","110/07/09","華南永昌-公誠",7,0,7
"8144","5410國眾","110/07/09","凱基-復興",0,7,-7
"8145","5410國眾","110/07/09","香港上海匯豐",6,0,6
"8146","5410國眾","110/07/09","元大-員林",0,7,-7
"8147","5410國眾","110/07/09","凱基-中壢",6,0,6
"8148","5410國眾","110/07/09","富邦-竹東",0,6,-6
"8149","5410國眾","110/07/09","華南永昌-南京",6,0,6
"8150","5410國眾","110/07/09","亞東-高雄",0,5,-5
"8151","5410國眾","110/07/09","統一-三重",5,0,5
"8152","5410國眾","110/07/09","大慶-中壢",1,6,-5
"8153","5410國眾","110/07/09","富邦-宜蘭",5,0,5
"8154","5410國眾","110/07/09","群益金鼎-中港",0,5,-5
"8155","5410國眾","110/07/09","元大-崇德",5,0,5
"8156","5410國眾","110/07/09","元大-八德",0,5,-5
"8157","5410國眾","110/07/09","元大-博愛",5,0,5
"8158","5410國眾","110/07/09","富邦-基隆",0,4,-4
"8159","5410國眾","110/07/09","元大-龍潭",5,0,5
"8160","5410國眾","110/07/09","臺銀-新竹",0,3,-3
"8161","2841台開","110/07/09","日盛-雙和",102,0,102
"8162","2841台開","110/07/09","港商野村",0,129,-129
"8163","2841台開","110/07/09","元大-館前",70,0,70
"8164","2841台開","110/07/09","兆豐-永和",0,100,-100
"8165","2841台開","110/07/09","凱基-文心",50,0,50
"8166","2841台開","110/07/09","台新證券",7,28,-21
"8167","2841台開","110/07/09","富邦-嘉義",40,0,40
"8168","2841台開","110/07/09","國票-北高雄",0,20,-20
"8169","2841台開","110/07/09","美商高盛",15,0,15
"8170","2841台開","110/07/09","永豐金-敦南",29,46,-17
"8171","2841台開","110/07/09","台中銀",15,0,15
"8172","2841台開","110/07/09","合庫-基隆",0,12,-12
"8173","2841台開","110/07/09","新光",11,0,11
"8174","2841台開","110/07/09","中國信託-松江",0,12,-12
"8175","2841台開","110/07/09","華南永昌-長虹",10,0,10
"8176","2841台開","110/07/09","兆豐-城中",0,12,-12
"8177","2841台開","110/07/09","永豐金-南投",10,0,10
"8178","2841台開","110/07/09","台中銀-豐原",0,10,-10
"8179","2841台開","110/07/09","合庫-桃園",7,0,7
"8180","2841台開","110/07/09","兆豐-景美",0,10,-10
"8181","2841台開","110/07/09","群益金鼎-古亭",7,0,7
"8182","2841台開","110/07/09","群益金鼎-基隆",0,10,-10
"8183","2841台開","110/07/09","國泰-敦南",6,0,6
"8184","2841台開","110/07/09","元大-北三重",0,10,-10
"8185","2841台開","110/07/09","凱基-桃園",8,2,6
"8186","2841台開","110/07/09","(牛牛牛)亞-網路",0,9,-9
"8187","2841台開","110/07/09","日盛證券",5,0,5
"8188","2841台開","110/07/09","台新-高雄",1,10,-9
"8189","2841台開","110/07/09","元富-文心",5,0,5
"8190","2841台開","110/07/09","凱基-台北",0,7,-7
"8191","6207雷科","110/07/09","群益金鼎-新竹",47,0,47
"8192","6207雷科","110/07/09","新光",7,24,-17
"8193","6207雷科","110/07/09","永豐金-三重",31,0,31
"8194","6207雷科","110/07/09","日盛-和美",0,15,-15
"8195","6207雷科","110/07/09","新加坡商瑞銀",33,5,28
"8196","6207雷科","110/07/09","國泰-台南",0,15,-15
"8197","6207雷科","110/07/09","元大-高雄",26,0,26
"8198","6207雷科","110/07/09","華南永昌-古亭",0,14,-14
"8199","6207雷科","110/07/09","統一-員林",22,0,22
"8200","6207雷科","110/07/09","土銀-白河",0,11,-11
"8201","6207雷科","110/07/09","台新-高雄",22,0,22
"8202","6207雷科","110/07/09","日盛-台南",0,10,-10
"8203","6207雷科","110/07/09","摩根大通",34,17,17
"8204","6207雷科","110/07/09","元富-林園",0,10,-10
"8205","6207雷科","110/07/09","元大-博愛",17,1,16
"8206","6207雷科","110/07/09","富邦-園區",0,10,-10
"8207","6207雷科","110/07/09","日茂-埔里",12,0,12
"8208","6207雷科","110/07/09","元大-上新莊",0,10,-10
"8209","6207雷科","110/07/09","國泰-台中",17,6,11
"8210","6207雷科","110/07/09","永豐金-南京",0,10,-10
"8211","6207雷科","110/07/09","富邦-三重",10,0,10
"8212","6207雷科","110/07/09","兆豐-小港",0,6,-6
"8213","6207雷科","110/07/09","元大-沙鹿",10,0,10
"8214","6207雷科","110/07/09","富邦-羅東",1,7,-6
"8215","6207雷科","110/07/09","元大-八德",10,0,10
"8216","6207雷科","110/07/09","元大-土城永寧",0,6,-6
"8217","6207雷科","110/07/09","第一金-路竹",11,2,9
"8218","6207雷科","110/07/09","永豐金-板盛",0,6,-6
"8219","6207雷科","110/07/09","統一-南京",5,0,5
"8220","6207雷科","110/07/09","日盛-板橋",0,5,-5
"8221","3679新至陞","110/07/09","元大-大天母",10,0,10
"8222","3679新至陞","110/07/09","第一金-光復",0,11,-11
"8223","3679新至陞","110/07/09","日盛-樹林",9,0,9
"8224","3679新至陞","110/07/09","瑞士信貸",0,8,-8
"8225","3679新至陞","110/07/09","凱基-台北",11,2,9
"8226","3679新至陞","110/07/09","大慶-苗栗",0,5,-5
"8227","3679新至陞","110/07/09","華南永昌-小港",8,0,8
"8228","3679新至陞","110/07/09","元大-永春",0,5,-5
"8229","3679新至陞","110/07/09","兆豐-來福",7,0,7
"8230","3679新至陞","110/07/09","日盛-和美",0,4,-4
"8231","3679新至陞","110/07/09","香港上海匯豐",5,0,5
"8232","3679新至陞","110/07/09","元大-雙和",0,3,-3
"8233","3679新至陞","110/07/09","台中銀-員林",3,0,3
"8234","3679新至陞","110/07/09","永豐金-屏東",0,3,-3
"8235","3679新至陞","110/07/09","新光",3,0,3
"8236","3679新至陞","110/07/09","彰銀",0,2,-2
"8237","3679新至陞","110/07/09","土銀-花蓮",2,0,2
"8238","3679新至陞","110/07/09","宏遠-館前",0,2,-2
"8239","3679新至陞","110/07/09","第一金-澎湖",2,0,2
"8240","3679新至陞","110/07/09","港商野村",0,2,-2
"8241","3679新至陞","110/07/09","摩根大通",2,0,2
"8242","3679新至陞","110/07/09","大昌-新店",0,2,-2
"8243","3679新至陞","110/07/09","國泰-敦南",2,0,2
"8244","3679新至陞","110/07/09","元大-新莊",0,2,-2
"8245","3679新至陞","110/07/09","元大-淡水",4,2,2
"8246","3679新至陞","110/07/09","元大-板橋",0,2,-2
"8247","3679新至陞","110/07/09","日盛-士林",1,0,1
"8248","3679新至陞","110/07/09","台灣摩根士丹利",0,1,-1
"8249","3679新至陞","110/07/09","日盛-信義",1,0,1
"8250","3679新至陞","110/07/09","第一金-高雄",0,1,-1
"8251","2727王品","110/07/09","台灣匯立證券",90,0,90
"8252","2727王品","110/07/09","台灣摩根士丹利",0,267,-267
"8253","2727王品","110/07/09","國泰-敦南",166,84,82
"8254","2727王品","110/07/09","富邦-台北",35,299,-264
"8255","2727王品","110/07/09","富邦-仁愛",56,12,44
"8256","2727王品","110/07/09","凱基-台北",174,296,-122
"8257","2727王品","110/07/09","台新證券",109,66,43
"8258","2727王品","110/07/09","第一金",2,102,-100
"8259","2727王品","110/07/09","新光",117,87,30
"8260","2727王品","110/07/09","群益金鼎-大安",0,80,-80
"8261","2727王品","110/07/09","臺銀-臺中",35,6,29
"8262","2727王品","110/07/09","兆豐-大安",7,60,-53
"8263","2727王品","110/07/09","元大-桃園",32,3,29
"8264","2727王品","110/07/09","永豐金-南投",0,50,-50
"8265","2727王品","110/07/09","元富-宜蘭",34,6,28
"8266","2727王品","110/07/09","新加坡商瑞銀",6,46,-40
"8267","2727王品","110/07/09","玉山-台中",34,8,26
"8268","2727王品","110/07/09","合庫-彰化",11,50,-39
"8269","2727王品","110/07/09","群益金鼎-宜蘭",30,4,26
"8270","2727王品","110/07/09","永豐金-萬盛",13,52,-39
"8271","2727王品","110/07/09","富邦-台中",42,16,26
"8272","2727王品","110/07/09","瑞士信貸",0,34,-34
"8273","2727王品","110/07/09","第一金-豐原",25,1,24
"8274","2727王品","110/07/09","元大-和平",4,35,-31
"8275","2727王品","110/07/09","臺銀",30,8,22
"8276","2727王品","110/07/09","美林",14,44,-30
"8277","2727王品","110/07/09","兆豐-來福",23,1,22
"8278","2727王品","110/07/09","元大-員林",9,38,-29
"8279","2727王品","110/07/09","玉山-士林",22,2,20
"8280","2727王品","110/07/09","元富-西松",4,31,-27
"8281","1570力肯","110/07/09","凱基-台北",30,1,29
"8282","1570力肯","110/07/09","群益金鼎-彰化",0,20,-20
"8283","1570力肯","110/07/09","新光-台南",20,0,20
"8284","1570力肯","110/07/09","元大-土城學府",0,20,-20
"8285","1570力肯","110/07/09","元大-高雄",20,0,20
"8286","1570力肯","110/07/09","元大-大統",0,16,-16
"8287","1570力肯","110/07/09","國票-中正",12,0,12
"8288","1570力肯","110/07/09","元大-新營",0,11,-11
"8289","1570力肯","110/07/09","日盛-高雄",6,0,6
"8290","1570力肯","110/07/09","元大-和平",0,10,-10
"8291","1570力肯","110/07/09","元富-緯城",6,0,6
"8292","1570力肯","110/07/09","元大-草屯",0,10,-10
"8293","1570力肯","110/07/09","群益金鼎-台南",6,0,6
"8294","1570力肯","110/07/09","元大-鹿港",0,9,-9
"8295","1570力肯","110/07/09","華南永昌-岡山",6,0,6
"8296","1570力肯","110/07/09","合庫-基隆",0,7,-7
"8297","1570力肯","110/07/09","統一-中壢",5,0,5
"8298","1570力肯","110/07/09","摩根大通",2,8,-6
"8299","1570力肯","110/07/09","凱基-三峽",5,0,5
"8300","1570力肯","110/07/09","台灣企銀-豐原",0,4,-4
"8301","1570力肯","110/07/09","大昌-樹林",4,0,4
"8302","1570力肯","110/07/09","日盛-桃園",0,4,-4
"8303","1570力肯","110/07/09","新光",3,0,3
"8304","1570力肯","110/07/09","國泰-高雄",0,3,-3
"8305","1570力肯","110/07/09","富邦-新竹華信",3,0,3
"8306","1570力肯","110/07/09","永豐金-敦南",0,3,-3
"8307","1570力肯","110/07/09","合庫-台中",2,0,2
"8308","1570力肯","110/07/09","土銀-彰化",0,2,-2
"8309","1570力肯","110/07/09","臺銀-臺中",2,0,2
"8310","1570力肯","110/07/09","臺銀-鳳山",0,2,-2
"8311","6180橘子","110/07/09","摩根大通",63,1,62
"8312","6180橘子","110/07/09","元大-南京",1,32,-31
"8313","6180橘子","110/07/09","富邦-陽明",73,33,40
"8314","6180橘子","110/07/09","群益金鼎-台北",0,25,-25
"8315","6180橘子","110/07/09","新加坡商瑞銀",31,0,31
"8316","6180橘子","110/07/09","兆豐-復興",0,21,-21
"8317","6180橘子","110/07/09","美商高盛",25,0,25
"8318","6180橘子","110/07/09","永豐金-嘉義",0,21,-21
"8319","6180橘子","110/07/09","凱基-台北",26,10,16
"8320","6180橘子","110/07/09","凱基-中壢",8,24,-16
"8321","6180橘子","110/07/09","華南永昌-楠梓",13,0,13
"8322","6180橘子","110/07/09","致和-崇德",0,15,-15
"8323","6180橘子","110/07/09","華南永昌-朴子",11,0,11
"8324","6180橘子","110/07/09","群益金鼎-屏東",0,15,-15
"8325","6180橘子","110/07/09","元大-北港",11,0,11
"8326","6180橘子","110/07/09","群益金鼎-中山",0,15,-15
"8327","6180橘子","110/07/09","元大-成功",10,1,9
"8328","6180橘子","110/07/09","瑞士信貸",1,15,-14
"8329","6180橘子","110/07/09","新光",26,18,8
"8330","6180橘子","110/07/09","日盛-二林",0,10,-10
"8331","6180橘子","110/07/09","統一-三重",6,0,6
"8332","6180橘子","110/07/09","凱基-東門",0,10,-10
"8333","6180橘子","110/07/09","群益金鼎-嘉義",6,0,6
"8334","6180橘子","110/07/09","華南永昌-三重",0,10,-10
"8335","6180橘子","110/07/09","元大-員林中山",6,0,6
"8336","6180橘子","110/07/09","元大-彰化民生",1,11,-10
"8337","6180橘子","110/07/09","合庫-鳳山",5,0,5
"8338","6180橘子","110/07/09","永豐金-新店",1,11,-10
"8339","6180橘子","110/07/09","富邦-建國",6,1,5
"8340","6180橘子","110/07/09","群益金鼎-丹鳳",0,8,-8
"8341","2390云辰","110/07/09","摩根大通",279,56,223
"8342","2390云辰","110/07/09","元大-天母",0,127,-127
"8343","2390云辰","110/07/09","日盛-鳳山",110,2,108
"8344","2390云辰","110/07/09","中國信託-文心",5,109,-104
"8345","2390云辰","110/07/09","宏遠證券",100,0,100
"8346","2390云辰","110/07/09","永豐金-復興",0,55,-55
"8347","2390云辰","110/07/09","元大-大里",63,6,57
"8348","2390云辰","110/07/09","凱基-台北",239,286,-47
"8349","2390云辰","110/07/09","凱基-八德",59,10,49
"8350","2390云辰","110/07/09","德信",2,32,-30
"8351","2390云辰","110/07/09","合庫-新竹",40,0,40
"8352","2390云辰","110/07/09","兆豐-桃鶯",2,32,-30
"8353","2390云辰","110/07/09","國票",40,1,39
"8354","2390云辰","110/07/09","致和-南京",0,30,-30
"8355","2390云辰","110/07/09","新加坡商瑞銀",49,13,36
"8356","2390云辰","110/07/09","富邦-虎尾",1,31,-30
"8357","2390云辰","110/07/09","統一-新台中",36,2,34
"8358","2390云辰","110/07/09","元大-善化",2,31,-29
"8359","2390云辰","110/07/09","國票-嘉義",31,0,31
"8360","2390云辰","110/07/09","富邦-板橋",0,27,-27
"8361","2390云辰","110/07/09","華南永昌",35,7,28
"8362","2390云辰","110/07/09","富邦-永和",3,28,-25
"8363","2390云辰","110/07/09","玉山-台中",49,22,27
"8364","2390云辰","110/07/09","第一金-自由",20,44,-24
"8365","2390云辰","110/07/09","華南永昌-敦南",25,0,25
"8366","2390云辰","110/07/09","凱基-內湖",0,24,-24
"8367","2390云辰","110/07/09","新光-高雄",27,4,23
"8368","2390云辰","110/07/09","元大-汐止",1,24,-23
"8369","2390云辰","110/07/09","台灣摩根士丹利",85,63,22
"8370","2390云辰","110/07/09","新光-台中",12,33,-21
"8371","4903聯光通","110/07/09","元大-敦南",10,0,10
"8372","4903聯光通","110/07/09","第一金-台中",0,12,-12
"8373","4903聯光通","110/07/09","凱基-士林",5,0,5
"8374","4903聯光通","110/07/09","日盛-忠孝",0,3,-3
"8375","4903聯光通","110/07/09","元大-苗栗",5,0,5
"8376","4903聯光通","110/07/09","群益金鼎-崇德",0,3,-3
"8377","4903聯光通","110/07/09","元大-屏南",3,0,3
"8378","4903聯光通","110/07/09","國票-內壢",0,2,-2
"8379","4903聯光通","110/07/09","中國信託-永康",1,0,1
"8380","4903聯光通","110/07/09","康和-南崁",0,2,-2
"8381","4903聯光通","110/07/09","玉山證券",1,0,1
"8382","4903聯光通","110/07/09","新光-台中",0,2,-2
"8383","4903聯光通","110/07/09","元大-太平",4,3,1
"8384","4903聯光通","110/07/09","玉山-城中",0,2,-2
"8385","4903聯光通","110/07/09","永豐金-嘉義",1,0,1
"8386","4903聯光通","110/07/09","中國信託-文心",0,1,-1
"8387","4903聯光通","110/07/09","大昌",0,0,0
"8388","4903聯光通","110/07/09","大昌",0,0,0
"8389","4903聯光通","110/07/09","中農",0,0,0
"8390","4903聯光通","110/07/09","中農",0,0,0
"8391","4903聯光通","110/07/09","",NA,NA,NA
"8392","4903聯光通","110/07/09","",NA,NA,NA
"8393","4903聯光通","110/07/09","",NA,NA,NA
"8394","4903聯光通","110/07/09","",NA,NA,NA
"8395","4903聯光通","110/07/09","",NA,NA,NA
"8396","4903聯光通","110/07/09","",NA,NA,NA
"8397","4903聯光通","110/07/09","",NA,NA,NA
"8398","4903聯光通","110/07/09","",NA,NA,NA
"8399","4903聯光通","110/07/09","",NA,NA,NA
"8400","4903聯光通","110/07/09","",NA,NA,NA
"8401","2929淘帝","110/07/09","台中銀-台北",110,0,110
"8402","2929淘帝","110/07/09","新光",2,82,-80
"8403","2929淘帝","110/07/09","華南永昌-頭份",72,0,72
"8404","2929淘帝","110/07/09","摩根大通",2,63,-61
"8405","2929淘帝","110/07/09","合庫-高雄",71,0,71
"8406","2929淘帝","110/07/09","第一金-路竹",0,50,-50
"8407","2929淘帝","110/07/09","高橋-龍潭",37,0,37
"8408","2929淘帝","110/07/09","港商麥格理",0,42,-42
"8409","2929淘帝","110/07/09","新光-台中",60,26,34
"8410","2929淘帝","110/07/09","陽信-石牌",0,40,-40
"8411","2929淘帝","110/07/09","元富-大裕",22,1,21
"8412","2929淘帝","110/07/09","台新-左楠",1,39,-38
"8413","2929淘帝","110/07/09","合庫-鳳山",20,0,20
"8414","2929淘帝","110/07/09","凱基-桃園",3,29,-26
"8415","2929淘帝","110/07/09","元大-員林",22,2,20
"8416","2929淘帝","110/07/09","兆豐-內湖",0,25,-25
"8417","2929淘帝","110/07/09","台新-建北",15,0,15
"8418","2929淘帝","110/07/09","元大-北港",0,20,-20
"8419","2929淘帝","110/07/09","兆豐-桃園",13,0,13
"8420","2929淘帝","110/07/09","富邦-北港",0,19,-19
"8421","2929淘帝","110/07/09","兆豐-忠孝",10,0,10
"8422","2929淘帝","110/07/09","富邦-花蓮",0,17,-17
"8423","2929淘帝","110/07/09","國票-敦北法人",10,0,10
"8424","2929淘帝","110/07/09","國泰-台中",2,17,-15
"8425","2929淘帝","110/07/09","永豐金-博愛",10,0,10
"8426","2929淘帝","110/07/09","群益金鼎-彰化",0,15,-15
"8427","2929淘帝","110/07/09","群益金鼎-潭子",8,0,8
"8428","2929淘帝","110/07/09","元大-博愛",0,14,-14
"8429","2929淘帝","110/07/09","富邦-南屯",8,0,8
"8430","2929淘帝","110/07/09","日盛-板橋",0,13,-13
"8431","5410國眾","110/07/09","元大-新盛",14,0,14
"8432","5410國眾","110/07/09","(牛牛牛)亞-鑫豐",1,41,-40
"8433","5410國眾","110/07/09","台灣企銀-民雄",10,0,10
"8434","5410國眾","110/07/09","元富-嘉義",0,25,-25
"8435","5410國眾","110/07/09","元富-虎尾",9,0,9
"8436","5410國眾","110/07/09","凱基-高美館",0,10,-10
"8437","5410國眾","110/07/09","摩根大通",10,1,9
"8438","5410國眾","110/07/09","凱基-城中",0,10,-10
"8439","5410國眾","110/07/09","兆豐-北高雄",7,0,7
"8440","5410國眾","110/07/09","元大-頭份",0,10,-10
"8441","5410國眾","110/07/09","凱基-台北",8,1,7
"8442","5410國眾","110/07/09","群益金鼎-丹鳳",0,7,-7
"8443","5410國眾","110/07/09","華南永昌-公誠",7,0,7
"8444","5410國眾","110/07/09","凱基-復興",0,7,-7
"8445","5410國眾","110/07/09","香港上海匯豐",6,0,6
"8446","5410國眾","110/07/09","元大-員林",0,7,-7
"8447","5410國眾","110/07/09","凱基-中壢",6,0,6
"8448","5410國眾","110/07/09","富邦-竹東",0,6,-6
"8449","5410國眾","110/07/09","華南永昌-南京",6,0,6
"8450","5410國眾","110/07/09","亞東-高雄",0,5,-5
"8451","5410國眾","110/07/09","統一-三重",5,0,5
"8452","5410國眾","110/07/09","大慶-中壢",1,6,-5
"8453","5410國眾","110/07/09","富邦-宜蘭",5,0,5
"8454","5410國眾","110/07/09","群益金鼎-中港",0,5,-5
"8455","5410國眾","110/07/09","元大-崇德",5,0,5
"8456","5410國眾","110/07/09","元大-八德",0,5,-5
"8457","5410國眾","110/07/09","元大-博愛",5,0,5
"8458","5410國眾","110/07/09","富邦-基隆",0,4,-4
"8459","5410國眾","110/07/09","元大-龍潭",5,0,5
"8460","5410國眾","110/07/09","臺銀-新竹",0,3,-3
"8461","2841台開","110/07/09","日盛-雙和",102,0,102
"8462","2841台開","110/07/09","港商野村",0,129,-129
"8463","2841台開","110/07/09","元大-館前",70,0,70
"8464","2841台開","110/07/09","兆豐-永和",0,100,-100
"8465","2841台開","110/07/09","凱基-文心",50,0,50
"8466","2841台開","110/07/09","台新證券",7,28,-21
"8467","2841台開","110/07/09","富邦-嘉義",40,0,40
"8468","2841台開","110/07/09","國票-北高雄",0,20,-20
"8469","2841台開","110/07/09","美商高盛",15,0,15
"8470","2841台開","110/07/09","永豐金-敦南",29,46,-17
"8471","2841台開","110/07/09","台中銀",15,0,15
"8472","2841台開","110/07/09","合庫-基隆",0,12,-12
"8473","2841台開","110/07/09","新光",11,0,11
"8474","2841台開","110/07/09","中國信託-松江",0,12,-12
"8475","2841台開","110/07/09","華南永昌-長虹",10,0,10
"8476","2841台開","110/07/09","兆豐-城中",0,12,-12
"8477","2841台開","110/07/09","永豐金-南投",10,0,10
"8478","2841台開","110/07/09","台中銀-豐原",0,10,-10
"8479","2841台開","110/07/09","合庫-桃園",7,0,7
"8480","2841台開","110/07/09","兆豐-景美",0,10,-10
"8481","2841台開","110/07/09","群益金鼎-古亭",7,0,7
"8482","2841台開","110/07/09","群益金鼎-基隆",0,10,-10
"8483","2841台開","110/07/09","國泰-敦南",6,0,6
"8484","2841台開","110/07/09","元大-北三重",0,10,-10
"8485","2841台開","110/07/09","凱基-桃園",8,2,6
"8486","2841台開","110/07/09","(牛牛牛)亞-網路",0,9,-9
"8487","2841台開","110/07/09","日盛證券",5,0,5
"8488","2841台開","110/07/09","台新-高雄",1,10,-9
"8489","2841台開","110/07/09","元富-文心",5,0,5
"8490","2841台開","110/07/09","凱基-台北",0,7,-7
"8491","6207雷科","110/07/09","群益金鼎-新竹",47,0,47
"8492","6207雷科","110/07/09","新光",7,24,-17
"8493","6207雷科","110/07/09","永豐金-三重",31,0,31
"8494","6207雷科","110/07/09","日盛-和美",0,15,-15
"8495","6207雷科","110/07/09","新加坡商瑞銀",33,5,28
"8496","6207雷科","110/07/09","國泰-台南",0,15,-15
"8497","6207雷科","110/07/09","元大-高雄",26,0,26
"8498","6207雷科","110/07/09","華南永昌-古亭",0,14,-14
"8499","6207雷科","110/07/09","統一-員林",22,0,22
"8500","6207雷科","110/07/09","土銀-白河",0,11,-11
"8501","6207雷科","110/07/09","台新-高雄",22,0,22
"8502","6207雷科","110/07/09","日盛-台南",0,10,-10
"8503","6207雷科","110/07/09","摩根大通",34,17,17
"8504","6207雷科","110/07/09","元富-林園",0,10,-10
"8505","6207雷科","110/07/09","元大-博愛",17,1,16
"8506","6207雷科","110/07/09","富邦-園區",0,10,-10
"8507","6207雷科","110/07/09","日茂-埔里",12,0,12
"8508","6207雷科","110/07/09","元大-上新莊",0,10,-10
"8509","6207雷科","110/07/09","國泰-台中",17,6,11
"8510","6207雷科","110/07/09","永豐金-南京",0,10,-10
"8511","6207雷科","110/07/09","富邦-三重",10,0,10
"8512","6207雷科","110/07/09","兆豐-小港",0,6,-6
"8513","6207雷科","110/07/09","元大-沙鹿",10,0,10
"8514","6207雷科","110/07/09","富邦-羅東",1,7,-6
"8515","6207雷科","110/07/09","元大-八德",10,0,10
"8516","6207雷科","110/07/09","元大-土城永寧",0,6,-6
"8517","6207雷科","110/07/09","第一金-路竹",11,2,9
"8518","6207雷科","110/07/09","永豐金-板盛",0,6,-6
"8519","6207雷科","110/07/09","統一-南京",5,0,5
"8520","6207雷科","110/07/09","日盛-板橋",0,5,-5
"8521","3679新至陞","110/07/09","元大-大天母",10,0,10
"8522","3679新至陞","110/07/09","第一金-光復",0,11,-11
"8523","3679新至陞","110/07/09","日盛-樹林",9,0,9
"8524","3679新至陞","110/07/09","瑞士信貸",0,8,-8
"8525","3679新至陞","110/07/09","凱基-台北",11,2,9
"8526","3679新至陞","110/07/09","大慶-苗栗",0,5,-5
"8527","3679新至陞","110/07/09","華南永昌-小港",8,0,8
"8528","3679新至陞","110/07/09","元大-永春",0,5,-5
"8529","3679新至陞","110/07/09","兆豐-來福",7,0,7
"8530","3679新至陞","110/07/09","日盛-和美",0,4,-4
"8531","3679新至陞","110/07/09","香港上海匯豐",5,0,5
"8532","3679新至陞","110/07/09","元大-雙和",0,3,-3
"8533","3679新至陞","110/07/09","台中銀-員林",3,0,3
"8534","3679新至陞","110/07/09","永豐金-屏東",0,3,-3
"8535","3679新至陞","110/07/09","新光",3,0,3
"8536","3679新至陞","110/07/09","彰銀",0,2,-2
"8537","3679新至陞","110/07/09","土銀-花蓮",2,0,2
"8538","3679新至陞","110/07/09","宏遠-館前",0,2,-2
"8539","3679新至陞","110/07/09","第一金-澎湖",2,0,2
"8540","3679新至陞","110/07/09","港商野村",0,2,-2
"8541","3679新至陞","110/07/09","摩根大通",2,0,2
"8542","3679新至陞","110/07/09","大昌-新店",0,2,-2
"8543","3679新至陞","110/07/09","國泰-敦南",2,0,2
"8544","3679新至陞","110/07/09","元大-新莊",0,2,-2
"8545","3679新至陞","110/07/09","元大-淡水",4,2,2
"8546","3679新至陞","110/07/09","元大-板橋",0,2,-2
"8547","3679新至陞","110/07/09","日盛-士林",1,0,1
"8548","3679新至陞","110/07/09","台灣摩根士丹利",0,1,-1
"8549","3679新至陞","110/07/09","日盛-信義",1,0,1
"8550","3679新至陞","110/07/09","第一金-高雄",0,1,-1
"8551","2727王品","110/07/09","台灣匯立證券",90,0,90
"8552","2727王品","110/07/09","台灣摩根士丹利",0,267,-267
"8553","2727王品","110/07/09","國泰-敦南",166,84,82
"8554","2727王品","110/07/09","富邦-台北",35,299,-264
"8555","2727王品","110/07/09","富邦-仁愛",56,12,44
"8556","2727王品","110/07/09","凱基-台北",174,296,-122
"8557","2727王品","110/07/09","台新證券",109,66,43
"8558","2727王品","110/07/09","第一金",2,102,-100
"8559","2727王品","110/07/09","新光",117,87,30
"8560","2727王品","110/07/09","群益金鼎-大安",0,80,-80
"8561","2727王品","110/07/09","臺銀-臺中",35,6,29
"8562","2727王品","110/07/09","兆豐-大安",7,60,-53
"8563","2727王品","110/07/09","元大-桃園",32,3,29
"8564","2727王品","110/07/09","永豐金-南投",0,50,-50
"8565","2727王品","110/07/09","元富-宜蘭",34,6,28
"8566","2727王品","110/07/09","新加坡商瑞銀",6,46,-40
"8567","2727王品","110/07/09","玉山-台中",34,8,26
"8568","2727王品","110/07/09","合庫-彰化",11,50,-39
"8569","2727王品","110/07/09","群益金鼎-宜蘭",30,4,26
"8570","2727王品","110/07/09","永豐金-萬盛",13,52,-39
"8571","2727王品","110/07/09","富邦-台中",42,16,26
"8572","2727王品","110/07/09","瑞士信貸",0,34,-34
"8573","2727王品","110/07/09","第一金-豐原",25,1,24
"8574","2727王品","110/07/09","元大-和平",4,35,-31
"8575","2727王品","110/07/09","臺銀",30,8,22
"8576","2727王品","110/07/09","美林",14,44,-30
"8577","2727王品","110/07/09","兆豐-來福",23,1,22
"8578","2727王品","110/07/09","元大-員林",9,38,-29
"8579","2727王品","110/07/09","玉山-士林",22,2,20
"8580","2727王品","110/07/09","元富-西松",4,31,-27
"8581","1570力肯","110/07/09","凱基-台北",30,1,29
"8582","1570力肯","110/07/09","群益金鼎-彰化",0,20,-20
"8583","1570力肯","110/07/09","新光-台南",20,0,20
"8584","1570力肯","110/07/09","元大-土城學府",0,20,-20
"8585","1570力肯","110/07/09","元大-高雄",20,0,20
"8586","1570力肯","110/07/09","元大-大統",0,16,-16
"8587","1570力肯","110/07/09","國票-中正",12,0,12
"8588","1570力肯","110/07/09","元大-新營",0,11,-11
"8589","1570力肯","110/07/09","日盛-高雄",6,0,6
"8590","1570力肯","110/07/09","元大-和平",0,10,-10
"8591","1570力肯","110/07/09","元富-緯城",6,0,6
"8592","1570力肯","110/07/09","元大-草屯",0,10,-10
"8593","1570力肯","110/07/09","群益金鼎-台南",6,0,6
"8594","1570力肯","110/07/09","元大-鹿港",0,9,-9
"8595","1570力肯","110/07/09","華南永昌-岡山",6,0,6
"8596","1570力肯","110/07/09","合庫-基隆",0,7,-7
"8597","1570力肯","110/07/09","統一-中壢",5,0,5
"8598","1570力肯","110/07/09","摩根大通",2,8,-6
"8599","1570力肯","110/07/09","凱基-三峽",5,0,5
"8600","1570力肯","110/07/09","台灣企銀-豐原",0,4,-4
"8601","1570力肯","110/07/09","大昌-樹林",4,0,4
"8602","1570力肯","110/07/09","日盛-桃園",0,4,-4
"8603","1570力肯","110/07/09","新光",3,0,3
"8604","1570力肯","110/07/09","國泰-高雄",0,3,-3
"8605","1570力肯","110/07/09","富邦-新竹華信",3,0,3
"8606","1570力肯","110/07/09","永豐金-敦南",0,3,-3
"8607","1570力肯","110/07/09","合庫-台中",2,0,2
"8608","1570力肯","110/07/09","土銀-彰化",0,2,-2
"8609","1570力肯","110/07/09","臺銀-臺中",2,0,2
"8610","1570力肯","110/07/09","臺銀-鳳山",0,2,-2
"8611","6180橘子","110/07/09","摩根大通",63,1,62
"8612","6180橘子","110/07/09","元大-南京",1,32,-31
"8613","6180橘子","110/07/09","富邦-陽明",73,33,40
"8614","6180橘子","110/07/09","群益金鼎-台北",0,25,-25
"8615","6180橘子","110/07/09","新加坡商瑞銀",31,0,31
"8616","6180橘子","110/07/09","兆豐-復興",0,21,-21
"8617","6180橘子","110/07/09","美商高盛",25,0,25
"8618","6180橘子","110/07/09","永豐金-嘉義",0,21,-21
"8619","6180橘子","110/07/09","凱基-台北",26,10,16
"8620","6180橘子","110/07/09","凱基-中壢",8,24,-16
"8621","6180橘子","110/07/09","華南永昌-楠梓",13,0,13
"8622","6180橘子","110/07/09","致和-崇德",0,15,-15
"8623","6180橘子","110/07/09","華南永昌-朴子",11,0,11
"8624","6180橘子","110/07/09","群益金鼎-屏東",0,15,-15
"8625","6180橘子","110/07/09","元大-北港",11,0,11
"8626","6180橘子","110/07/09","群益金鼎-中山",0,15,-15
"8627","6180橘子","110/07/09","元大-成功",10,1,9
"8628","6180橘子","110/07/09","瑞士信貸",1,15,-14
"8629","6180橘子","110/07/09","新光",26,18,8
"8630","6180橘子","110/07/09","日盛-二林",0,10,-10
"8631","6180橘子","110/07/09","統一-三重",6,0,6
"8632","6180橘子","110/07/09","凱基-東門",0,10,-10
"8633","6180橘子","110/07/09","群益金鼎-嘉義",6,0,6
"8634","6180橘子","110/07/09","華南永昌-三重",0,10,-10
"8635","6180橘子","110/07/09","元大-員林中山",6,0,6
"8636","6180橘子","110/07/09","元大-彰化民生",1,11,-10
"8637","6180橘子","110/07/09","合庫-鳳山",5,0,5
"8638","6180橘子","110/07/09","永豐金-新店",1,11,-10
"8639","6180橘子","110/07/09","富邦-建國",6,1,5
"8640","6180橘子","110/07/09","群益金鼎-丹鳳",0,8,-8
"8641","2390云辰","110/07/09","摩根大通",279,56,223
"8642","2390云辰","110/07/09","元大-天母",0,127,-127
"8643","2390云辰","110/07/09","日盛-鳳山",110,2,108
"8644","2390云辰","110/07/09","中國信託-文心",5,109,-104
"8645","2390云辰","110/07/09","宏遠證券",100,0,100
"8646","2390云辰","110/07/09","永豐金-復興",0,55,-55
"8647","2390云辰","110/07/09","元大-大里",63,6,57
"8648","2390云辰","110/07/09","凱基-台北",239,286,-47
"8649","2390云辰","110/07/09","凱基-八德",59,10,49
"8650","2390云辰","110/07/09","德信",2,32,-30
"8651","2390云辰","110/07/09","合庫-新竹",40,0,40
"8652","2390云辰","110/07/09","兆豐-桃鶯",2,32,-30
"8653","2390云辰","110/07/09","國票",40,1,39
"8654","2390云辰","110/07/09","致和-南京",0,30,-30
"8655","2390云辰","110/07/09","新加坡商瑞銀",49,13,36
"8656","2390云辰","110/07/09","富邦-虎尾",1,31,-30
"8657","2390云辰","110/07/09","統一-新台中",36,2,34
"8658","2390云辰","110/07/09","元大-善化",2,31,-29
"8659","2390云辰","110/07/09","國票-嘉義",31,0,31
"8660","2390云辰","110/07/09","富邦-板橋",0,27,-27
"8661","2390云辰","110/07/09","華南永昌",35,7,28
"8662","2390云辰","110/07/09","富邦-永和",3,28,-25
"8663","2390云辰","110/07/09","玉山-台中",49,22,27
"8664","2390云辰","110/07/09","第一金-自由",20,44,-24
"8665","2390云辰","110/07/09","華南永昌-敦南",25,0,25
"8666","2390云辰","110/07/09","凱基-內湖",0,24,-24
"8667","2390云辰","110/07/09","新光-高雄",27,4,23
"8668","2390云辰","110/07/09","元大-汐止",1,24,-23
"8669","2390云辰","110/07/09","台灣摩根士丹利",85,63,22
"8670","2390云辰","110/07/09","新光-台中",12,33,-21
"8671","4903聯光通","110/07/09","元大-敦南",10,0,10
"8672","4903聯光通","110/07/09","第一金-台中",0,12,-12
"8673","4903聯光通","110/07/09","凱基-士林",5,0,5
"8674","4903聯光通","110/07/09","日盛-忠孝",0,3,-3
"8675","4903聯光通","110/07/09","元大-苗栗",5,0,5
"8676","4903聯光通","110/07/09","群益金鼎-崇德",0,3,-3
"8677","4903聯光通","110/07/09","元大-屏南",3,0,3
"8678","4903聯光通","110/07/09","國票-內壢",0,2,-2
"8679","4903聯光通","110/07/09","中國信託-永康",1,0,1
"8680","4903聯光通","110/07/09","康和-南崁",0,2,-2
"8681","4903聯光通","110/07/09","玉山證券",1,0,1
"8682","4903聯光通","110/07/09","新光-台中",0,2,-2
"8683","4903聯光通","110/07/09","元大-太平",4,3,1
"8684","4903聯光通","110/07/09","玉山-城中",0,2,-2
"8685","4903聯光通","110/07/09","永豐金-嘉義",1,0,1
"8686","4903聯光通","110/07/09","中國信託-文心",0,1,-1
"8687","4903聯光通","110/07/09","大昌",0,0,0
"8688","4903聯光通","110/07/09","大昌",0,0,0
"8689","4903聯光通","110/07/09","中農",0,0,0
"8690","4903聯光通","110/07/09","中農",0,0,0
"8691","4903聯光通","110/07/09","",NA,NA,NA
"8692","4903聯光通","110/07/09","",NA,NA,NA
"8693","4903聯光通","110/07/09","",NA,NA,NA
"8694","4903聯光通","110/07/09","",NA,NA,NA
"8695","4903聯光通","110/07/09","",NA,NA,NA
"8696","4903聯光通","110/07/09","",NA,NA,NA
"8697","4903聯光通","110/07/09","",NA,NA,NA
"8698","4903聯光通","110/07/09","",NA,NA,NA
"8699","4903聯光通","110/07/09","",NA,NA,NA
"8700","4903聯光通","110/07/09","",NA,NA,NA
"8701","2929淘帝","110/07/09","台中銀-台北",110,0,110
"8702","2929淘帝","110/07/09","新光",2,82,-80
"8703","2929淘帝","110/07/09","華南永昌-頭份",72,0,72
"8704","2929淘帝","110/07/09","摩根大通",2,63,-61
"8705","2929淘帝","110/07/09","合庫-高雄",71,0,71
"8706","2929淘帝","110/07/09","第一金-路竹",0,50,-50
"8707","2929淘帝","110/07/09","高橋-龍潭",37,0,37
"8708","2929淘帝","110/07/09","港商麥格理",0,42,-42
"8709","2929淘帝","110/07/09","新光-台中",60,26,34
"8710","2929淘帝","110/07/09","陽信-石牌",0,40,-40
"8711","2929淘帝","110/07/09","元富-大裕",22,1,21
"8712","2929淘帝","110/07/09","台新-左楠",1,39,-38
"8713","2929淘帝","110/07/09","合庫-鳳山",20,0,20
"8714","2929淘帝","110/07/09","凱基-桃園",3,29,-26
"8715","2929淘帝","110/07/09","元大-員林",22,2,20
"8716","2929淘帝","110/07/09","兆豐-內湖",0,25,-25
"8717","2929淘帝","110/07/09","台新-建北",15,0,15
"8718","2929淘帝","110/07/09","元大-北港",0,20,-20
"8719","2929淘帝","110/07/09","兆豐-桃園",13,0,13
"8720","2929淘帝","110/07/09","富邦-北港",0,19,-19
"8721","2929淘帝","110/07/09","兆豐-忠孝",10,0,10
"8722","2929淘帝","110/07/09","富邦-花蓮",0,17,-17
"8723","2929淘帝","110/07/09","國票-敦北法人",10,0,10
"8724","2929淘帝","110/07/09","國泰-台中",2,17,-15
"8725","2929淘帝","110/07/09","永豐金-博愛",10,0,10
"8726","2929淘帝","110/07/09","群益金鼎-彰化",0,15,-15
"8727","2929淘帝","110/07/09","群益金鼎-潭子",8,0,8
"8728","2929淘帝","110/07/09","元大-博愛",0,14,-14
"8729","2929淘帝","110/07/09","富邦-南屯",8,0,8
"8730","2929淘帝","110/07/09","日盛-板橋",0,13,-13
"8731","5410國眾","110/07/09","元大-新盛",14,0,14
"8732","5410國眾","110/07/09","(牛牛牛)亞-鑫豐",1,41,-40
"8733","5410國眾","110/07/09","台灣企銀-民雄",10,0,10
"8734","5410國眾","110/07/09","元富-嘉義",0,25,-25
"8735","5410國眾","110/07/09","元富-虎尾",9,0,9
"8736","5410國眾","110/07/09","凱基-高美館",0,10,-10
"8737","5410國眾","110/07/09","摩根大通",10,1,9
"8738","5410國眾","110/07/09","凱基-城中",0,10,-10
"8739","5410國眾","110/07/09","兆豐-北高雄",7,0,7
"8740","5410國眾","110/07/09","元大-頭份",0,10,-10
"8741","5410國眾","110/07/09","凱基-台北",8,1,7
"8742","5410國眾","110/07/09","群益金鼎-丹鳳",0,7,-7
"8743","5410國眾","110/07/09","華南永昌-公誠",7,0,7
"8744","5410國眾","110/07/09","凱基-復興",0,7,-7
"8745","5410國眾","110/07/09","香港上海匯豐",6,0,6
"8746","5410國眾","110/07/09","元大-員林",0,7,-7
"8747","5410國眾","110/07/09","凱基-中壢",6,0,6
"8748","5410國眾","110/07/09","富邦-竹東",0,6,-6
"8749","5410國眾","110/07/09","華南永昌-南京",6,0,6
"8750","5410國眾","110/07/09","亞東-高雄",0,5,-5
"8751","5410國眾","110/07/09","統一-三重",5,0,5
"8752","5410國眾","110/07/09","大慶-中壢",1,6,-5
"8753","5410國眾","110/07/09","富邦-宜蘭",5,0,5
"8754","5410國眾","110/07/09","群益金鼎-中港",0,5,-5
"8755","5410國眾","110/07/09","元大-崇德",5,0,5
"8756","5410國眾","110/07/09","元大-八德",0,5,-5
"8757","5410國眾","110/07/09","元大-博愛",5,0,5
"8758","5410國眾","110/07/09","富邦-基隆",0,4,-4
"8759","5410國眾","110/07/09","元大-龍潭",5,0,5
"8760","5410國眾","110/07/09","臺銀-新竹",0,3,-3
"8761","2841台開","110/07/09","日盛-雙和",102,0,102
"8762","2841台開","110/07/09","港商野村",0,129,-129
"8763","2841台開","110/07/09","元大-館前",70,0,70
"8764","2841台開","110/07/09","兆豐-永和",0,100,-100
"8765","2841台開","110/07/09","凱基-文心",50,0,50
"8766","2841台開","110/07/09","台新證券",7,28,-21
"8767","2841台開","110/07/09","富邦-嘉義",40,0,40
"8768","2841台開","110/07/09","國票-北高雄",0,20,-20
"8769","2841台開","110/07/09","美商高盛",15,0,15
"8770","2841台開","110/07/09","永豐金-敦南",29,46,-17
"8771","2841台開","110/07/09","台中銀",15,0,15
"8772","2841台開","110/07/09","合庫-基隆",0,12,-12
"8773","2841台開","110/07/09","新光",11,0,11
"8774","2841台開","110/07/09","中國信託-松江",0,12,-12
"8775","2841台開","110/07/09","華南永昌-長虹",10,0,10
"8776","2841台開","110/07/09","兆豐-城中",0,12,-12
"8777","2841台開","110/07/09","永豐金-南投",10,0,10
"8778","2841台開","110/07/09","台中銀-豐原",0,10,-10
"8779","2841台開","110/07/09","合庫-桃園",7,0,7
"8780","2841台開","110/07/09","兆豐-景美",0,10,-10
"8781","2841台開","110/07/09","群益金鼎-古亭",7,0,7
"8782","2841台開","110/07/09","群益金鼎-基隆",0,10,-10
"8783","2841台開","110/07/09","國泰-敦南",6,0,6
"8784","2841台開","110/07/09","元大-北三重",0,10,-10
"8785","2841台開","110/07/09","凱基-桃園",8,2,6
"8786","2841台開","110/07/09","(牛牛牛)亞-網路",0,9,-9
"8787","2841台開","110/07/09","日盛證券",5,0,5
"8788","2841台開","110/07/09","台新-高雄",1,10,-9
"8789","2841台開","110/07/09","元富-文心",5,0,5
"8790","2841台開","110/07/09","凱基-台北",0,7,-7
"8791","6207雷科","110/07/09","群益金鼎-新竹",47,0,47
"8792","6207雷科","110/07/09","新光",7,24,-17
"8793","6207雷科","110/07/09","永豐金-三重",31,0,31
"8794","6207雷科","110/07/09","日盛-和美",0,15,-15
"8795","6207雷科","110/07/09","新加坡商瑞銀",33,5,28
"8796","6207雷科","110/07/09","國泰-台南",0,15,-15
"8797","6207雷科","110/07/09","元大-高雄",26,0,26
"8798","6207雷科","110/07/09","華南永昌-古亭",0,14,-14
"8799","6207雷科","110/07/09","統一-員林",22,0,22
"8800","6207雷科","110/07/09","土銀-白河",0,11,-11
"8801","6207雷科","110/07/09","台新-高雄",22,0,22
"8802","6207雷科","110/07/09","日盛-台南",0,10,-10
"8803","6207雷科","110/07/09","摩根大通",34,17,17
"8804","6207雷科","110/07/09","元富-林園",0,10,-10
"8805","6207雷科","110/07/09","元大-博愛",17,1,16
"8806","6207雷科","110/07/09","富邦-園區",0,10,-10
"8807","6207雷科","110/07/09","日茂-埔里",12,0,12
"8808","6207雷科","110/07/09","元大-上新莊",0,10,-10
"8809","6207雷科","110/07/09","國泰-台中",17,6,11
"8810","6207雷科","110/07/09","永豐金-南京",0,10,-10
"8811","6207雷科","110/07/09","富邦-三重",10,0,10
"8812","6207雷科","110/07/09","兆豐-小港",0,6,-6
"8813","6207雷科","110/07/09","元大-沙鹿",10,0,10
"8814","6207雷科","110/07/09","富邦-羅東",1,7,-6
"8815","6207雷科","110/07/09","元大-八德",10,0,10
"8816","6207雷科","110/07/09","元大-土城永寧",0,6,-6
"8817","6207雷科","110/07/09","第一金-路竹",11,2,9
"8818","6207雷科","110/07/09","永豐金-板盛",0,6,-6
"8819","6207雷科","110/07/09","統一-南京",5,0,5
"8820","6207雷科","110/07/09","日盛-板橋",0,5,-5
"8821","3679新至陞","110/07/09","元大-大天母",10,0,10
"8822","3679新至陞","110/07/09","第一金-光復",0,11,-11
"8823","3679新至陞","110/07/09","日盛-樹林",9,0,9
"8824","3679新至陞","110/07/09","瑞士信貸",0,8,-8
"8825","3679新至陞","110/07/09","凱基-台北",11,2,9
"8826","3679新至陞","110/07/09","大慶-苗栗",0,5,-5
"8827","3679新至陞","110/07/09","華南永昌-小港",8,0,8
"8828","3679新至陞","110/07/09","元大-永春",0,5,-5
"8829","3679新至陞","110/07/09","兆豐-來福",7,0,7
"8830","3679新至陞","110/07/09","日盛-和美",0,4,-4
"8831","3679新至陞","110/07/09","香港上海匯豐",5,0,5
"8832","3679新至陞","110/07/09","元大-雙和",0,3,-3
"8833","3679新至陞","110/07/09","台中銀-員林",3,0,3
"8834","3679新至陞","110/07/09","永豐金-屏東",0,3,-3
"8835","3679新至陞","110/07/09","新光",3,0,3
"8836","3679新至陞","110/07/09","彰銀",0,2,-2
"8837","3679新至陞","110/07/09","土銀-花蓮",2,0,2
"8838","3679新至陞","110/07/09","宏遠-館前",0,2,-2
"8839","3679新至陞","110/07/09","第一金-澎湖",2,0,2
"8840","3679新至陞","110/07/09","港商野村",0,2,-2
"8841","3679新至陞","110/07/09","摩根大通",2,0,2
"8842","3679新至陞","110/07/09","大昌-新店",0,2,-2
"8843","3679新至陞","110/07/09","國泰-敦南",2,0,2
"8844","3679新至陞","110/07/09","元大-新莊",0,2,-2
"8845","3679新至陞","110/07/09","元大-淡水",4,2,2
"8846","3679新至陞","110/07/09","元大-板橋",0,2,-2
"8847","3679新至陞","110/07/09","日盛-士林",1,0,1
"8848","3679新至陞","110/07/09","台灣摩根士丹利",0,1,-1
"8849","3679新至陞","110/07/09","日盛-信義",1,0,1
"8850","3679新至陞","110/07/09","第一金-高雄",0,1,-1
"8851","2727王品","110/07/09","台灣匯立證券",90,0,90
"8852","2727王品","110/07/09","台灣摩根士丹利",0,267,-267
"8853","2727王品","110/07/09","國泰-敦南",166,84,82
"8854","2727王品","110/07/09","富邦-台北",35,299,-264
"8855","2727王品","110/07/09","富邦-仁愛",56,12,44
"8856","2727王品","110/07/09","凱基-台北",174,296,-122
"8857","2727王品","110/07/09","台新證券",109,66,43
"8858","2727王品","110/07/09","第一金",2,102,-100
"8859","2727王品","110/07/09","新光",117,87,30
"8860","2727王品","110/07/09","群益金鼎-大安",0,80,-80
"8861","2727王品","110/07/09","臺銀-臺中",35,6,29
"8862","2727王品","110/07/09","兆豐-大安",7,60,-53
"8863","2727王品","110/07/09","元大-桃園",32,3,29
"8864","2727王品","110/07/09","永豐金-南投",0,50,-50
"8865","2727王品","110/07/09","元富-宜蘭",34,6,28
"8866","2727王品","110/07/09","新加坡商瑞銀",6,46,-40
"8867","2727王品","110/07/09","玉山-台中",34,8,26
"8868","2727王品","110/07/09","合庫-彰化",11,50,-39
"8869","2727王品","110/07/09","群益金鼎-宜蘭",30,4,26
"8870","2727王品","110/07/09","永豐金-萬盛",13,52,-39
"8871","2727王品","110/07/09","富邦-台中",42,16,26
"8872","2727王品","110/07/09","瑞士信貸",0,34,-34
"8873","2727王品","110/07/09","第一金-豐原",25,1,24
"8874","2727王品","110/07/09","元大-和平",4,35,-31
"8875","2727王品","110/07/09","臺銀",30,8,22
"8876","2727王品","110/07/09","美林",14,44,-30
"8877","2727王品","110/07/09","兆豐-來福",23,1,22
"8878","2727王品","110/07/09","元大-員林",9,38,-29
"8879","2727王品","110/07/09","玉山-士林",22,2,20
"8880","2727王品","110/07/09","元富-西松",4,31,-27
"8881","1570力肯","110/07/09","凱基-台北",30,1,29
"8882","1570力肯","110/07/09","群益金鼎-彰化",0,20,-20
"8883","1570力肯","110/07/09","新光-台南",20,0,20
"8884","1570力肯","110/07/09","元大-土城學府",0,20,-20
"8885","1570力肯","110/07/09","元大-高雄",20,0,20
"8886","1570力肯","110/07/09","元大-大統",0,16,-16
"8887","1570力肯","110/07/09","國票-中正",12,0,12
"8888","1570力肯","110/07/09","元大-新營",0,11,-11
"8889","1570力肯","110/07/09","日盛-高雄",6,0,6
"8890","1570力肯","110/07/09","元大-和平",0,10,-10
"8891","1570力肯","110/07/09","元富-緯城",6,0,6
"8892","1570力肯","110/07/09","元大-草屯",0,10,-10
"8893","1570力肯","110/07/09","群益金鼎-台南",6,0,6
"8894","1570力肯","110/07/09","元大-鹿港",0,9,-9
"8895","1570力肯","110/07/09","華南永昌-岡山",6,0,6
"8896","1570力肯","110/07/09","合庫-基隆",0,7,-7
"8897","1570力肯","110/07/09","統一-中壢",5,0,5
"8898","1570力肯","110/07/09","摩根大通",2,8,-6
"8899","1570力肯","110/07/09","凱基-三峽",5,0,5
"8900","1570力肯","110/07/09","台灣企銀-豐原",0,4,-4
"8901","1570力肯","110/07/09","大昌-樹林",4,0,4
"8902","1570力肯","110/07/09","日盛-桃園",0,4,-4
"8903","1570力肯","110/07/09","新光",3,0,3
"8904","1570力肯","110/07/09","國泰-高雄",0,3,-3
"8905","1570力肯","110/07/09","富邦-新竹華信",3,0,3
"8906","1570力肯","110/07/09","永豐金-敦南",0,3,-3
"8907","1570力肯","110/07/09","合庫-台中",2,0,2
"8908","1570力肯","110/07/09","土銀-彰化",0,2,-2
"8909","1570力肯","110/07/09","臺銀-臺中",2,0,2
"8910","1570力肯","110/07/09","臺銀-鳳山",0,2,-2
"8911","6180橘子","110/07/09","摩根大通",63,1,62
"8912","6180橘子","110/07/09","元大-南京",1,32,-31
"8913","6180橘子","110/07/09","富邦-陽明",73,33,40
"8914","6180橘子","110/07/09","群益金鼎-台北",0,25,-25
"8915","6180橘子","110/07/09","新加坡商瑞銀",31,0,31
"8916","6180橘子","110/07/09","兆豐-復興",0,21,-21
"8917","6180橘子","110/07/09","美商高盛",25,0,25
"8918","6180橘子","110/07/09","永豐金-嘉義",0,21,-21
"8919","6180橘子","110/07/09","凱基-台北",26,10,16
"8920","6180橘子","110/07/09","凱基-中壢",8,24,-16
"8921","6180橘子","110/07/09","華南永昌-楠梓",13,0,13
"8922","6180橘子","110/07/09","致和-崇德",0,15,-15
"8923","6180橘子","110/07/09","華南永昌-朴子",11,0,11
"8924","6180橘子","110/07/09","群益金鼎-屏東",0,15,-15
"8925","6180橘子","110/07/09","元大-北港",11,0,11
"8926","6180橘子","110/07/09","群益金鼎-中山",0,15,-15
"8927","6180橘子","110/07/09","元大-成功",10,1,9
"8928","6180橘子","110/07/09","瑞士信貸",1,15,-14
"8929","6180橘子","110/07/09","新光",26,18,8
"8930","6180橘子","110/07/09","日盛-二林",0,10,-10
"8931","6180橘子","110/07/09","統一-三重",6,0,6
"8932","6180橘子","110/07/09","凱基-東門",0,10,-10
"8933","6180橘子","110/07/09","群益金鼎-嘉義",6,0,6
"8934","6180橘子","110/07/09","華南永昌-三重",0,10,-10
"8935","6180橘子","110/07/09","元大-員林中山",6,0,6
"8936","6180橘子","110/07/09","元大-彰化民生",1,11,-10
"8937","6180橘子","110/07/09","合庫-鳳山",5,0,5
"8938","6180橘子","110/07/09","永豐金-新店",1,11,-10
"8939","6180橘子","110/07/09","富邦-建國",6,1,5
"8940","6180橘子","110/07/09","群益金鼎-丹鳳",0,8,-8
"8941","2390云辰","110/07/09","摩根大通",279,56,223
"8942","2390云辰","110/07/09","元大-天母",0,127,-127
"8943","2390云辰","110/07/09","日盛-鳳山",110,2,108
"8944","2390云辰","110/07/09","中國信託-文心",5,109,-104
"8945","2390云辰","110/07/09","宏遠證券",100,0,100
"8946","2390云辰","110/07/09","永豐金-復興",0,55,-55
"8947","2390云辰","110/07/09","元大-大里",63,6,57
"8948","2390云辰","110/07/09","凱基-台北",239,286,-47
"8949","2390云辰","110/07/09","凱基-八德",59,10,49
"8950","2390云辰","110/07/09","德信",2,32,-30
"8951","2390云辰","110/07/09","合庫-新竹",40,0,40
"8952","2390云辰","110/07/09","兆豐-桃鶯",2,32,-30
"8953","2390云辰","110/07/09","國票",40,1,39
"8954","2390云辰","110/07/09","致和-南京",0,30,-30
"8955","2390云辰","110/07/09","新加坡商瑞銀",49,13,36
"8956","2390云辰","110/07/09","富邦-虎尾",1,31,-30
"8957","2390云辰","110/07/09","統一-新台中",36,2,34
"8958","2390云辰","110/07/09","元大-善化",2,31,-29
"8959","2390云辰","110/07/09","國票-嘉義",31,0,31
"8960","2390云辰","110/07/09","富邦-板橋",0,27,-27
"8961","2390云辰","110/07/09","華南永昌",35,7,28
"8962","2390云辰","110/07/09","富邦-永和",3,28,-25
"8963","2390云辰","110/07/09","玉山-台中",49,22,27
"8964","2390云辰","110/07/09","第一金-自由",20,44,-24
"8965","2390云辰","110/07/09","華南永昌-敦南",25,0,25
"8966","2390云辰","110/07/09","凱基-內湖",0,24,-24
"8967","2390云辰","110/07/09","新光-高雄",27,4,23
"8968","2390云辰","110/07/09","元大-汐止",1,24,-23
"8969","2390云辰","110/07/09","台灣摩根士丹利",85,63,22
"8970","2390云辰","110/07/09","新光-台中",12,33,-21
"8971","4903聯光通","110/07/09","元大-敦南",10,0,10
"8972","4903聯光通","110/07/09","第一金-台中",0,12,-12
"8973","4903聯光通","110/07/09","凱基-士林",5,0,5
"8974","4903聯光通","110/07/09","日盛-忠孝",0,3,-3
"8975","4903聯光通","110/07/09","元大-苗栗",5,0,5
"8976","4903聯光通","110/07/09","群益金鼎-崇德",0,3,-3
"8977","4903聯光通","110/07/09","元大-屏南",3,0,3
"8978","4903聯光通","110/07/09","國票-內壢",0,2,-2
"8979","4903聯光通","110/07/09","中國信託-永康",1,0,1
"8980","4903聯光通","110/07/09","康和-南崁",0,2,-2
"8981","4903聯光通","110/07/09","玉山證券",1,0,1
"8982","4903聯光通","110/07/09","新光-台中",0,2,-2
"8983","4903聯光通","110/07/09","元大-太平",4,3,1
"8984","4903聯光通","110/07/09","玉山-城中",0,2,-2
"8985","4903聯光通","110/07/09","永豐金-嘉義",1,0,1
"8986","4903聯光通","110/07/09","中國信託-文心",0,1,-1
"8987","4903聯光通","110/07/09","大昌",0,0,0
"8988","4903聯光通","110/07/09","大昌",0,0,0
"8989","4903聯光通","110/07/09","中農",0,0,0
"8990","4903聯光通","110/07/09","中農",0,0,0
"8991","2929淘帝","110/07/09","台中銀-台北",110,0,110
"8992","2929淘帝","110/07/09","新光",2,82,-80
"8993","2929淘帝","110/07/09","華南永昌-頭份",72,0,72
"8994","2929淘帝","110/07/09","摩根大通",2,63,-61
"8995","2929淘帝","110/07/09","合庫-高雄",71,0,71
"8996","2929淘帝","110/07/09","第一金-路竹",0,50,-50
"8997","2929淘帝","110/07/09","高橋-龍潭",37,0,37
"8998","2929淘帝","110/07/09","港商麥格理",0,42,-42
"8999","2929淘帝","110/07/09","新光-台中",60,26,34
"9000","2929淘帝","110/07/09","陽信-石牌",0,40,-40
"9001","2929淘帝","110/07/09","元富-大裕",22,1,21
"9002","2929淘帝","110/07/09","台新-左楠",1,39,-38
"9003","2929淘帝","110/07/09","合庫-鳳山",20,0,20
"9004","2929淘帝","110/07/09","凱基-桃園",3,29,-26
"9005","2929淘帝","110/07/09","元大-員林",22,2,20
"9006","2929淘帝","110/07/09","兆豐-內湖",0,25,-25
"9007","2929淘帝","110/07/09","台新-建北",15,0,15
"9008","2929淘帝","110/07/09","元大-北港",0,20,-20
"9009","2929淘帝","110/07/09","兆豐-桃園",13,0,13
"9010","2929淘帝","110/07/09","富邦-北港",0,19,-19
"9011","2929淘帝","110/07/09","兆豐-忠孝",10,0,10
"9012","2929淘帝","110/07/09","富邦-花蓮",0,17,-17
"9013","2929淘帝","110/07/09","國票-敦北法人",10,0,10
"9014","2929淘帝","110/07/09","國泰-台中",2,17,-15
"9015","2929淘帝","110/07/09","永豐金-博愛",10,0,10
"9016","2929淘帝","110/07/09","群益金鼎-彰化",0,15,-15
"9017","2929淘帝","110/07/09","群益金鼎-潭子",8,0,8
"9018","2929淘帝","110/07/09","元大-博愛",0,14,-14
"9019","2929淘帝","110/07/09","富邦-南屯",8,0,8
"9020","2929淘帝","110/07/09","日盛-板橋",0,13,-13
"9021","5410國眾","110/07/09","元大-新盛",14,0,14
"9022","5410國眾","110/07/09","(牛牛牛)亞-鑫豐",1,41,-40
"9023","5410國眾","110/07/09","台灣企銀-民雄",10,0,10
"9024","5410國眾","110/07/09","元富-嘉義",0,25,-25
"9025","5410國眾","110/07/09","元富-虎尾",9,0,9
"9026","5410國眾","110/07/09","凱基-高美館",0,10,-10
"9027","5410國眾","110/07/09","摩根大通",10,1,9
"9028","5410國眾","110/07/09","凱基-城中",0,10,-10
"9029","5410國眾","110/07/09","兆豐-北高雄",7,0,7
"9030","5410國眾","110/07/09","元大-頭份",0,10,-10
"9031","5410國眾","110/07/09","凱基-台北",8,1,7
"9032","5410國眾","110/07/09","群益金鼎-丹鳳",0,7,-7
"9033","5410國眾","110/07/09","華南永昌-公誠",7,0,7
"9034","5410國眾","110/07/09","凱基-復興",0,7,-7
"9035","5410國眾","110/07/09","香港上海匯豐",6,0,6
"9036","5410國眾","110/07/09","元大-員林",0,7,-7
"9037","5410國眾","110/07/09","凱基-中壢",6,0,6
"9038","5410國眾","110/07/09","富邦-竹東",0,6,-6
"9039","5410國眾","110/07/09","華南永昌-南京",6,0,6
"9040","5410國眾","110/07/09","亞東-高雄",0,5,-5
"9041","5410國眾","110/07/09","統一-三重",5,0,5
"9042","5410國眾","110/07/09","大慶-中壢",1,6,-5
"9043","5410國眾","110/07/09","富邦-宜蘭",5,0,5
"9044","5410國眾","110/07/09","群益金鼎-中港",0,5,-5
"9045","5410國眾","110/07/09","元大-崇德",5,0,5
"9046","5410國眾","110/07/09","元大-八德",0,5,-5
"9047","5410國眾","110/07/09","元大-博愛",5,0,5
"9048","5410國眾","110/07/09","富邦-基隆",0,4,-4
"9049","5410國眾","110/07/09","元大-龍潭",5,0,5
"9050","5410國眾","110/07/09","臺銀-新竹",0,3,-3
"9051","2841台開","110/07/09","日盛-雙和",102,0,102
"9052","2841台開","110/07/09","港商野村",0,129,-129
"9053","2841台開","110/07/09","元大-館前",70,0,70
"9054","2841台開","110/07/09","兆豐-永和",0,100,-100
"9055","2841台開","110/07/09","凱基-文心",50,0,50
"9056","2841台開","110/07/09","台新證券",7,28,-21
"9057","2841台開","110/07/09","富邦-嘉義",40,0,40
"9058","2841台開","110/07/09","國票-北高雄",0,20,-20
"9059","2841台開","110/07/09","美商高盛",15,0,15
"9060","2841台開","110/07/09","永豐金-敦南",29,46,-17
"9061","2841台開","110/07/09","台中銀",15,0,15
"9062","2841台開","110/07/09","合庫-基隆",0,12,-12
"9063","2841台開","110/07/09","新光",11,0,11
"9064","2841台開","110/07/09","中國信託-松江",0,12,-12
"9065","2841台開","110/07/09","華南永昌-長虹",10,0,10
"9066","2841台開","110/07/09","兆豐-城中",0,12,-12
"9067","2841台開","110/07/09","永豐金-南投",10,0,10
"9068","2841台開","110/07/09","台中銀-豐原",0,10,-10
"9069","2841台開","110/07/09","合庫-桃園",7,0,7
"9070","2841台開","110/07/09","兆豐-景美",0,10,-10
"9071","2841台開","110/07/09","群益金鼎-古亭",7,0,7
"9072","2841台開","110/07/09","群益金鼎-基隆",0,10,-10
"9073","2841台開","110/07/09","國泰-敦南",6,0,6
"9074","2841台開","110/07/09","元大-北三重",0,10,-10
"9075","2841台開","110/07/09","凱基-桃園",8,2,6
"9076","2841台開","110/07/09","(牛牛牛)亞-網路",0,9,-9
"9077","2841台開","110/07/09","日盛證券",5,0,5
"9078","2841台開","110/07/09","台新-高雄",1,10,-9
"9079","2841台開","110/07/09","元富-文心",5,0,5
"9080","2841台開","110/07/09","凱基-台北",0,7,-7
"9081","6207雷科","110/07/09","群益金鼎-新竹",47,0,47
"9082","6207雷科","110/07/09","新光",7,24,-17
"9083","6207雷科","110/07/09","永豐金-三重",31,0,31
"9084","6207雷科","110/07/09","日盛-和美",0,15,-15
"9085","6207雷科","110/07/09","新加坡商瑞銀",33,5,28
"9086","6207雷科","110/07/09","國泰-台南",0,15,-15
"9087","6207雷科","110/07/09","元大-高雄",26,0,26
"9088","6207雷科","110/07/09","華南永昌-古亭",0,14,-14
"9089","6207雷科","110/07/09","統一-員林",22,0,22
"9090","6207雷科","110/07/09","土銀-白河",0,11,-11
"9091","6207雷科","110/07/09","台新-高雄",22,0,22
"9092","6207雷科","110/07/09","日盛-台南",0,10,-10
"9093","6207雷科","110/07/09","摩根大通",34,17,17
"9094","6207雷科","110/07/09","元富-林園",0,10,-10
"9095","6207雷科","110/07/09","元大-博愛",17,1,16
"9096","6207雷科","110/07/09","富邦-園區",0,10,-10
"9097","6207雷科","110/07/09","日茂-埔里",12,0,12
"9098","6207雷科","110/07/09","元大-上新莊",0,10,-10
"9099","6207雷科","110/07/09","國泰-台中",17,6,11
"9100","6207雷科","110/07/09","永豐金-南京",0,10,-10
"9101","6207雷科","110/07/09","富邦-三重",10,0,10
"9102","6207雷科","110/07/09","兆豐-小港",0,6,-6
"9103","6207雷科","110/07/09","元大-沙鹿",10,0,10
"9104","6207雷科","110/07/09","富邦-羅東",1,7,-6
"9105","6207雷科","110/07/09","元大-八德",10,0,10
"9106","6207雷科","110/07/09","元大-土城永寧",0,6,-6
"9107","6207雷科","110/07/09","第一金-路竹",11,2,9
"9108","6207雷科","110/07/09","永豐金-板盛",0,6,-6
"9109","6207雷科","110/07/09","統一-南京",5,0,5
"9110","6207雷科","110/07/09","日盛-板橋",0,5,-5
"9111","3679新至陞","110/07/09","元大-大天母",10,0,10
"9112","3679新至陞","110/07/09","第一金-光復",0,11,-11
"9113","3679新至陞","110/07/09","日盛-樹林",9,0,9
"9114","3679新至陞","110/07/09","瑞士信貸",0,8,-8
"9115","3679新至陞","110/07/09","凱基-台北",11,2,9
"9116","3679新至陞","110/07/09","大慶-苗栗",0,5,-5
"9117","3679新至陞","110/07/09","華南永昌-小港",8,0,8
"9118","3679新至陞","110/07/09","元大-永春",0,5,-5
"9119","3679新至陞","110/07/09","兆豐-來福",7,0,7
"9120","3679新至陞","110/07/09","日盛-和美",0,4,-4
"9121","3679新至陞","110/07/09","香港上海匯豐",5,0,5
"9122","3679新至陞","110/07/09","元大-雙和",0,3,-3
"9123","3679新至陞","110/07/09","台中銀-員林",3,0,3
"9124","3679新至陞","110/07/09","永豐金-屏東",0,3,-3
"9125","3679新至陞","110/07/09","新光",3,0,3
"9126","3679新至陞","110/07/09","彰銀",0,2,-2
"9127","3679新至陞","110/07/09","土銀-花蓮",2,0,2
"9128","3679新至陞","110/07/09","宏遠-館前",0,2,-2
"9129","3679新至陞","110/07/09","第一金-澎湖",2,0,2
"9130","3679新至陞","110/07/09","港商野村",0,2,-2
"9131","3679新至陞","110/07/09","摩根大通",2,0,2
"9132","3679新至陞","110/07/09","大昌-新店",0,2,-2
"9133","3679新至陞","110/07/09","國泰-敦南",2,0,2
"9134","3679新至陞","110/07/09","元大-新莊",0,2,-2
"9135","3679新至陞","110/07/09","元大-淡水",4,2,2
"9136","3679新至陞","110/07/09","元大-板橋",0,2,-2
"9137","3679新至陞","110/07/09","日盛-士林",1,0,1
"9138","3679新至陞","110/07/09","台灣摩根士丹利",0,1,-1
"9139","3679新至陞","110/07/09","日盛-信義",1,0,1
"9140","3679新至陞","110/07/09","第一金-高雄",0,1,-1
"9141","2727王品","110/07/09","台灣匯立證券",90,0,90
"9142","2727王品","110/07/09","台灣摩根士丹利",0,267,-267
"9143","2727王品","110/07/09","國泰-敦南",166,84,82
"9144","2727王品","110/07/09","富邦-台北",35,299,-264
"9145","2727王品","110/07/09","富邦-仁愛",56,12,44
"9146","2727王品","110/07/09","凱基-台北",174,296,-122
"9147","2727王品","110/07/09","台新證券",109,66,43
"9148","2727王品","110/07/09","第一金",2,102,-100
"9149","2727王品","110/07/09","新光",117,87,30
"9150","2727王品","110/07/09","群益金鼎-大安",0,80,-80
"9151","2727王品","110/07/09","臺銀-臺中",35,6,29
"9152","2727王品","110/07/09","兆豐-大安",7,60,-53
"9153","2727王品","110/07/09","元大-桃園",32,3,29
"9154","2727王品","110/07/09","永豐金-南投",0,50,-50
"9155","2727王品","110/07/09","元富-宜蘭",34,6,28
"9156","2727王品","110/07/09","新加坡商瑞銀",6,46,-40
"9157","2727王品","110/07/09","玉山-台中",34,8,26
"9158","2727王品","110/07/09","合庫-彰化",11,50,-39
"9159","2727王品","110/07/09","群益金鼎-宜蘭",30,4,26
"9160","2727王品","110/07/09","永豐金-萬盛",13,52,-39
"9161","2727王品","110/07/09","富邦-台中",42,16,26
"9162","2727王品","110/07/09","瑞士信貸",0,34,-34
"9163","2727王品","110/07/09","第一金-豐原",25,1,24
"9164","2727王品","110/07/09","元大-和平",4,35,-31
"9165","2727王品","110/07/09","臺銀",30,8,22
"9166","2727王品","110/07/09","美林",14,44,-30
"9167","2727王品","110/07/09","兆豐-來福",23,1,22
"9168","2727王品","110/07/09","元大-員林",9,38,-29
"9169","2727王品","110/07/09","玉山-士林",22,2,20
"9170","2727王品","110/07/09","元富-西松",4,31,-27
"9171","1570力肯","110/07/09","凱基-台北",30,1,29
"9172","1570力肯","110/07/09","群益金鼎-彰化",0,20,-20
"9173","1570力肯","110/07/09","新光-台南",20,0,20
"9174","1570力肯","110/07/09","元大-土城學府",0,20,-20
"9175","1570力肯","110/07/09","元大-高雄",20,0,20
"9176","1570力肯","110/07/09","元大-大統",0,16,-16
"9177","1570力肯","110/07/09","國票-中正",12,0,12
"9178","1570力肯","110/07/09","元大-新營",0,11,-11
"9179","1570力肯","110/07/09","日盛-高雄",6,0,6
"9180","1570力肯","110/07/09","元大-和平",0,10,-10
"9181","1570力肯","110/07/09","元富-緯城",6,0,6
"9182","1570力肯","110/07/09","元大-草屯",0,10,-10
"9183","1570力肯","110/07/09","群益金鼎-台南",6,0,6
"9184","1570力肯","110/07/09","元大-鹿港",0,9,-9
"9185","1570力肯","110/07/09","華南永昌-岡山",6,0,6
"9186","1570力肯","110/07/09","合庫-基隆",0,7,-7
"9187","1570力肯","110/07/09","統一-中壢",5,0,5
"9188","1570力肯","110/07/09","摩根大通",2,8,-6
"9189","1570力肯","110/07/09","凱基-三峽",5,0,5
"9190","1570力肯","110/07/09","台灣企銀-豐原",0,4,-4
"9191","1570力肯","110/07/09","大昌-樹林",4,0,4
"9192","1570力肯","110/07/09","日盛-桃園",0,4,-4
"9193","1570力肯","110/07/09","新光",3,0,3
"9194","1570力肯","110/07/09","國泰-高雄",0,3,-3
"9195","1570力肯","110/07/09","富邦-新竹華信",3,0,3
"9196","1570力肯","110/07/09","永豐金-敦南",0,3,-3
"9197","1570力肯","110/07/09","合庫-台中",2,0,2
"9198","1570力肯","110/07/09","土銀-彰化",0,2,-2
"9199","1570力肯","110/07/09","臺銀-臺中",2,0,2
"9200","1570力肯","110/07/09","臺銀-鳳山",0,2,-2
"9201","6180橘子","110/07/09","摩根大通",63,1,62
"9202","6180橘子","110/07/09","元大-南京",1,32,-31
"9203","6180橘子","110/07/09","富邦-陽明",73,33,40
"9204","6180橘子","110/07/09","群益金鼎-台北",0,25,-25
"9205","6180橘子","110/07/09","新加坡商瑞銀",31,0,31
"9206","6180橘子","110/07/09","兆豐-復興",0,21,-21
"9207","6180橘子","110/07/09","美商高盛",25,0,25
"9208","6180橘子","110/07/09","永豐金-嘉義",0,21,-21
"9209","6180橘子","110/07/09","凱基-台北",26,10,16
"9210","6180橘子","110/07/09","凱基-中壢",8,24,-16
"9211","6180橘子","110/07/09","華南永昌-楠梓",13,0,13
"9212","6180橘子","110/07/09","致和-崇德",0,15,-15
"9213","6180橘子","110/07/09","華南永昌-朴子",11,0,11
"9214","6180橘子","110/07/09","群益金鼎-屏東",0,15,-15
"9215","6180橘子","110/07/09","元大-北港",11,0,11
"9216","6180橘子","110/07/09","群益金鼎-中山",0,15,-15
"9217","6180橘子","110/07/09","元大-成功",10,1,9
"9218","6180橘子","110/07/09","瑞士信貸",1,15,-14
"9219","6180橘子","110/07/09","新光",26,18,8
"9220","6180橘子","110/07/09","日盛-二林",0,10,-10
"9221","6180橘子","110/07/09","統一-三重",6,0,6
"9222","6180橘子","110/07/09","凱基-東門",0,10,-10
"9223","6180橘子","110/07/09","群益金鼎-嘉義",6,0,6
"9224","6180橘子","110/07/09","華南永昌-三重",0,10,-10
"9225","6180橘子","110/07/09","元大-員林中山",6,0,6
"9226","6180橘子","110/07/09","元大-彰化民生",1,11,-10
"9227","6180橘子","110/07/09","合庫-鳳山",5,0,5
"9228","6180橘子","110/07/09","永豐金-新店",1,11,-10
"9229","6180橘子","110/07/09","富邦-建國",6,1,5
"9230","6180橘子","110/07/09","群益金鼎-丹鳳",0,8,-8
"9231","2390云辰","110/07/09","摩根大通",279,56,223
"9232","2390云辰","110/07/09","元大-天母",0,127,-127
"9233","2390云辰","110/07/09","日盛-鳳山",110,2,108
"9234","2390云辰","110/07/09","中國信託-文心",5,109,-104
"9235","2390云辰","110/07/09","宏遠證券",100,0,100
"9236","2390云辰","110/07/09","永豐金-復興",0,55,-55
"9237","2390云辰","110/07/09","元大-大里",63,6,57
"9238","2390云辰","110/07/09","凱基-台北",239,286,-47
"9239","2390云辰","110/07/09","凱基-八德",59,10,49
"9240","2390云辰","110/07/09","德信",2,32,-30
"9241","2390云辰","110/07/09","合庫-新竹",40,0,40
"9242","2390云辰","110/07/09","兆豐-桃鶯",2,32,-30
"9243","2390云辰","110/07/09","國票",40,1,39
"9244","2390云辰","110/07/09","致和-南京",0,30,-30
"9245","2390云辰","110/07/09","新加坡商瑞銀",49,13,36
"9246","2390云辰","110/07/09","富邦-虎尾",1,31,-30
"9247","2390云辰","110/07/09","統一-新台中",36,2,34
"9248","2390云辰","110/07/09","元大-善化",2,31,-29
"9249","2390云辰","110/07/09","國票-嘉義",31,0,31
"9250","2390云辰","110/07/09","富邦-板橋",0,27,-27
"9251","2390云辰","110/07/09","華南永昌",35,7,28
"9252","2390云辰","110/07/09","富邦-永和",3,28,-25
"9253","2390云辰","110/07/09","玉山-台中",49,22,27
"9254","2390云辰","110/07/09","第一金-自由",20,44,-24
"9255","2390云辰","110/07/09","華南永昌-敦南",25,0,25
"9256","2390云辰","110/07/09","凱基-內湖",0,24,-24
"9257","2390云辰","110/07/09","新光-高雄",27,4,23
"9258","2390云辰","110/07/09","元大-汐止",1,24,-23
"9259","2390云辰","110/07/09","台灣摩根士丹利",85,63,22
"9260","2390云辰","110/07/09","新光-台中",12,33,-21
"9261","4903聯光通","110/07/08","元富-新興",18,0,18
"9262","4903聯光通","110/07/08","中國信託-中壢",0,14,-14
"9263","4903聯光通","110/07/08","元大-苗栗",9,0,9
"9264","4903聯光通","110/07/08","彰銀",0,7,-7
"9265","4903聯光通","110/07/08","兆豐-鹿港",3,0,3
"9266","4903聯光通","110/07/08","中國信託-松江",0,5,-5
"9267","4903聯光通","110/07/08","群益金鼎-萬華",2,0,2
"9268","4903聯光通","110/07/08","光和",0,2,-2
"9269","4903聯光通","110/07/08","元大-屏南",1,0,1
"9270","4903聯光通","110/07/08","元大-鶯歌",0,2,-2
"9271","4903聯光通","110/07/08","華南永昌-新莊",0,0,0
"9272","4903聯光通","110/07/08","群益金鼎-館前",0,1,-1
"9273","4903聯光通","110/07/08","元大-羅東",0,0,0
"9274","4903聯光通","110/07/08","華南永昌",0,1,-1
"9275","4903聯光通","110/07/08","元大-太平",2,3,-1
"9276","4903聯光通","110/07/08","華南永昌-新莊",0,0,0
"9277","4903聯光通","110/07/08","元大-羅東",0,0,0
"9278","2929淘帝","110/07/08","日盛-園區",90,6,84
"9279","2929淘帝","110/07/08","元大-太平",1,111,-110
"9280","2929淘帝","110/07/08","華南永昌-頭份",54,0,54
"9281","2929淘帝","110/07/08","港商野村",31,106,-75
"9282","2929淘帝","110/07/08","美商高盛",50,0,50
"9283","2929淘帝","110/07/08","凱基-板橋",62,111,-49
"9284","2929淘帝","110/07/08","台中銀-台北",50,0,50
"9285","2929淘帝","110/07/08","新光-台中",30,78,-48
"9286","2929淘帝","110/07/08","臺銀-臺南",30,0,30
"9287","2929淘帝","110/07/08","元富-永和",1,41,-40
"9288","2929淘帝","110/07/08","永豐金-大園",42,12,30
"9289","2929淘帝","110/07/08","永豐金-鳳山",0,28,-28
"9290","2929淘帝","110/07/08","元富-三重",30,1,29
"9291","2929淘帝","110/07/08","元大-南崁",0,26,-26
"9292","2929淘帝","110/07/08","兆豐-桃鶯",29,0,29
"9293","2929淘帝","110/07/08","元大-花蓮",2,27,-25
"9294","2929淘帝","110/07/08","元大-承德",20,3,17
"9295","2929淘帝","110/07/08","元大-府城",0,24,-24
"9296","2929淘帝","110/07/08","新光-新竹",13,0,13
"9297","2929淘帝","110/07/08","新光",21,43,-22
"9298","2929淘帝","110/07/08","富邦-內湖",13,0,13
"9299","2929淘帝","110/07/08","臺銀-民權",0,20,-20
"9300","2929淘帝","110/07/08","國泰-板橋",13,1,12
"9301","2929淘帝","110/07/08","摩根大通",66,84,-18
"9302","2929淘帝","110/07/08","第一金-大稻埕",10,0,10
"9303","2929淘帝","110/07/08","凱基-台北",0,17,-17
"9304","2929淘帝","110/07/08","統一-汐止",10,0,10
"9305","2929淘帝","110/07/08","元大-博愛",6,23,-17
"9306","2929淘帝","110/07/08","元富-大裕",10,0,10
"9307","2929淘帝","110/07/08","永豐金-桃盛",0,16,-16
"9308","5410國眾","110/07/08","元大-新盛",15,0,15
"9309","5410國眾","110/07/08","元大-旗山",0,50,-50
"9310","5410國眾","110/07/08","元大-屏南",10,0,10
"9311","5410國眾","110/07/08","元大-頭份",0,14,-14
"9312","5410國眾","110/07/08","元大-成功",10,0,10
"9313","5410國眾","110/07/08","國泰-高雄",0,8,-8
"9314","5410國眾","110/07/08","元大-東泰",7,0,7
"9315","5410國眾","110/07/08","元大-小港",0,7,-7
"9316","5410國眾","110/07/08","富邦-陽明",6,0,6
"9317","5410國眾","110/07/08","統一-嘉義",0,5,-5
"9318","5410國眾","110/07/08","臺銀-金山",5,0,5
"9319","5410國眾","110/07/08","兆豐-台中港",0,5,-5
"9320","5410國眾","110/07/08","日盛-員林",5,0,5
"9321","5410國眾","110/07/08","凱基-屏東",0,5,-5
"9322","5410國眾","110/07/08","摩根大通",5,0,5
"9323","5410國眾","110/07/08","元大-八德",0,5,-5
"9324","5410國眾","110/07/08","富邦-桃園",5,0,5
"9325","5410國眾","110/07/08","元富-嘉義",0,4,-4
"9326","5410國眾","110/07/08","元富-大昌",4,0,4
"9327","5410國眾","110/07/08","玉山-雙和",0,4,-4
"9328","5410國眾","110/07/08","台新-台中",4,0,4
"9329","5410國眾","110/07/08","凱基-高美館",1,5,-4
"9330","5410國眾","110/07/08","華南永昌-小港",5,1,4
"9331","5410國眾","110/07/08","統一-員林",0,3,-3
"9332","5410國眾","110/07/08","元大-新竹",5,1,4
"9333","5410國眾","110/07/08","臺銀-鳳山",0,2,-2
"9334","5410國眾","110/07/08","元大-土城學府",4,0,4
"9335","5410國眾","110/07/08","亞東",0,2,-2
"9336","5410國眾","110/07/08","元大-新莊",4,0,4
"9337","5410國眾","110/07/08","新光",0,2,-2
"9338","2841台開","110/07/08","元大-樹林",653,0,653
"9339","2841台開","110/07/08","港商野村",0,868,-868
"9340","2841台開","110/07/08","台新證券",115,0,115
"9341","2841台開","110/07/08","群益金鼎-忠孝",0,100,-100
"9342","2841台開","110/07/08","永豐金-豐原",105,0,105
"9343","2841台開","110/07/08","宏遠-高雄",0,56,-56
"9344","2841台開","110/07/08","元富-新興",100,0,100
"9345","2841台開","110/07/08","新光",3,38,-35
"9346","2841台開","110/07/08","凱基-文心",50,0,50
"9347","2841台開","110/07/08","花旗環球",0,29,-29
"9348","2841台開","110/07/08","元大-八德",40,0,40
"9349","2841台開","110/07/08","富邦-仁愛",2,30,-28
"9350","2841台開","110/07/08","日盛-雙和",30,0,30
"9351","2841台開","110/07/08","元富-潮州",0,24,-24
"9352","2841台開","110/07/08","統一-竹南",30,0,30
"9353","2841台開","110/07/08","元大-沙鹿",0,20,-20
"9354","2841台開","110/07/08","凱基-台南",30,0,30
"9355","2841台開","110/07/08","元大-汐止",0,20,-20
"9356","2841台開","110/07/08","元大-福營",30,0,30
"9357","2841台開","110/07/08","合庫-嘉義",2,20,-18
"9358","2841台開","110/07/08","合庫-台中",22,0,22
"9359","2841台開","110/07/08","國泰-敦南",3,21,-18
"9360","2841台開","110/07/08","大昌-安康",28,10,18
"9361","2841台開","110/07/08","日盛-竹北",0,15,-15
"9362","2841台開","110/07/08","元大-斗信",15,0,15
"9363","2841台開","110/07/08","元大-三重",0,15,-15
"9364","2841台開","110/07/08","富邦-台北",13,0,13
"9365","2841台開","110/07/08","永豐金-敦南",45,60,-15
"9366","2841台開","110/07/08","合庫-桃園",10,0,10
"9367","2841台開","110/07/08","(牛牛牛)亞-網路",0,12,-12
"9368","6207雷科","110/07/08","台新-高雄",54,2,52
"9369","6207雷科","110/07/08","群益金鼎-丹鳳",0,60,-60
"9370","6207雷科","110/07/08","新光-台中",18,0,18
"9371","6207雷科","110/07/08","元大-頭份",1,56,-55
"9372","6207雷科","110/07/08","日盛-嘉義",16,0,16
"9373","6207雷科","110/07/08","國票-中和",0,30,-30
"9374","6207雷科","110/07/08","合庫-鳳山",15,0,15
"9375","6207雷科","110/07/08","凱基-台北",1,29,-28
"9376","6207雷科","110/07/08","臺銀-臺中",12,0,12
"9377","6207雷科","110/07/08","兆豐-板橋",0,25,-25
"9378","6207雷科","110/07/08","群益金鼎-土城",12,0,12
"9379","6207雷科","110/07/08","凱基-城中",4,25,-21
"9380","6207雷科","110/07/08","新光",25,14,11
"9381","6207雷科","110/07/08","日進",0,20,-20
"9382","6207雷科","110/07/08","凱基-中壢",11,0,11
"9383","6207雷科","110/07/08","台新證券",3,20,-17
"9384","6207雷科","110/07/08","台灣企銀",10,0,10
"9385","6207雷科","110/07/08","群益金鼎-中山",0,16,-16
"9386","6207雷科","110/07/08","第一金-新興",11,1,10
"9387","6207雷科","110/07/08","元大-東門",0,16,-16
"9388","6207雷科","110/07/08","元富-吉利",10,0,10
"9389","6207雷科","110/07/08","群益金鼎-大甲",0,13,-13
"9390","6207雷科","110/07/08","光和-和美",10,0,10
"9391","6207雷科","110/07/08","日盛-板橋",0,10,-10
"9392","6207雷科","110/07/08","永豐金-南京",10,0,10
"9393","6207雷科","110/07/08","日盛-中壢",0,10,-10
"9394","6207雷科","110/07/08","土銀",8,0,8
"9395","6207雷科","110/07/08","摩根大通",125,135,-10
"9396","6207雷科","110/07/08","中國信託-高雄",8,0,8
"9397","6207雷科","110/07/08","凱基-五股",0,10,-10
"9398","3679新至陞","110/07/08","華南永昌-台中",17,0,17
"9399","3679新至陞","110/07/08","大慶-蘆洲",0,10,-10
"9400","3679新至陞","110/07/08","國泰-桃園",6,0,6
"9401","3679新至陞","110/07/08","華南永昌-小港",0,7,-7
"9402","3679新至陞","110/07/08","元大-永春",6,0,6
"9403","3679新至陞","110/07/08","國泰-館前",0,3,-3
"9404","3679新至陞","110/07/08","香港上海匯豐",4,0,4
"9405","3679新至陞","110/07/08","元大-板橋",0,3,-3
"9406","3679新至陞","110/07/08","中國信託-新竹",3,0,3
"9407","3679新至陞","110/07/08","港商法國興業",0,2,-2
"9408","3679新至陞","110/07/08","國票-敦北法人",3,0,3
"9409","3679新至陞","110/07/08","第一金-忠孝",0,2,-2
"9410","3679新至陞","110/07/08","群益金鼎-台南",2,0,2
"9411","3679新至陞","110/07/08","元富-古亭",0,2,-2
"9412","3679新至陞","110/07/08","凱基",2,0,2
"9413","3679新至陞","110/07/08","摩根大通",1,3,-2
"9414","3679新至陞","110/07/08","凱基-台北",6,4,2
"9415","3679新至陞","110/07/08","富邦-板橋",0,2,-2
"9416","3679新至陞","110/07/08","日盛-信義",1,0,1
"9417","3679新至陞","110/07/08","元大-文心興安",0,2,-2
"9418","3679新至陞","110/07/08","日盛-新莊",1,0,1
"9419","3679新至陞","110/07/08","臺銀-高雄",0,1,-1
"9420","3679新至陞","110/07/08","大慶",1,0,1
"9421","3679新至陞","110/07/08","日盛-高雄",0,1,-1
"9422","3679新至陞","110/07/08","兆豐-三重",1,0,1
"9423","3679新至陞","110/07/08","日盛-文化",0,1,-1
"9424","3679新至陞","110/07/08","致和-東門",1,0,1
"9425","3679新至陞","110/07/08","美商高盛",0,1,-1
"9426","3679新至陞","110/07/08","台新證券",1,0,1
"9427","3679新至陞","110/07/08","瑞士信貸",0,1,-1
"9428","2727王品","110/07/08","群益金鼎-大安",80,0,80
"9429","2727王品","110/07/08","台灣摩根士丹利",1,300,-299
"9430","2727王品","110/07/08","富邦-台北",237,165,72
"9431","2727王品","110/07/08","元大證券",173,439,-266
"9432","2727王品","110/07/08","永豐金-萬盛",55,5,50
"9433","2727王品","110/07/08","統一",33,200,-167
"9434","2727王品","110/07/08","永豐金-南投",53,10,43
"9435","2727王品","110/07/08","凱基-台北",476,615,-139
"9436","2727王品","110/07/08","國泰-敦南",190,148,42
"9437","2727王品","110/07/08","永豐金-松山",8,138,-130
"9438","2727王品","110/07/08","台新-高雄",71,36,35
"9439","2727王品","110/07/08","新加坡商瑞銀",38,138,-100
"9440","2727王品","110/07/08","富邦-建國",62,27,35
"9441","2727王品","110/07/08","富邦-嘉義",84,182,-98
"9442","2727王品","110/07/08","永豐金證券",50,15,35
"9443","2727王品","110/07/08","元富-台南",4,99,-95
"9444","2727王品","110/07/08","港商野村",185,152,33
"9445","2727王品","110/07/08","凱基-永華",4,92,-88
"9446","2727王品","110/07/08","元大-嘉義",35,3,32
"9447","2727王品","110/07/08","凱基-大直",2,73,-71
"9448","2727王品","110/07/08","台新-三民",35,4,31
"9449","2727王品","110/07/08","美林",105,164,-59
"9450","2727王品","110/07/08","凱基-桃園",35,4,31
"9451","2727王品","110/07/08","第一金-台南",11,63,-52
"9452","2727王品","110/07/08","元大-和平",41,10,31
"9453","2727王品","110/07/08","摩根大通",216,259,-43
"9454","2727王品","110/07/08","兆豐-大安",33,5,28
"9455","2727王品","110/07/08","元大-員林",9,50,-41
"9456","2727王品","110/07/08","元大-新盛",33,6,27
"9457","2727王品","110/07/08","兆豐-虎尾",1,41,-40
"9458","1570力肯","110/07/08","群益金鼎-三重",20,0,20
"9459","1570力肯","110/07/08","中國信託-永康",0,26,-26
"9460","1570力肯","110/07/08","凱基-中壢",20,0,20
"9461","1570力肯","110/07/08","統一-敦南",0,12,-12
"9462","1570力肯","110/07/08","群益金鼎-台南",14,0,14
"9463","1570力肯","110/07/08","國票-博愛",0,10,-10
"9464","1570力肯","110/07/08","元富-緯城",10,0,10
"9465","1570力肯","110/07/08","元大-西門",0,10,-10
"9466","1570力肯","110/07/08","瑞士信貸",7,0,7
"9467","1570力肯","110/07/08","新光",0,9,-9
"9468","1570力肯","110/07/08","摩根大通",6,0,6
"9469","1570力肯","110/07/08","永豐金-大園",0,9,-9
"9470","1570力肯","110/07/08","土銀-白河",5,0,5
"9471","1570力肯","110/07/08","日盛-大墩",0,6,-6
"9472","1570力肯","110/07/08","台灣摩根士丹利",4,0,4
"9473","1570力肯","110/07/08","台新證券",0,6,-6
"9474","1570力肯","110/07/08","元大-新莊",3,0,3
"9475","1570力肯","110/07/08","永全",0,5,-5
"9476","1570力肯","110/07/08","永豐金-苓雅",3,0,3
"9477","1570力肯","110/07/08","元大-天母",0,5,-5
"9478","1570力肯","110/07/08","合庫-三重",2,0,2
"9479","1570力肯","110/07/08","元富-吉利",0,3,-3
"9480","1570力肯","110/07/08","(牛牛牛)亞-鑫豐",2,0,2
"9481","1570力肯","110/07/08","國泰-高雄",0,3,-3
"9482","1570力肯","110/07/08","玉山-大里",2,0,2
"9483","1570力肯","110/07/08","群益金鼎-北高雄",0,3,-3
"9484","1570力肯","110/07/08","國泰-敦南",2,0,2
"9485","1570力肯","110/07/08","群益金鼎-東門",0,2,-2
"9486","1570力肯","110/07/08","華南永昌-岡山",2,0,2
"9487","1570力肯","110/07/08","日盛-高雄",5,6,-1
"9488","6180橘子","110/07/08","新光",30,4,26
"9489","6180橘子","110/07/08","元大-土城學府",0,89,-89
"9490","6180橘子","110/07/08","康和-台南",22,0,22
"9491","6180橘子","110/07/08","凱基-東勢",1,66,-65
"9492","6180橘子","110/07/08","國泰-板橋",22,0,22
"9493","6180橘子","110/07/08","光和",0,64,-64
"9494","6180橘子","110/07/08","日盛-文化",21,0,21
"9495","6180橘子","110/07/08","中國信託-忠孝",0,50,-50
"9496","6180橘子","110/07/08","中國信託-文心",20,2,18
"9497","6180橘子","110/07/08","元富-大裕",0,25,-25
"9498","6180橘子","110/07/08","凱基-台北",39,24,15
"9499","6180橘子","110/07/08","統一-基隆",1,25,-24
"9500","6180橘子","110/07/08","元富-新店",14,0,14
"9501","6180橘子","110/07/08","美商高盛",1,21,-20
"9502","6180橘子","110/07/08","元大-土城永寧",11,0,11
"9503","6180橘子","110/07/08","元大證券",1,19,-18
"9504","6180橘子","110/07/08","永豐金-南京",11,0,11
"9505","6180橘子","110/07/08","元大-太平",2,20,-18
"9506","6180橘子","110/07/08","宏遠-館前",10,0,10
"9507","6180橘子","110/07/08","合庫證券",2,18,-16
"9508","6180橘子","110/07/08","國泰-新莊",10,0,10
"9509","6180橘子","110/07/08","台灣摩根士丹利",1,12,-11
"9510","6180橘子","110/07/08","群益金鼎",10,0,10
"9511","6180橘子","110/07/08","瑞士信貸",0,11,-11
"9512","6180橘子","110/07/08","凱基-高雄",10,0,10
"9513","6180橘子","110/07/08","元富-嘉義",0,11,-11
"9514","6180橘子","110/07/08","凱基-大安",10,0,10
"9515","6180橘子","110/07/08","新光-高雄",0,11,-11
"9516","6180橘子","110/07/08","富邦-仁愛",10,0,10
"9517","6180橘子","110/07/08","大慶-苗栗",0,10,-10
"9518","2390云辰","110/07/08","統一-新台中",126,1,125
"9519","2390云辰","110/07/08","摩根大通",62,661,-599
"9520","2390云辰","110/07/08","元大-員林",111,0,111
"9521","2390云辰","110/07/08","新加坡商瑞銀",0,173,-173
"9522","2390云辰","110/07/08","合庫-高雄",105,0,105
"9523","2390云辰","110/07/08","元大-天母",7,150,-143
"9524","2390云辰","110/07/08","凱基-台北",255,177,78
"9525","2390云辰","110/07/08","台灣摩根士丹利",0,134,-134
"9526","2390云辰","110/07/08","新光",71,17,54
"9527","2390云辰","110/07/08","玉山-台中",17,120,-103
"9528","2390云辰","110/07/08","國票-嘉義",53,0,53
"9529","2390云辰","110/07/08","美商高盛",0,78,-78
"9530","2390云辰","110/07/08","富邦-仁愛",53,4,49
"9531","2390云辰","110/07/08","美林",11,82,-71
"9532","2390云辰","110/07/08","兆豐-城中",48,0,48
"9533","2390云辰","110/07/08","群益金鼎-大興",35,106,-71
"9534","2390云辰","110/07/08","元大-新營",47,0,47
"9535","2390云辰","110/07/08","光和",11,71,-60
"9536","2390云辰","110/07/08","國泰-敦南",89,55,34
"9537","2390云辰","110/07/08","國泰-台中",28,70,-42
"9538","2390云辰","110/07/08","兆豐-台中",40,7,33
"9539","2390云辰","110/07/08","玉山-新莊",6,46,-40
"9540","2390云辰","110/07/08","永豐金-中正",36,6,30
"9541","2390云辰","110/07/08","富邦-台北",21,57,-36
"9542","2390云辰","110/07/08","中國信託-三重",29,0,29
"9543","2390云辰","110/07/08","土銀-台中",0,30,-30
"9544","2390云辰","110/07/08","富邦-陽明",33,5,28
"9545","2390云辰","110/07/08","兆豐-埔墘",1,31,-30
"9546","2390云辰","110/07/08","元富-桃園",27,0,27
"9547","2390云辰","110/07/08","玉山-南京東路",3,33,-30
"9548","4903聯光通","110/07/07","元大-太平",47,4,43
"9549","4903聯光通","110/07/07","日盛-板橋",0,15,-15
"9550","4903聯光通","110/07/07","華南永昌-桃園",10,0,10
"9551","4903聯光通","110/07/07","元大-八德",0,9,-9
"9552","4903聯光通","110/07/07","元大-南投",9,0,9
"9553","4903聯光通","110/07/07","宏遠證券",0,7,-7
"9554","4903聯光通","110/07/07","新光-台中",3,0,3
"9555","4903聯光通","110/07/07","大慶",0,7,-7
"9556","4903聯光通","110/07/07","國泰-敦南",1,0,1
"9557","4903聯光通","110/07/07","群益金鼎-館前",0,6,-6
"9558","4903聯光通","110/07/07","國票-中正",0,0,0
"9559","4903聯光通","110/07/07","元大-羅東",0,5,-5
"9560","4903聯光通","110/07/07","康和-內湖",0,0,0
"9561","4903聯光通","110/07/07","新光",8,12,-4
"9562","4903聯光通","110/07/07","凱基-站前",0,0,0
"9563","4903聯光通","110/07/07","國泰-高雄",0,3,-3
"9564","4903聯光通","110/07/07","華南永昌",1,1,0
"9565","4903聯光通","110/07/07","第一金-台中",0,3,-3
"9566","4903聯光通","110/07/07","華南永昌-新莊",0,0,0
"9567","4903聯光通","110/07/07","中農",0,1,-1
"9568","4903聯光通","110/07/07","臺灣企銀-桃園",0,1,-1
"9569","4903聯光通","110/07/07","台新-新營",0,1,-1
"9570","4903聯光通","110/07/07","元大-鶯歌",2,3,-1
"9571","4903聯光通","110/07/07","元大-永和",0,1,-1
"9572","4903聯光通","110/07/07","元大-苑裡",0,1,-1
"9573","2929淘帝","110/07/07","統一",163,0,163
"9574","2929淘帝","110/07/07","新光-台中",57,142,-85
"9575","2929淘帝","110/07/07","港商野村",323,181,142
"9576","2929淘帝","110/07/07","兆豐-忠孝",0,76,-76
"9577","2929淘帝","110/07/07","日盛-中壢",132,10,122
"9578","2929淘帝","110/07/07","台新-建北",0,53,-53
"9579","2929淘帝","110/07/07","新加坡商瑞銀",140,19,121
"9580","2929淘帝","110/07/07","臺銀-鳳山",0,44,-44
"9581","2929淘帝","110/07/07","日盛-嘉義",101,0,101
"9582","2929淘帝","110/07/07","元大-新盛",0,42,-42
"9583","2929淘帝","110/07/07","摩根大通",101,16,85
"9584","2929淘帝","110/07/07","富邦-建國",6,47,-41
"9585","2929淘帝","110/07/07","元大-太平",55,2,53
"9586","2929淘帝","110/07/07","日盛-園區",0,40,-40
"9587","2929淘帝","110/07/07","元富-松德",50,1,49
"9588","2929淘帝","110/07/07","新光-高雄",1,38,-37
"9589","2929淘帝","110/07/07","凱基-板橋",53,5,48
"9590","2929淘帝","110/07/07","永豐金-三重",1,34,-33
"9591","2929淘帝","110/07/07","美林",80,34,46
"9592","2929淘帝","110/07/07","元大-彰化",0,31,-31
"9593","2929淘帝","110/07/07","元富-台南",41,0,41
"9594","2929淘帝","110/07/07","第一金-大稻埕",0,30,-30
"9595","2929淘帝","110/07/07","兆豐-竹北",39,0,39
"9596","2929淘帝","110/07/07","國泰-敦南",3,33,-30
"9597","2929淘帝","110/07/07","元大-西門",36,0,36
"9598","2929淘帝","110/07/07","富邦-員林",0,30,-30
"9599","2929淘帝","110/07/07","華南永昌",39,4,35
"9600","2929淘帝","110/07/07","元大-蘆洲",1,30,-29
"9601","2929淘帝","110/07/07","日盛-板橋中山",30,0,30
"9602","2929淘帝","110/07/07","台新-台南",4,32,-28
"9603","5410國眾","110/07/07","兆豐-城中",66,0,66
"9604","5410國眾","110/07/07","富邦-仁愛",0,115,-115
"9605","5410國眾","110/07/07","摩根大通",21,0,21
"9606","5410國眾","110/07/07","亞東-板橋",0,38,-38
"9607","5410國眾","110/07/07","元大-北投",21,0,21
"9608","5410國眾","110/07/07","凱基-台北",2,24,-22
"9609","5410國眾","110/07/07","亞東-新竹",15,0,15
"9610","5410國眾","110/07/07","彰銀-七賢",0,10,-10
"9611","5410國眾","110/07/07","元大-福營",12,0,12
"9612","5410國眾","110/07/07","凱基-基隆",0,10,-10
"9613","5410國眾","110/07/07","新光-高雄",11,0,11
"9614","5410國眾","110/07/07","凱基-屏東",0,10,-10
"9615","5410國眾","110/07/07","華南永昌-小港",10,0,10
"9616","5410國眾","110/07/07","凱基-鳳山",0,10,-10
"9617","5410國眾","110/07/07","元大-大灣",10,0,10
"9618","5410國眾","110/07/07","永豐金-忠孝",0,10,-10
"9619","5410國眾","110/07/07","元大-莒光",10,0,10
"9620","5410國眾","110/07/07","日盛-板橋中山",0,9,-9
"9621","5410國眾","110/07/07","台中銀-豐原",9,0,9
"9622","5410國眾","110/07/07","統一-高雄",0,5,-5
"9623","5410國眾","110/07/07","元大-南屯",9,0,9
"9624","5410國眾","110/07/07","元大-斗六",0,5,-5
"9625","5410國眾","110/07/07","日盛-新莊",7,0,7
"9626","5410國眾","110/07/07","元大-大益",0,5,-5
"9627","5410國眾","110/07/07","元富-大昌",6,0,6
"9628","5410國眾","110/07/07","元大-南投",0,5,-5
"9629","5410國眾","110/07/07","新光-新竹",6,0,6
"9630","5410國眾","110/07/07","永豐金-員林",0,5,-5
"9631","5410國眾","110/07/07","臺銀-金山",5,0,5
"9632","5410國眾","110/07/07","華南永昌-楠梓",0,4,-4
"9633","2841台開","110/07/07","永豐金-豐原",268,0,268
"9634","2841台開","110/07/07","凱基-市政",0,200,-200
"9635","2841台開","110/07/07","永豐金-南投",200,0,200
"9636","2841台開","110/07/07","永豐金-彰化",0,100,-100
"9637","2841台開","110/07/07","新光",139,9,130
"9638","2841台開","110/07/07","元大-開元",1,93,-92
"9639","2841台開","110/07/07","中國信託-高雄",50,1,49
"9640","2841台開","110/07/07","港商野村",0,80,-80
"9641","2841台開","110/07/07","元大-歸仁",40,0,40
"9642","2841台開","110/07/07","凱基-台南",25,85,-60
"9643","2841台開","110/07/07","台中銀",35,0,35
"9644","2841台開","110/07/07","美商高盛",1,58,-57
"9645","2841台開","110/07/07","台新-新營",30,0,30
"9646","2841台開","110/07/07","統一-三重",0,55,-55
"9647","2841台開","110/07/07","富邦-台南",30,0,30
"9648","2841台開","110/07/07","台新證券",12,50,-38
"9649","2841台開","110/07/07","國泰-板橋",30,1,29
"9650","2841台開","110/07/07","陽信-石牌",0,31,-31
"9651","2841台開","110/07/07","凱基-文心",28,0,28
"9652","2841台開","110/07/07","元大-福營",0,31,-31
"9653","2841台開","110/07/07","凱基-站前",27,0,27
"9654","2841台開","110/07/07","第一金-澎湖",0,30,-30
"9655","2841台開","110/07/07","大昌-安康",38,16,22
"9656","2841台開","110/07/07","元大-新莊",0,30,-30
"9657","2841台開","110/07/07","合庫-台中",20,0,20
"9658","2841台開","110/07/07","國泰-館前",0,28,-28
"9659","2841台開","110/07/07","日盛-台南",20,0,20
"9660","2841台開","110/07/07","元大-竹科",0,25,-25
"9661","2841台開","110/07/07","台中銀-員林",20,0,20
"9662","2841台開","110/07/07","富邦-仁愛",1,22,-21
"9663","6207雷科","110/07/07","元大-大天母",21,0,21
"9664","6207雷科","110/07/07","元大-高雄",0,105,-105
"9665","6207雷科","110/07/07","元大-頭份",18,0,18
"9666","6207雷科","110/07/07","永豐金-中正",0,35,-35
"9667","6207雷科","110/07/07","第一金-新興",16,0,16
"9668","6207雷科","110/07/07","摩根大通",8,39,-31
"9669","6207雷科","110/07/07","富邦-虎尾",12,0,12
"9670","6207雷科","110/07/07","元大-林園",0,30,-30
"9671","6207雷科","110/07/07","兆豐-板橋",10,0,10
"9672","6207雷科","110/07/07","凱基-台北",0,19,-19
"9673","6207雷科","110/07/07","玉山-台大",10,0,10
"9674","6207雷科","110/07/07","國票-中和",13,25,-12
"9675","6207雷科","110/07/07","元大-四維",10,0,10
"9676","6207雷科","110/07/07","新加坡商瑞銀",0,9,-9
"9677","6207雷科","110/07/07","元大-鹿港",10,0,10
"9678","6207雷科","110/07/07","玉山-高雄",0,8,-8
"9679","6207雷科","110/07/07","元大-信義",10,0,10
"9680","6207雷科","110/07/07","玉山-台南",0,8,-8
"9681","6207雷科","110/07/07","台新-三民",8,0,8
"9682","6207雷科","110/07/07","宏遠-高雄",0,5,-5
"9683","6207雷科","110/07/07","元大-上新莊",8,0,8
"9684","6207雷科","110/07/07","元大-南海",0,5,-5
"9685","6207雷科","110/07/07","大昌-桃園",7,0,7
"9686","6207雷科","110/07/07","元大-莒光",0,4,-4
"9687","6207雷科","110/07/07","新光-台中",10,4,6
"9688","6207雷科","110/07/07","港商野村",0,3,-3
"9689","6207雷科","110/07/07","日盛-頭份",5,0,5
"9690","6207雷科","110/07/07","大慶-台南",0,3,-3
"9691","6207雷科","110/07/07","日茂-埔里",5,0,5
"9692","6207雷科","110/07/07","凱基-站前",0,3,-3
"9693","3679新至陞","110/07/07","永豐金證券",18,0,18
"9694","3679新至陞","110/07/07","美林",0,13,-13
"9695","3679新至陞","110/07/07","元大-文心興安",6,0,6
"9696","3679新至陞","110/07/07","兆豐-大安",0,10,-10
"9697","3679新至陞","110/07/07","中農",5,0,5
"9698","3679新至陞","110/07/07","國泰-桃園",0,4,-4
"9699","3679新至陞","110/07/07","台新證券",4,0,4
"9700","3679新至陞","110/07/07","永豐金-虎尾",0,4,-4
"9701","3679新至陞","110/07/07","華南永昌-小港",4,0,4
"9702","3679新至陞","110/07/07","台灣摩根士丹利",0,3,-3
"9703","3679新至陞","110/07/07","元大-天母",4,0,4
"9704","3679新至陞","110/07/07","瑞士信貸",0,3,-3
"9705","3679新至陞","110/07/07","台中銀-員林",4,1,3
"9706","3679新至陞","110/07/07","統一-新竹",0,3,-3
"9707","3679新至陞","110/07/07","摩根大通",4,1,3
"9708","3679新至陞","110/07/07","統一-三重",0,3,-3
"9709","3679新至陞","110/07/07","凱基-台北",7,4,3
"9710","3679新至陞","110/07/07","凱基-竹北",0,3,-3
"9711","3679新至陞","110/07/07","華南永昌-高雄",3,0,3
"9712","3679新至陞","110/07/07","元富-世貿",0,2,-2
"9713","3679新至陞","110/07/07","永豐金-潮州",2,0,2
"9714","3679新至陞","110/07/07","兆豐-鹿港",0,2,-2
"9715","3679新至陞","110/07/07","合庫-新竹",1,0,1
"9716","3679新至陞","110/07/07","玉山-台大",0,2,-2
"9717","3679新至陞","110/07/07","土銀-高雄",1,0,1
"9718","3679新至陞","110/07/07","國泰-館前",0,2,-2
"9719","3679新至陞","110/07/07","元富-新興",1,0,1
"9720","3679新至陞","110/07/07","群益金鼎-新莊",0,2,-2
"9721","3679新至陞","110/07/07","富邦-中壢",1,0,1
"9722","3679新至陞","110/07/07","元大-桃園",0,2,-2
"9723","2727王品","110/07/07","第一金",62,0,62
"9724","2727王品","110/07/07","台灣摩根士丹利",1,177,-176
"9725","2727王品","110/07/07","凱基-埔墘",40,0,40
"9726","2727王品","110/07/07","凱基-台北",49,151,-102
"9727","2727王品","110/07/07","中國信託-忠孝",40,1,39
"9728","2727王品","110/07/07","摩根大通",19,107,-88
"9729","2727王品","110/07/07","玉山-板橋",40,6,34
"9730","2727王品","110/07/07","美商高盛",2,86,-84
"9731","2727王品","110/07/07","亞東-新竹",31,1,30
"9732","2727王品","110/07/07","元大-北屯",1,52,-51
"9733","2727王品","110/07/07","群益金鼎-宜蘭",25,1,24
"9734","2727王品","110/07/07","國泰證券",1,47,-46
"9735","2727王品","110/07/07","富邦-竹北",23,0,23
"9736","2727王品","110/07/07","統一",3,33,-30
"9737","2727王品","110/07/07","元大-旗山",23,0,23
"9738","2727王品","110/07/07","第一金-台中",1,30,-29
"9739","2727王品","110/07/07","元富-宜蘭",21,0,21
"9740","2727王品","110/07/07","華南永昌-中正",4,29,-25
"9741","2727王品","110/07/07","國票-長城",20,0,20
"9742","2727王品","110/07/07","美林",0,23,-23
"9743","2727王品","110/07/07","台新證券",47,28,19
"9744","2727王品","110/07/07","群益金鼎-館前",0,20,-20
"9745","2727王品","110/07/07","富邦-新竹華信",18,1,17
"9746","2727王品","110/07/07","國票-內壢",0,16,-16
"9747","2727王品","110/07/07","永豐金-中正",18,1,17
"9748","2727王品","110/07/07","兆豐-新莊",0,15,-15
"9749","2727王品","110/07/07","華南永昌-麻豆",17,1,16
"9750","2727王品","110/07/07","港商野村",15,28,-13
"9751","2727王品","110/07/07","永豐金-潮州",15,0,15
"9752","2727王品","110/07/07","元大-善化",1,13,-12
"9753","1570力肯","110/07/07","台新證券",88,0,88
"9754","1570力肯","110/07/07","新光",0,54,-54
"9755","1570力肯","110/07/07","摩根大通",49,15,34
"9756","1570力肯","110/07/07","元大-高雄",0,40,-40
"9757","1570力肯","110/07/07","合庫-桃園",20,0,20
"9758","1570力肯","110/07/07","國票-北高雄",38,50,-12
"9759","1570力肯","110/07/07","元大-土城學府",20,0,20
"9760","1570力肯","110/07/07","群益金鼎-嘉義",0,10,-10
"9761","1570力肯","110/07/07","永豐金-板盛",18,0,18
"9762","1570力肯","110/07/07","元大-草屯",0,10,-10
"9763","1570力肯","110/07/07","永豐金-永康",18,0,18
"9764","1570力肯","110/07/07","日盛-高雄",0,9,-9
"9765","1570力肯","110/07/07","統一-員林",14,0,14
"9766","1570力肯","110/07/07","第一金-路竹",0,9,-9
"9767","1570力肯","110/07/07","元大-竹山",6,0,6
"9768","1570力肯","110/07/07","元大-古亭",0,9,-9
"9769","1570力肯","110/07/07","統一-敦南",5,0,5
"9770","1570力肯","110/07/07","國票-中正",0,8,-8
"9771","1570力肯","110/07/07","元大-永和",5,0,5
"9772","1570力肯","110/07/07","群益金鼎-鳳山",0,6,-6
"9773","1570力肯","110/07/07","元富-大裕",4,0,4
"9774","1570力肯","110/07/07","元大-土城永寧",0,6,-6
"9775","1570力肯","110/07/07","華南永昌-斗六",4,0,4
"9776","1570力肯","110/07/07","中國信託",0,5,-5
"9777","1570力肯","110/07/07","永豐金-松山",6,3,3
"9778","1570力肯","110/07/07","日盛-板橋",0,4,-4
"9779","1570力肯","110/07/07","永豐金-南投",4,1,3
"9780","1570力肯","110/07/07","日盛-木柵",0,4,-4
"9781","1570力肯","110/07/07","土銀-彰化",2,0,2
"9782","1570力肯","110/07/07","玉山-桃園",0,4,-4
"9783","6180橘子","110/07/07","臺銀-金山",27,0,27
"9784","6180橘子","110/07/07","凱基-台北",6,36,-30
"9785","6180橘子","110/07/07","元富-潮州",20,0,20
"9786","6180橘子","110/07/07","元大-天母",1,26,-25
"9787","6180橘子","110/07/07","凱基-中山",20,0,20
"9788","6180橘子","110/07/07","富邦-陽明",0,22,-22
"9789","6180橘子","110/07/07","元大-太平",23,4,19
"9790","6180橘子","110/07/07","日盛-頭份",0,20,-20
"9791","6180橘子","110/07/07","摩根大通",17,0,17
"9792","6180橘子","110/07/07","富邦-仁愛",0,20,-20
"9793","6180橘子","110/07/07","元大-草屯",20,3,17
"9794","6180橘子","110/07/07","永豐金-新莊",0,20,-20
"9795","6180橘子","110/07/07","華南永昌-楠梓",15,1,14
"9796","6180橘子","110/07/07","台灣摩根士丹利",0,18,-18
"9797","6180橘子","110/07/07","中國信託-永康",12,0,12
"9798","6180橘子","110/07/07","華南永昌-長虹",1,16,-15
"9799","6180橘子","110/07/07","日盛-文化",10,0,10
"9800","6180橘子","110/07/07","新光-新竹",0,12,-12
"9801","6180橘子","110/07/07","國泰-館前",10,0,10
"9802","6180橘子","110/07/07","凱基-中壢",0,12,-12
"9803","6180橘子","110/07/07","華南永昌-鶯歌",10,0,10
"9804","6180橘子","110/07/07","第一金-忠孝",0,11,-11
"9805","6180橘子","110/07/07","元大-豐原站前",10,0,10
"9806","6180橘子","110/07/07","元大-沙鹿",0,11,-11
"9807","6180橘子","110/07/07","元大-北屯",10,0,10
"9808","6180橘子","110/07/07","永豐金-羅東",0,11,-11
"9809","6180橘子","110/07/07","兆豐-台中",10,1,9
"9810","6180橘子","110/07/07","兆豐-埔墘",0,10,-10
"9811","6180橘子","110/07/07","群益金鼎-開元",9,0,9
"9812","6180橘子","110/07/07","華南永昌-台中",0,10,-10
"9813","2390云辰","110/07/07","元大-向上",144,0,144
"9814","2390云辰","110/07/07","摩根大通",18,674,-656
"9815","2390云辰","110/07/07","元富-中港",102,0,102
"9816","2390云辰","110/07/07","凱基-台北",141,625,-484
"9817","2390云辰","110/07/07","群益金鼎-民權",104,4,100
"9818","2390云辰","110/07/07","美林",32,261,-229
"9819","2390云辰","110/07/07","兆豐-忠孝",81,0,81
"9820","2390云辰","110/07/07","新加坡商瑞銀",50,149,-99
"9821","2390云辰","110/07/07","合庫-新竹",60,0,60
"9822","2390云辰","110/07/07","台灣摩根士丹利",7,87,-80
"9823","2390云辰","110/07/07","元大-土城學府",59,1,58
"9824","2390云辰","110/07/07","元大-金華",2,68,-66
"9825","2390云辰","110/07/07","玉山-大里",58,3,55
"9826","2390云辰","110/07/07","國票-新莊",13,65,-52
"9827","2390云辰","110/07/07","元大-東蘆",54,1,53
"9828","2390云辰","110/07/07","凱基-三重",12,56,-44
"9829","2390云辰","110/07/07","元富-三重",51,0,51
"9830","2390云辰","110/07/07","新光-台中",23,65,-42
"9831","2390云辰","110/07/07","元富-埔里",50,0,50
"9832","2390云辰","110/07/07","第一金-中壢",5,45,-40
"9833","2390云辰","110/07/07","中國信託-三重",52,3,49
"9834","2390云辰","110/07/07","華南永昌-斗六",0,40,-40
"9835","2390云辰","110/07/07","元大-彰化民生",64,15,49
"9836","2390云辰","110/07/07","富邦-新竹華信",25,61,-36
"9837","2390云辰","110/07/07","元大-潮州",50,5,45
"9838","2390云辰","110/07/07","玉山-新莊",2,32,-30
"9839","2390云辰","110/07/07","元富-高雄",57,14,43
"9840","2390云辰","110/07/07","凱基-新豐",17,47,-30
"9841","2390云辰","110/07/07","凱基-和平",40,0,40
"9842","2390云辰","110/07/07","統一-汐止",1,29,-28
"9843","4903聯光通","110/07/06","元大-苗栗",10,0,10
"9844","4903聯光通","110/07/06","宏遠證券",0,13,-13
"9845","4903聯光通","110/07/06","彰銀",5,0,5
"9846","4903聯光通","110/07/06","富邦-新營",0,4,-4
"9847","4903聯光通","110/07/06","元大-松山",5,0,5
"9848","4903聯光通","110/07/06","元富-草屯",0,3,-3
"9849","4903聯光通","110/07/06","新光",3,0,3
"9850","4903聯光通","110/07/06","元大-羅東",0,3,-3
"9851","4903聯光通","110/07/06","群益金鼎-館前",1,0,1
"9852","4903聯光通","110/07/06","元大-北三重",0,2,-2
"9853","4903聯光通","110/07/06","華南永昌-鶯歌",1,0,1
"9854","4903聯光通","110/07/06","國泰-敦南",0,1,-1
"9855","4903聯光通","110/07/06","永豐金-市政",1,0,1
"9856","4903聯光通","110/07/06","元富-板橋",0,0,0
"9857","4903聯光通","110/07/06","元富-板橋",0,0,0
"9858","4903聯光通","110/07/06","華南永昌",0,0,0
"9859","4903聯光通","110/07/06","華南永昌",0,0,0
"9860","4903聯光通","110/07/06","元大-太平",2,2,0
"9861","4903聯光通","110/07/06","元大-太平",2,2,0
"9862","2929淘帝","110/07/06","新光",204,85,119
"9863","2929淘帝","110/07/06","港商野村",62,282,-220
"9864","2929淘帝","110/07/06","日盛-中壢",94,0,94
"9865","2929淘帝","110/07/06","摩根大通",64,264,-200
"9866","2929淘帝","110/07/06","元富-城東",84,0,84
"9867","2929淘帝","110/07/06","統一",0,163,-163
"9868","2929淘帝","110/07/06","日盛-雙和",55,0,55
"9869","2929淘帝","110/07/06","香港上海匯豐",0,141,-141
"9870","2929淘帝","110/07/06","第一金-路竹",71,17,54
"9871","2929淘帝","110/07/06","新加坡商瑞銀",54,179,-125
"9872","2929淘帝","110/07/06","元大-花蓮",44,2,42
"9873","2929淘帝","110/07/06","合庫-高雄",3,122,-119
"9874","2929淘帝","110/07/06","永豐金-大園",73,33,40
"9875","2929淘帝","110/07/06","美林",34,118,-84
"9876","2929淘帝","110/07/06","元大-太平",44,6,38
"9877","2929淘帝","110/07/06","元大-員林",2,82,-80
"9878","2929淘帝","110/07/06","國泰-板橋",40,5,35
"9879","2929淘帝","110/07/06","元富-松德",26,75,-49
"9880","2929淘帝","110/07/06","兆豐-內湖",33,1,32
"9881","2929淘帝","110/07/06","臺銀-臺南",9,52,-43
"9882","2929淘帝","110/07/06","元大-博愛",43,11,32
"9883","2929淘帝","110/07/06","元大-北投",5,48,-43
"9884","2929淘帝","110/07/06","日盛-竹北",40,10,30
"9885","2929淘帝","110/07/06","臺銀-民權",1,41,-40
"9886","2929淘帝","110/07/06","元大-善化",52,22,30
"9887","2929淘帝","110/07/06","兆豐-忠孝",1,41,-40
"9888","2929淘帝","110/07/06","富邦-北港",29,0,29
"9889","2929淘帝","110/07/06","元大-西門",1,36,-35
"9890","2929淘帝","110/07/06","凱基-湖口",27,0,27
"9891","2929淘帝","110/07/06","玉山-嘉義",3,35,-32
"9892","5410國眾","110/07/06","兆豐-城中",28,0,28
"9893","5410國眾","110/07/06","凱基-高美館",1,18,-17
"9894","5410國眾","110/07/06","元大-小港",20,0,20
"9895","5410國眾","110/07/06","國泰-館前",0,15,-15
"9896","5410國眾","110/07/06","元大-新盛",18,0,18
"9897","5410國眾","110/07/06","國泰-板橋",2,17,-15
"9898","5410國眾","110/07/06","香港上海匯豐",15,0,15
"9899","5410國眾","110/07/06","新光",0,13,-13
"9900","5410國眾","110/07/06","華南永昌-小港",15,0,15
"9901","5410國眾","110/07/06","元富-緯城",0,10,-10
"9902","5410國眾","110/07/06","元富-大昌",13,0,13
"9903","5410國眾","110/07/06","中農",0,10,-10
"9904","5410國眾","110/07/06","臺銀-臺南",10,0,10
"9905","5410國眾","110/07/06","凱基-屏東",0,10,-10
"9906","5410國眾","110/07/06","元富-延平",8,0,8
"9907","5410國眾","110/07/06","新光-桃園",0,6,-6
"9908","5410國眾","110/07/06","元大-八德",17,9,8
"9909","5410國眾","110/07/06","高橋-龍潭",0,5,-5
"9910","5410國眾","110/07/06","摩根大通",7,0,7
"9911","5410國眾","110/07/06","元富-世貿",0,5,-5
"9912","5410國眾","110/07/06","凱基-桃園",7,0,7
"9913","5410國眾","110/07/06","群益金鼎-瑞豐",0,5,-5
"9914","5410國眾","110/07/06","永豐金-屏東",7,0,7
"9915","5410國眾","110/07/06","富邦-台中",0,5,-5
"9916","5410國眾","110/07/06","台新-左楠",5,0,5
"9917","5410國眾","110/07/06","永豐金-板橋",0,5,-5
"9918","5410國眾","110/07/06","富邦-竹東",5,0,5
"9919","5410國眾","110/07/06","富邦-台南",0,4,-4
"9920","5410國眾","110/07/06","元大-新莊",5,0,5
"9921","5410國眾","110/07/06","凱基-站前",0,3,-3
"9922","2841台開","110/07/06","群益金鼎-忠孝",100,0,100
"9923","2841台開","110/07/06","港商野村",0,295,-295
"9924","2841台開","110/07/06","台新證券",58,0,58
"9925","2841台開","110/07/06","元大-善化",0,50,-50
"9926","2841台開","110/07/06","台新-台中",58,0,58
"9927","2841台開","110/07/06","元大-四維",0,50,-50
"9928","2841台開","110/07/06","永豐金-敦南",50,0,50
"9929","2841台開","110/07/06","台新-新營",0,30,-30
"9930","2841台開","110/07/06","元大-台中",45,0,45
"9931","2841台開","110/07/06","群益金鼎-桃園",0,21,-21
"9932","2841台開","110/07/06","凱基-文心",43,0,43
"9933","2841台開","110/07/06","台中銀-員林",0,20,-20
"9934","2841台開","110/07/06","永豐金-潮州",30,0,30
"9935","2841台開","110/07/06","群益金鼎-延平",0,15,-15
"9936","2841台開","110/07/06","第一金-自由",25,0,25
"9937","2841台開","110/07/06","元大-三重",0,13,-13
"9938","2841台開","110/07/06","美商高盛",17,0,17
"9939","2841台開","110/07/06","元富-古亭",0,10,-10
"9940","2841台開","110/07/06","大昌-安康",39,22,17
"9941","2841台開","110/07/06","群益金鼎-北高雄",0,10,-10
"9942","2841台開","110/07/06","台中銀",15,0,15
"9943","2841台開","110/07/06","華南永昌-南京",0,10,-10
"9944","2841台開","110/07/06","玉山-嘉義",15,0,15
"9945","2841台開","110/07/06","富邦-花蓮",0,10,-10
"9946","2841台開","110/07/06","新光",11,0,11
"9947","2841台開","110/07/06","富邦-高雄",0,10,-10
"9948","2841台開","110/07/06","兆豐-永和",10,0,10
"9949","2841台開","110/07/06","元大-竹山",0,10,-10
"9950","2841台開","110/07/06","康和-內湖",10,0,10
"9951","2841台開","110/07/06","元大-屏東",0,10,-10
"9952","6207雷科","110/07/06","新光",45,4,41
"9953","6207雷科","110/07/06","凱基-高美館",1,104,-103
"9954","6207雷科","110/07/06","統一-基隆",30,0,30
"9955","6207雷科","110/07/06","摩根大通",11,45,-34
"9956","6207雷科","110/07/06","康和-南崁",13,0,13
"9957","6207雷科","110/07/06","群益金鼎-新竹",0,22,-22
"9958","6207雷科","110/07/06","宏遠-台南",10,0,10
"9959","6207雷科","110/07/06","港商野村",2,23,-21
"9960","6207雷科","110/07/06","國票-和平",10,0,10
"9961","6207雷科","110/07/06","凱基-台北",0,14,-14
"9962","6207雷科","110/07/06","永豐金-天母",10,0,10
"9963","6207雷科","110/07/06","台新-三民",0,12,-12
"9964","6207雷科","110/07/06","台新證券",10,1,9
"9965","6207雷科","110/07/06","群益金鼎-開元",1,11,-10
"9966","6207雷科","110/07/06","群益金鼎-士林",8,0,8
"9967","6207雷科","110/07/06","富邦-南屯",0,8,-8
"9968","6207雷科","110/07/06","群益金鼎-瑞豐",7,0,7
"9969","6207雷科","110/07/06","元大-善化",0,8,-8
"9970","6207雷科","110/07/06","元大-四維",7,0,7
"9971","6207雷科","110/07/06","日盛-頭份",0,5,-5
"9972","6207雷科","110/07/06","國票-中和",6,0,6
"9973","6207雷科","110/07/06","第一金-高雄",0,5,-5
"9974","6207雷科","110/07/06","台新-中壢",6,0,6
"9975","6207雷科","110/07/06","凱基-八德",0,5,-5
"9976","6207雷科","110/07/06","凱基-高雄",6,0,6
"9977","6207雷科","110/07/06","凱基-頭份",0,5,-5
"9978","6207雷科","110/07/06","富邦-彰化",6,0,6
"9979","6207雷科","110/07/06","合庫-新竹",0,4,-4
"9980","6207雷科","110/07/06","凱基-大安",5,0,5
"9981","6207雷科","110/07/06","新光-高雄",0,4,-4
"9982","3679新至陞","110/07/06","凱基",11,0,11
"9983","3679新至陞","110/07/06","摩根大通",0,22,-22
"9984","3679新至陞","110/07/06","台中銀-員林",11,1,10
"9985","3679新至陞","110/07/06","凱基-台北",6,21,-15
"9986","3679新至陞","110/07/06","安泰-大發",10,0,10
"9987","3679新至陞","110/07/06","瑞士信貸",0,13,-13
"9988","3679新至陞","110/07/06","香港上海匯豐",8,0,8
"9989","3679新至陞","110/07/06","富邦-苗栗",0,10,-10
"9990","3679新至陞","110/07/06","永豐金證券",8,2,6
"9991","3679新至陞","110/07/06","元大-永春",0,6,-6
"9992","3679新至陞","110/07/06","第一金-高雄",5,0,5
"9993","3679新至陞","110/07/06","凱基-興隆",0,5,-5
"9994","3679新至陞","110/07/06","群益金鼎-高盛",3,0,3
"9995","3679新至陞","110/07/06","國泰-桃園",0,3,-3
"9996","3679新至陞","110/07/06","元大-嘉義",3,0,3
"9997","3679新至陞","110/07/06","元大-萬華",2,5,-3
"9998","3679新至陞","110/07/06","臺銀-高雄",2,0,2
"9999","3679新至陞","110/07/06","美林",0,2,-2
"10000","3679新至陞","110/07/06","日盛-復興",2,0,2
"10001","3679新至陞","110/07/06","第一金-華江",0,2,-2
"10002","3679新至陞","110/07/06","日盛-樹林",4,2,2
"10003","3679新至陞","110/07/06","新光-台中",0,2,-2
"10004","3679新至陞","110/07/06","宏遠-館前",2,0,2
"10005","3679新至陞","110/07/06","華南永昌-民權",0,2,-2
"10006","3679新至陞","110/07/06","台新證券",2,0,2
"10007","3679新至陞","110/07/06","元大-板橋",0,2,-2
"10008","3679新至陞","110/07/06","康和-板橋",2,0,2
"10009","3679新至陞","110/07/06","日盛-板橋中山",0,1,-1
"10010","3679新至陞","110/07/06","群益金鼎-台南",2,0,2
"10011","3679新至陞","110/07/06","宏遠證券",0,1,-1
"10012","2727王品","110/07/06","元大證券",1033,729,304
"10013","2727王品","110/07/06","台灣摩根士丹利",35,184,-149
"10014","2727王品","110/07/06","富邦-台北",332,46,286
"10015","2727王品","110/07/06","元大-北屯",11,79,-68
"10016","2727王品","110/07/06","統一",252,43,209
"10017","2727王品","110/07/06","元富-敦南",4,70,-66
"10018","2727王品","110/07/06","永豐金-松山",147,14,133
"10019","2727王品","110/07/06","元大-基隆孝二",11,75,-64
"10020","2727王品","110/07/06","富邦-嘉義",301,198,103
"10021","2727王品","110/07/06","臺銀-臺南",9,69,-60
"10022","2727王品","110/07/06","新加坡商瑞銀",128,34,94
"10023","2727王品","110/07/06","中國信託-忠孝",5,48,-43
"10024","2727王品","110/07/06","元富-台南",97,6,91
"10025","2727王品","110/07/06","永豐金-市政",5,46,-41
"10026","2727王品","110/07/06","台新證券",169,105,64
"10027","2727王品","110/07/06","彰銀-台中",19,56,-37
"10028","2727王品","110/07/06","美林",115,58,57
"10029","2727王品","110/07/06","玉山證券",30,67,-37
"10030","2727王品","110/07/06","華南永昌",75,23,52
"10031","2727王品","110/07/06","凱基-埔墘",4,41,-37
"10032","2727王品","110/07/06","凱基-台北",445,398,47
"10033","2727王品","110/07/06","永豐金-大園",3,40,-37
"10034","2727王品","110/07/06","凱基-大直",48,7,41
"10035","2727王品","110/07/06","元富",2,37,-35
"10036","2727王品","110/07/06","凱基-林口",45,4,41
"10037","2727王品","110/07/06","富邦-仁愛",32,64,-32
"10038","2727王品","110/07/06","德信",40,1,39
"10039","2727王品","110/07/06","玉山-板橋",52,82,-30
"10040","2727王品","110/07/06","第一金",42,5,37
"10041","2727王品","110/07/06","中國信託-文心",10,39,-29
"10042","1570力肯","110/07/06","香港上海匯豐",47,0,47
"10043","1570力肯","110/07/06","新光",2,107,-105
"10044","1570力肯","110/07/06","元大-高雄",55,16,39
"10045","1570力肯","110/07/06","摩根大通",11,58,-47
"10046","1570力肯","110/07/06","元富-緯城",37,0,37
"10047","1570力肯","110/07/06","高橋",4,50,-46
"10048","1570力肯","110/07/06","台新-台南",16,0,16
"10049","1570力肯","110/07/06","合庫-桃園",0,20,-20
"10050","1570力肯","110/07/06","元大-新竹經國",14,0,14
"10051","1570力肯","110/07/06","永豐金-板盛",0,18,-18
"10052","1570力肯","110/07/06","富邦-左營",12,0,12
"10053","1570力肯","110/07/06","華南永昌-公誠",0,9,-9
"10054","1570力肯","110/07/06","國票-中正",12,2,10
"10055","1570力肯","110/07/06","凱基-台北",1,9,-8
"10056","1570力肯","110/07/06","國票-博愛",10,0,10
"10057","1570力肯","110/07/06","臺銀-臺中",0,6,-6
"10058","1570力肯","110/07/06","統一-敦南",12,5,7
"10059","1570力肯","110/07/06","台新-三民",0,5,-5
"10060","1570力肯","110/07/06","群益金鼎-三重",7,0,7
"10061","1570力肯","110/07/06","華南永昌-麻豆",0,5,-5
"10062","1570力肯","110/07/06","臺銀-臺南",6,0,6
"10063","1570力肯","110/07/06","合庫-台南",0,4,-4
"10064","1570力肯","110/07/06","大慶-蘆洲",6,0,6
"10065","1570力肯","110/07/06","統一-員林",0,4,-4
"10066","1570力肯","110/07/06","元富-新店",6,0,6
"10067","1570力肯","110/07/06","康和-澎湖",0,4,-4
"10068","1570力肯","110/07/06","玉山-雙和",7,1,6
"10069","1570力肯","110/07/06","華南永昌-斗六",0,4,-4
"10070","1570力肯","110/07/06","永豐金-敦南",9,3,6
"10071","1570力肯","110/07/06","元大-和平",0,4,-4
"10072","6180橘子","110/07/06","凱基-台北",72,12,60
"10073","6180橘子","110/07/06","臺銀-金山",5,105,-100
"10074","6180橘子","110/07/06","美林",29,0,29
"10075","6180橘子","110/07/06","元大-台中",0,100,-100
"10076","6180橘子","110/07/06","合庫-自強",21,0,21
"10077","6180橘子","110/07/06","康和-台南",3,50,-47
"10078","6180橘子","110/07/06","凱基-三峽",17,0,17
"10079","6180橘子","110/07/06","元大-中和",0,35,-35
"10080","6180橘子","110/07/06","富邦-虎尾",15,1,14
"10081","6180橘子","110/07/06","中國信託-忠孝",0,16,-16
"10082","6180橘子","110/07/06","元富-潮州",13,0,13
"10083","6180橘子","110/07/06","玉山-高雄",0,12,-12
"10084","6180橘子","110/07/06","中國信託-永康",13,0,13
"10085","6180橘子","110/07/06","港商野村",0,11,-11
"10086","6180橘子","110/07/06","元大-草屯",18,5,13
"10087","6180橘子","110/07/06","群益金鼎-松山",0,11,-11
"10088","6180橘子","110/07/06","臺銀",11,0,11
"10089","6180橘子","110/07/06","永豐金-豐原",0,11,-11
"10090","6180橘子","110/07/06","新光",15,4,11
"10091","6180橘子","110/07/06","元富-嘉義",5,15,-10
"10092","6180橘子","110/07/06","元大-竹東",11,0,11
"10093","6180橘子","110/07/06","玉山-士林",0,10,-10
"10094","6180橘子","110/07/06","宏遠-台中",10,0,10
"10095","6180橘子","110/07/06","凱基-北門",0,10,-10
"10096","6180橘子","110/07/06","第一金-台南",10,0,10
"10097","6180橘子","110/07/06","第一金-忠孝",0,9,-9
"10098","6180橘子","110/07/06","國泰-敦南",10,0,10
"10099","6180橘子","110/07/06","統一-基隆",0,9,-9
"10100","6180橘子","110/07/06","富邦-嘉義",10,0,10
"10101","6180橘子","110/07/06","安泰-大發",1,10,-9
"10102","2390云辰","110/07/06","元大-天母",975,276,699
"10103","2390云辰","110/07/06","台灣摩根士丹利",3,265,-262
"10104","2390云辰","110/07/06","摩根大通",688,312,376
"10105","2390云辰","110/07/06","群益金鼎-海山",3,166,-163
"10106","2390云辰","110/07/06","國泰-忠孝",164,3,161
"10107","2390云辰","110/07/06","國泰-敦南",188,339,-151
"10108","2390云辰","110/07/06","富邦-北港",140,7,133
"10109","2390云辰","110/07/06","元大-土城學府",12,119,-107
"10110","2390云辰","110/07/06","聯邦商銀",151,22,129
"10111","2390云辰","110/07/06","永豐金-高雄",4,103,-99
"10112","2390云辰","110/07/06","中國信託-文心",143,17,126
"10113","2390云辰","110/07/06","土銀-士林",0,94,-94
"10114","2390云辰","110/07/06","永豐金-中正",133,7,126
"10115","2390云辰","110/07/06","元大-佳里",11,91,-80
"10116","2390云辰","110/07/06","群益金鼎-大興",178,76,102
"10117","2390云辰","110/07/06","玉山-台中",10,86,-76
"10118","2390云辰","110/07/06","元富-中港",103,3,100
"10119","2390云辰","110/07/06","新光",251,324,-73
"10120","2390云辰","110/07/06","統一-新台中",104,12,92
"10121","2390云辰","110/07/06","富邦-敦南",29,101,-72
"10122","2390云辰","110/07/06","新加坡商瑞銀",211,120,91
"10123","2390云辰","110/07/06","兆豐-台中",0,58,-58
"10124","2390云辰","110/07/06","兆豐-忠孝",100,11,89
"10125","2390云辰","110/07/06","日盛證券",16,73,-57
"10126","2390云辰","110/07/06","凱基-林口",87,9,78
"10127","2390云辰","110/07/06","元大-東泰",5,61,-56
"10128","2390云辰","110/07/06","元富-西松",72,4,68
"10129","2390云辰","110/07/06","台新證券",136,190,-54
"10130","2390云辰","110/07/06","台新-左楠",66,9,57
"10131","2390云辰","110/07/06","元大-六合",10,63,-53
